5 0.0
6 0.0
7 0.0
8 5.0
9 271.5
10 229.1
11 346.1
12 33.0
13 2.0
14 1.0
15 51.0
16 293.1
17 288.8
18 107.0
19 1.0
20 2.0
21 2.0
22 2.0
23 2.0
24 2.0
25 3.0
26 2.0
27 3.0
28 2.0
29 2.0
30 1.0
31 54.0
32 2.0
33 2.0
34 1.0
35 2.0
36 27.0
37 7.0
38 1.0
39 2.0
40 2.0
41 1.0
42 2.0
43 1.0
44 2.0
45 2.0
46 1.0
47 2.0
48 1.0
49 1.0
50 31.0
51 28.0
52 178.1
53 15.0
54 1.0
55 1.0
56 1.0
57 48.0
58 70.0
59 18.0
60 1.0
61 2.0
62 1.0
63 2.0
64 2.0
65 2.0
66 2.0
67 2.0
68 18.0
69 24.0
70 2.0
71 2.0
72 3.0
73 1.0
74 2.0
75 2.0
76 2.0
77 4.0
78 7.0
79 125.9
80 1.0
81 45.0
82 1.0
83 1.0
84 2.0
85 1.0
86 2.0
87 1.0
88 12.0
89 85.0
90 16.0
91 117.1
92 2.0
93 14.0
94 49.9
95 29.0
96 1.0
97 2.0
98 69.0
99 52.0
100 2.0
101 0.0
102 110.0
103 15.0
104 32.0
105 1.0
106 1.0
107 40.0
108 37.0
109 29.0
110 6.0
111 0.0
112 36.0
113 22.0
114 37.0
115 1.0
116 1.0
117 0.0
118 1.0
119 19.0
120 1.0
121 2.0
122 0.0
123 1.0
124 1.0
125 1.0
126 1.0
127 0.0
128 1.0
129 17.0
130 1.0
131 1.0
132 1.0
133 1.0
134 1.0
135 2.0
136 0.0
137 1.0
138 1.0
139 16.0
140 0.0
141 1.0
142 1.0
143 0.0
144 1.0
145 2.0
146 0.0
147 2.0
148 0.0
149 11.0
150 0.0
151 2.0
152 0.0
153 1.0
154 1.0
155 1.0
156 1.0
157 1.0
158 1.0
159 17.0
160 1.0
161 2.0
162 0.0
163 1.0
164 1.0
165 1.0
166 1.0
167 0.0
168 2.0
169 13.0
170 1.0
171 1.0
172 1.0
173 2.0
174 1.0
175 1.0
176 0.0
177 2.0
178 2.0
179 9.0
180 2.0
181 1.0
182 0.0
183 1.0
184 2.0
185 0.0
186 1.0
187 2.0
188 0.0
189 15.0
190 1.0
191 1.0
192 1.0
193 0.0
194 2.0
195 0.0
196 0.0
197 1.0
198 1.0
199 27.0
200 1.0
201 1.0
202 1.0
203 1.0
204 1.0
205 1.0
206 1.0
207 1.0
208 1.0
209 10.0
210 1.0
211 1.0
212 1.0
213 0.0
214 1.0
215 1.0
216 1.0
217 1.0
218 1.0
219 7.0
220 3.0
221 0.0
222 1.0
223 1.0
224 0.0
225 1.0
226 2.0
227 1.0
228 1.0
229 0.0
230 14.0
231 1.0
232 1.0
233 1.0
234 1.0
235 1.0
236 0.0
237 2.0
238 0.0
239 1.0
240 11.0
241 1.0
242 0.0
243 2.0
244 0.0
245 2.0
246 1.0
247 1.0
248 1.0
249 0.0
250 10.0
251 1.0
252 1.0
253 1.0
254 0.0
255 3.0
256 0.0
257 1.0
258 1.0
259 1.0
260 10.0
261 2.0
262 1.0
263 1.0
264 1.0
265 2.0
266 0.0
267 1.0
268 1.0
269 1.0
270 9.0
271 1.0
272 1.0
273 1.0
274 1.0
275 1.0
276 1.0
277 0.0
278 1.0
279 1.0
280 10.0
281 2.0
282 1.0
283 0.0
284 2.0
285 0.0
286 1.0
287 1.0
288 1.0
289 1.0
290 31.0
291 1.0
292 1.0
293 1.0
294 1.0
295 1.0
296 1.0
297 1.0
298 1.0
299 0.0
300 12.0
301 1.0
302 1.0
303 1.0
304 1.0
305 1.0
306 1.0
307 0.0
308 1.0
309 1.0
310 15.0
311 1.0
312 0.0
313 2.0
314 1.0
315 1.0
316 1.0
317 1.0
318 1.0
319 1.0
320 1.0
321 19.0
322 1.0
323 0.0
324 1.0
325 1.0
326 1.0
327 1.0
328 0.0
329 2.0
330 0.0
331 9.0
332 0.0
333 1.0
334 1.0
335 1.0
336 0.0
337 1.0
338 1.0
339 1.0
340 1.0
341 31.0
342 0.0
343 1.0
344 1.0
345 1.0
346 1.0
347 1.0
348 0.0
349 1.0
350 1.0
351 17.0
352 0.0
353 2.0
354 0.0
355 1.0
356 1.0
357 1.0
358 0.0
359 1.0
360 1.0
361 9.0
362 1.0
363 1.0
364 1.0
365 0.0
366 1.0
367 1.0
368 1.0
369 0.0
370 1.0
371 10.0
372 1.0
373 0.0
374 1.0
375 1.0
376 1.0
377 1.0
378 0.0
379 2.0
380 0.0
381 10.0
382 1.0
383 1.0
384 0.0
385 1.0
386 1.0
387 2.0
388 0.0
389 0.0
390 1.0
391 9.0
392 1.0
393 1.0
394 0.0
395 1.0
396 1.0
397 0.0
398 1.0
399 1.0
400 1.0
401 14.0
402 1.0
403 0.0
404 1.0
405 2.0
406 0.0
407 1.0
408 1.0
409 0.0
410 1.0
411 15.0
412 3.0
413 1.0
414 0.0
415 1.0
416 1.0
417 0.0
418 2.0
419 0.0
420 2.0
421 7.0
422 104.1
423 64.0
424 0.0
425 2.0
426 1.0
427 1.0
428 0.0
429 0.0
430 1.0
431 2.0
432 13.0
433 1.0
434 1.0
435 1.0
436 0.0
437 1.0
438 1.0
439 1.0
440 0.0
441 1.0
442 8.0
443 2.0
444 0.0
445 1.0
446 1.0
447 1.0
448 1.0
449 1.0
450 0.0
451 1.0
452 9.0
453 1.0
454 1.0
455 1.0
456 2.0
457 0.0
458 2.0
459 0.0
460 1.0
461 0.0
462 51.0
463 1.0
464 2.0
465 0.0
466 1.0
467 1.0
468 0.0
469 1.0
470 1.0
471 1.0
472 12.0
473 1.0
474 0.0
475 1.0
476 1.0
477 1.0
478 1.0
479 0.0
480 1.0
481 1.0
482 6.0
483 1.0
484 1.0
485 0.0
486 1.0
487 1.0
488 0.0
489 1.0
490 1.0
491 1.0
492 3.0
493 4.0
494 1.0
495 2.0
496 0.0
497 1.0
498 1.0
499 1.0
500 0.0
501 1.0
502 1.0
503 8.0
504 2.0
505 1.0
506 1.0
507 0.0
508 1.0
509 1.0
510 0.0
511 1.0
512 1.0
513 17.0
514 1.0
515 0.0
516 1.0
517 1.0
518 3.0
519 1.0
520 1.0
521 0.0
522 1.0
523 9.0
524 0.0
525 1.0
526 1.0
527 1.0
528 1.0
529 1.0
530 0.0
531 1.0
532 0.0
533 7.0
534 2.0
535 0.0
536 1.0
537 1.0
538 1.0
539 1.0
540 0.0
541 1.0
542 0.0
543 20.0
544 6.0
545 0.0
546 1.0
547 1.0
548 1.0
549 0.0
550 0.0
551 1.0
552 1.0
553 3.0
554 5.0
555 2.0
556 0.0
557 1.0
558 1.0
559 0.0
560 1.0
561 1.0
562 1.0
563 1.0
564 10.0
565 1.0
566 1.0
567 1.0
568 1.0
569 1.0
570 1.0
571 0.0
572 1.0
573 1.0
574 13.0
575 1.0
576 1.0
577 0.0
578 1.0
579 1.0
580 1.0
581 1.0
582 1.0
583 1.0
584 17.0
585 1.0
586 0.0
587 1.0
588 1.0
589 1.0
590 0.0
591 1.0
592 0.0
593 2.0
594 6.0
595 1.0
596 1.0
597 1.0
598 1.0
599 0.0
600 1.0
601 1.0
602 1.0
603 0.0
604 6.0
605 1.0
606 0.0
607 1.0
608 1.0
609 1.0
610 1.0
611 1.0
612 0.0
613 0.0
614 11.0
615 1.0
616 0.0
617 1.0
618 1.0
619 0.0
620 0.0
621 1.0
622 2.0
623 1.0
624 10.0
625 0.0
626 1.0
627 2.0
628 0.0
629 0.0
630 2.0
631 1.0
632 0.0
633 1.0
634 11.0
635 1.0
636 1.0
637 0.0
638 1.0
639 1.0
640 0.0
641 1.0
642 1.0
643 0.0
644 12.0
645 1.0
646 1.0
647 1.0
648 0.0
649 1.0
650 1.0
651 0.0
652 1.0
653 0.0
654 2.0
655 6.0
656 1.0
657 1.0
658 1.0
659 0.0
660 1.0
661 1.0
662 1.0
663 0.0
664 1.0
665 6.0
666 2.0
667 1.0
668 0.0
669 0.0
670 1.0
671 1.0
672 0.0
673 1.0
674 1.0
675 4.0
676 1.0
677 1.0
678 0.0
679 1.0
680 2.0
681 0.0
682 1.0
683 1.0
684 0.0
685 5.0
686 10.0
687 0.0
688 2.0
689 0.0
690 1.0
691 1.0
692 0.0
693 1.0
694 1.0
695 7.0
696 4.0
697 0.0
698 1.0
699 1.0
700 0.0
701 1.0
702 1.0
703 1.0
704 0.0
705 1.0
706 4.0
707 1.0
708 1.0
709 0.0
710 1.0
711 1.0
712 1.0
713 0.0
714 1.0
715 1.0
716 5.0
717 1.0
718 1.0
719 0.0
720 1.0
721 1.0
722 0.0
723 1.0
724 1.0
725 1.0
726 7.0
727 1.0
728 0.0
729 2.0
730 0.0
731 1.0
732 0.0
733 1.0
734 1.0
735 1.0
736 6.0
737 0.0
738 1.0
739 1.0
740 0.0
741 1.0
742 1.0
743 0.0
744 1.0
745 1.0
746 11.0
747 1.0
748 1.0
749 1.0
750 1.0
751 0.0
752 1.0
753 1.0
754 1.0
755 0.0
756 6.0
757 0.0
758 1.0
759 1.0
760 0.0
761 1.0
762 1.0
763 1.0
764 0.0
765 1.0
766 9.0
767 1.0
768 0.0
769 1.0
770 1.0
771 0.0
772 1.0
773 0.0
774 2.0
775 0.0
776 6.0
777 2.0
778 0.0
779 1.0
780 1.0
781 1.0
782 0.0
783 1.0
784 1.0
785 0.0
786 4.0
787 2.0
788 1.0
789 0.0
790 1.0
791 1.0
792 0.0
793 1.0
794 1.0
795 0.0
796 2.0
797 16.0
798 1.0
799 1.0
800 0.0
801 1.0
802 2.0
803 0.0
804 1.0
805 1.0
806 1.0
807 4.0
808 1.0
809 0.0
810 1.0
811 1.0
812 0.0
813 2.0
814 1.0
815 0.0
816 1.0
817 8.0
818 1.0
819 1.0
820 0.0
821 0.0
822 1.0
823 2.0
824 0.0
825 1.0
826 1.0
827 5.0
828 0.0
829 1.0
830 1.0
831 1.0
832 1.0
833 0.0
834 0.0
835 1.0
836 1.0
837 5.0
838 2.0
839 1.0
840 1.0
841 1.0
842 0.0
843 0.0
844 0.0
845 2.0
846 1.0
847 7.0
848 2.0
849 0.0
850 1.0
851 1.0
852 1.0
853 1.0
854 1.0
855 1.0
856 0.0
857 5.0
858 2.0
859 1.0
860 0.0
861 1.0
862 1.0
863 0.0
864 1.0
865 1.0
866 1.0
867 4.0
868 3.0
869 1.0
870 0.0
871 1.0
872 1.0
873 1.0
874 1.0
875 1.0
876 0.0
877 2.0
878 4.0
879 1.0
880 1.0
881 1.0
882 0.0
883 1.0
884 0.0
885 1.0
886 1.0
887 0.0
888 5.0
889 1.0
890 0.0
891 1.0
892 1.0
893 1.0
894 1.0
895 0.0
896 1.0
897 0.0
898 12.0
899 0.0
900 1.0
901 2.0
902 0.0
903 0.0
904 1.0
905 1.0
906 0.0
907 2.0
908 5.0
909 0.0
910 1.0
911 1.0
912 1.0
913 1.0
914 1.0
915 0.0
916 1.0
917 1.0
918 8.0
919 0.0
920 1.0
921 0.0
922 1.0
923 1.0
924 1.0
925 1.0
926 1.0
927 0.0
928 6.0
929 1.0
930 0.0
931 0.0
932 1.0
933 1.0
934 1.0
935 0.0
936 2.0
937 0.0
938 5.0
939 1.0
940 1.0
941 1.0
942 0.0
943 1.0
944 1.0
945 1.0
946 1.0
947 0.0
948 4.0
949 90.0
950 1.0
951 1.0
952 1.0
953 0.0
954 2.0
955 0.0
956 1.0
957 1.0
958 0.0
959 5.0
960 2.0
961 0.0
962 0.0
963 2.0
964 0.0
965 1.0
966 1.0
967 1.0
968 0.0
969 6.0
970 2.0
971 0.0
972 1.0
973 1.0
974 0.0
975 2.0
976 1.0
977 0.0
978 1.0
979 7.0
980 1.0
981 0.0
982 2.0
983 1.0
984 0.0
985 1.0
986 0.0
987 1.0
988 1.0
989 5.0
990 1.0
991 1.0
992 1.0
993 1.0
994 0.0
995 0.0
996 1.0
997 1.0
998 0.0
999 6.0
1000 0.0
1001 1.0
1002 1.0
1003 0.0
1004 2.0
1005 0.0
1006 1.0
1007 1.0
1008 1.0
1009 14.0
1010 1.0
1011 1.0
1012 1.0
1013 0.0
1014 0.0
1015 1.0
1016 1.0
1017 1.0
1018 1.0
1019 5.0
1020 1.0
1021 1.0
1022 0.0
1023 1.0
1024 1.0
1025 1.0
1026 1.0
1027 0.0
1028 1.0
1029 5.0
1030 1.0
1031 0.0
1032 1.0
1033 1.0
1034 0.0
1035 1.0
1036 0.0
1037 1.0
1038 1.0
1039 4.0
1040 3.0
1041 0.0
1042 1.0
1043 0.0
1044 1.0
1045 1.0
1046 1.0
1047 0.0
1048 2.0
1049 1.0
1050 5.0
1051 1.0
1052 0.0
1053 1.0
1054 0.0
1055 2.0
1056 0.0
1057 1.0
1058 1.0
1059 0.0
1060 14.0
1061 0.0
1062 1.0
1063 1.0
1064 1.0
1065 1.0
1066 0.0
1067 1.0
1068 0.0
1069 2.0
1070 14.0
1071 0.0
1072 1.0
1073 1.0
1074 0.0
1075 1.0
1076 1.0
1077 1.0
1078 1.0
1079 0.0
1080 5.0
1081 1.0
1082 1.0
1083 0.0
1084 1.0
1085 0.0
1086 1.0
1087 1.0
1088 1.0
1089 1.0
1090 5.0
1091 1.0
1092 0.0
1093 1.0
1094 1.0
1095 1.0
1096 0.0
1097 1.0
1098 0.0
1099 1.0
1100 11.0
1101 1.0
1102 1.0
1103 0.0
1104 0.0
1105 1.0
1106 1.0
1107 1.0
1108 0.0
1109 1.0
1110 11.0
1111 3.0
1112 0.0
1113 1.0
1114 0.0
1115 1.0
1116 1.0
1117 1.0
1118 0.0
1119 1.0
1120 1.0
1121 14.0
1122 1.0
1123 0.0
1124 1.0
1125 1.0
1126 0.0
1127 2.0
1128 1.0
1129 0.0
1130 1.0
1131 9.0
1132 1.0
1133 1.0
1134 1.0
1135 1.0
1136 0.0
1137 1.0
1138 0.0
1139 1.0
1140 1.0
1141 13.0
1142 0.0
1143 0.0
1144 2.0
1145 1.0
1146 0.0
1147 1.0
1148 0.0
1149 1.0
1150 1.0
1151 4.0
1152 2.0
1153 1.0
1154 1.0
1155 1.0
1156 1.0
1157 0.0
1158 0.0
1159 1.0
1160 1.0
1161 1.0
1162 6.0
1163 0.0
1164 1.0
1165 1.0
1166 0.0
1167 1.0
1168 0.0
1169 2.0
1170 0.0
1171 1.0
1172 4.0
1173 2.0
1174 0.0
1175 1.0
1176 1.0
1177 0.0
1178 1.0
1179 0.0
1180 1.0
1181 1.0
1182 13.0
1183 0.0
1184 1.0
1185 1.0
1186 1.0
1187 1.0
1188 0.0
1189 1.0
1190 1.0
1191 1.0
1192 6.0
1193 0.0
1194 1.0
1195 1.0
1196 1.0
1197 1.0
1198 0.0
1199 1.0
1200 1.0
1201 0.0
1202 7.0
1203 1.0
1204 0.0
1205 1.0
1206 1.0
1207 1.0
1208 1.0
1209 0.0
1210 1.0
1211 1.0
1212 5.0
1213 2.0
1214 1.0
1215 1.0
1216 0.0
1217 1.0
1218 1.0
1219 0.0
1220 1.0
1221 1.0
1222 13.0
1223 0.0
1224 1.0
1225 1.0
1226 1.0
1227 1.0
1228 0.0
1229 2.0
1230 1.0
1231 1.0
1232 6.0
1233 1.0
1234 1.0
1235 0.0
1236 1.0
1237 1.0
1238 0.0
1239 1.0
1240 1.0
1241 0.0
1242 7.0
1243 1.0
1244 1.0
1245 0.0
1246 1.0
1247 0.0
1248 1.0
1249 0.0
1250 1.0
1251 2.0
1252 4.0
1253 1.0
1254 0.0
1255 2.0
1256 0.0
1257 1.0
1258 1.0
1259 0.0
1260 1.0
1261 0.0
1262 8.0
1263 0.0
1264 1.0
1265 1.0
1266 1.0
1267 1.0
1268 1.0
1269 0.0
1270 1.0
1271 0.0
1272 9.0
1273 2.0
1274 0.0
1275 1.0
1276 1.0
1277 1.0
1278 0.0
1279 1.0
1280 1.0
1281 0.0
1282 6.0
1283 1.0
1284 2.0
1285 1.0
1286 1.0
1287 0.0
1288 1.0
1289 1.0
1290 0.0
1291 1.0
1292 4.0
1293 11.0
1294 1.0
1295 1.0
1296 0.0
1297 1.0
1298 1.0
1299 1.0
1300 0.0
1301 1.0
1302 1.0
1303 15.0
1304 0.0
1305 2.0
1306 0.0
1307 0.0
1308 1.0
1309 1.0
1310 1.0
1311 1.0
1312 0.0
1313 9.0
1314 1.0
1315 1.0
1316 1.0
1317 1.0
1318 1.0
1319 1.0
1320 1.0
1321 0.0
1322 0.0
1323 6.0
1324 1.0
1325 0.0
1326 2.0
1327 0.0
1328 1.0
1329 1.0
1330 0.0
1331 2.0
1332 1.0
1333 7.0
1334 1.0
1335 1.0
1336 0.0
1337 1.0
1338 1.0
1339 1.0
1340 1.0
1341 1.0
1342 0.0
1343 7.0
1344 1.0
1345 0.0
1346 2.0
1347 1.0
1348 0.0
1349 1.0
1350 1.0
1351 1.0
1352 0.0
1353 14.0
1354 0.0
1355 0.0
1356 2.0
1357 1.0
1358 0.0
1359 1.0
1360 0.0
1361 1.0
1362 1.0
1363 15.0
1364 1.0
1365 1.0
1366 0.0
1367 1.0
1368 1.0
1369 1.0
1370 1.0
1371 0.0
1372 1.0
1373 16.0
1374 1.0
1375 1.0
1376 1.0
1377 1.0
1378 1.0
1379 0.0
1380 1.0
1381 0.0
1382 1.0
1383 4.0
1384 2.0
1385 0.0
1386 1.0
1387 1.0
1388 1.0
1389 0.0
1390 1.0
1391 1.0
1392 0.0
1393 7.0
1394 13.0
1395 1.0
1396 0.0
1397 1.0
1398 1.0
1399 1.0
1400 0.0
1401 1.0
1402 0.0
1403 13.0
1404 2.0
1405 0.0
1406 1.0
1407 1.0
1408 0.0
1409 1.0
1410 1.0
1411 1.0
1412 0.0
1413 1.0
1414 6.0
1415 0.0
1416 0.0
1417 2.0
1418 1.0
1419 0.0
1420 1.0
1421 1.0
1422 0.0
1423 1.0
1424 5.0
1425 1.0
1426 0.0
1427 1.0
1428 1.0
1429 1.0
1430 0.0
1431 1.0
1432 1.0
1433 1.0
1434 6.0
1435 0.0
1436 1.0
1437 1.0
1438 0.0
1439 1.0
1440 1.0
1441 0.0
1442 1.0
1443 1.0
1444 40.0
1445 0.0
1446 1.0
1447 1.0
1448 1.0
1449 0.0
1450 1.0
1451 1.0
1452 1.0
1453 1.0
1454 4.0
1455 1.0
1456 0.0
1457 1.0
1458 1.0
1459 1.0
1460 1.0
1461 1.0
1462 0.0
1463 1.0
1464 4.0
1465 1.0
1466 0.0
1467 2.0
1468 0.0
1469 1.0
1470 1.0
1471 0.0
1472 0.0
1473 1.0
1474 5.0
1475 1.0
1476 1.0
1477 0.0
1478 1.0
1479 0.0
1480 1.0
1481 1.0
1482 0.0
1483 1.0
1484 7.0
1485 0.0
1486 2.0
1487 0.0
1488 1.0
1489 0.0
1490 1.0
1491 1.0
1492 0.0
1493 1.0
1494 7.0
1495 0.0
1496 1.0
1497 0.0
1498 1.0
1499 0.0
1500 1.0
1501 1.0
1502 0.0
1503 2.0
1504 5.0
1505 0.0
1506 0.0
1507 1.0
1508 1.0
1509 1.0
1510 1.0
1511 0.0
1512 1.0
1513 0.0
1514 5.0
1515 1.0
1516 1.0
1517 1.0
1518 0.0
1519 1.0
1520 1.0
1521 1.0
1522 1.0
1523 0.0
1524 4.0
1525 2.0
1526 0.0
1527 2.0
1528 0.0
1529 1.0
1530 0.0
1531 1.0
1532 1.0
1533 1.0
1534 1.0
1535 4.0
1536 1.0
1537 1.0
1538 0.0
1539 1.0
1540 1.0
1541 0.0
1542 1.0
1543 1.0
1544 0.0
1545 10.0
1546 0.0
1547 1.0
1548 0.0
1549 1.0
1550 1.0
1551 1.0
1552 1.0
1553 0.0
1554 0.0
1555 5.0
1556 1.0
1557 1.0
1558 0.0
1559 1.0
1560 0.0
1561 1.0
1562 1.0
1563 1.0
1564 1.0
1565 5.0
1566 1.0
1567 0.0
1568 1.0
1569 1.0
1570 1.0
1571 0.0
1572 1.0
1573 1.0
1574 1.0
1575 8.0
1576 1.0
1577 1.0
1578 0.0
1579 1.0
1580 1.0
1581 0.0
1582 2.0
1583 1.0
1584 1.0
1585 5.0
1586 1.0
1587 0.0
1588 1.0
1589 1.0
1590 1.0
1591 1.0
1592 1.0
1593 0.0
1594 0.0
1595 5.0
1596 1.0
1597 1.0
1598 0.0
1599 1.0
1600 1.0
1601 1.0
1602 0.0
1603 1.0
1604 1.0
1605 6.0
1606 0.0
1607 0.0
1608 1.0
1609 2.0
1610 0.0
1611 1.0
1612 1.0
1613 0.0
1614 1.0
1615 1.0
1616 6.0
1617 0.0
1618 1.0
1619 1.0
1620 1.0
1621 0.0
1622 0.0
1623 1.0
1624 2.0
1625 0.0
1626 77.0
1627 2.0
1628 0.0
1629 1.0
1630 1.0
1631 0.0
1632 1.0
1633 1.0
1634 1.0
1635 1.0
1636 7.0
1637 0.0
1638 1.0
1639 1.0
1640 1.0
1641 0.0
1642 1.0
1643 1.0
1644 0.0
1645 1.0
1646 5.0
1647 0.0
1648 1.0
1649 1.0
1650 1.0
1651 1.0
1652 0.0
1653 1.0
1654 1.0
1655 1.0
1656 8.0
1657 1.0
1658 1.0
1659 1.0
1660 0.0
1661 0.0
1662 1.0
1663 1.0
1664 1.0
1665 0.0
1666 4.0
1667 1.0
1668 1.0
1669 1.0
1670 1.0
1671 1.0
1672 0.0
1673 1.0
1674 1.0
1675 1.0
1676 4.0
1677 1.0
1678 1.0
1679 0.0
1680 0.0
1681 2.0
1682 1.0
1683 0.0
1684 0.0
1685 1.0
1686 5.0
1687 0.0
1688 1.0
1689 1.0
1690 0.0
1691 1.0
1692 1.0
1693 0.0
1694 1.0
1695 1.0
1696 17.0
1697 3.0
1698 1.0
1699 1.0
1700 0.0
1701 1.0
1702 1.0
1703 0.0
1704 1.0
1705 0.0
1706 4.0
1707 3.0
1708 1.0
1709 1.0
1710 0.0
1711 1.0
1712 1.0
1713 0.0
1714 1.0
1715 0.0
1716 1.0
1717 4.0
1718 1.0
1719 1.0
1720 1.0
1721 0.0
1722 1.0
1723 1.0
1724 0.0
1725 1.0
1726 1.0
1727 5.0
1728 0.0
1729 1.0
1730 0.0
1731 1.0
1732 0.0
1733 1.0
1734 1.0
1735 1.0
1736 1.0
1737 4.0
1738 1.0
1739 0.0
1740 1.0
1741 1.0
1742 1.0
1743 0.0
1744 1.0
1745 1.0
1746 0.0
1747 7.0
1748 1.0
1749 1.0
1750 1.0
1751 0.0
1752 1.0
1753 1.0
1754 0.0
1755 0.0
1756 1.0
1757 5.0
1758 1.0
1759 0.0
1760 1.0
1761 1.0
1762 1.0
1763 1.0
1764 0.0
1765 1.0
1766 1.0
1767 12.0
1768 1.0
1769 0.0
1770 0.0
1771 2.0
1772 1.0
1773 0.0
1774 1.0
1775 1.0
1776 1.0
1777 4.0
1778 1.0
1779 0.0
1780 1.0
1781 1.0
1782 1.0
1783 0.0
1784 0.0
1785 1.0
1786 1.0
1787 4.0
1788 1.0
1789 1.0
1790 0.0
1791 1.0
1792 1.0
1793 0.0
1794 1.0
1795 1.0
1796 1.0
1797 4.0
1798 0.0
1799 1.0
1800 1.0
1801 1.0
1802 1.0
1803 0.0
1804 0.0
1805 1.0
1806 1.0
1807 5.0
1808 0.0
1809 1.0
1810 0.0
1811 1.0
1812 1.0
1813 1.0
1814 1.0
1815 1.0
1816 0.0
1817 13.0
1818 1.0
1819 0.0
1820 2.0
1821 0.0
1822 1.0
1823 0.0
1824 1.0
1825 1.0
1826 0.0
1827 7.0
1828 1.0
1829 0.0
1830 1.0
1831 1.0
1832 1.0
1833 0.0
1834 0.0
1835 1.0
1836 1.0
1837 8.0
1838 1.0
1839 1.0
1840 1.0
1841 0.0
1842 1.0
1843 0.0
1844 1.0
1845 1.0
1846 0.0
1847 10.0
1848 1.0
1849 1.0
1850 0.0
1851 1.0
1852 0.0
1853 1.0
1854 0.0
1855 1.0
1856 1.0
1857 11.0
1858 29.0
1859 1.0
1860 1.0
1861 0.0
1862 1.0
1863 1.0
1864 1.0
1865 1.0
1866 0.0
1867 4.0
1868 2.0
1869 1.0
1870 1.0
1871 0.0
1872 1.0
1873 1.0
1874 1.0
1875 1.0
1876 1.0
1877 1.0
1878 3.0
1879 1.0
1880 1.0
1881 1.0
1882 0.0
1883 1.0
1884 1.0
1885 1.0
1886 0.0
1887 2.0
1888 4.0
1889 1.0
1890 1.0
1891 0.0
1892 1.0
1893 1.0
1894 0.0
1895 2.0
1896 0.0
1897 1.0
1898 15.0
1899 1.0
1900 1.0
1901 1.0
1902 0.0
1903 0.0
1904 1.0
1905 1.0
1906 0.0
1907 1.0
1908 5.0
1909 2.0
1910 0.0
1911 1.0
1912 1.0
1913 0.0
1914 1.0
1915 1.0
1916 0.0
1917 0.0
1918 5.0
1919 1.0
1920 0.0
1921 2.0
1922 0.0
1923 1.0
1924 0.0
1925 1.0
1926 1.0
1927 1.0
1928 6.0
1929 1.0
1930 1.0
1931 1.0
1932 1.0
1933 1.0
1934 0.0
1935 1.0
1936 1.0
1937 1.0
1938 1.0
1939 4.0
1940 1.0
1941 1.0
1942 0.0
1943 1.0
1944 0.0
1945 1.0
1946 1.0
1947 1.0
1948 0.0
1949 5.0
1950 0.0
1951 2.0
1952 1.0
1953 0.0
1954 1.0
1955 1.0
1956 1.0
1957 0.0
1958 1.0
1959 5.0
1960 0.0
1961 2.0
1962 0.0
1963 1.0
1964 1.0
1965 0.0
1966 1.0
1967 0.0
1968 1.0
1969 5.0
1970 0.0
1971 1.0
1972 1.0
1973 1.0
1974 0.0
1975 1.0
1976 1.0
1977 0.0
1978 1.0
1979 5.0
1980 1.0
1981 0.0
1982 1.0
1983 1.0
1984 0.0
1985 1.0
1986 1.0
1987 0.0
1988 2.0
1989 3.0
1990 1.0
1991 2.0
1992 0.0
1993 1.0
1994 1.0
1995 1.0
1996 0.0
1997 1.0
1998 0.0
1999 4.0
2000 2.0
2001 0.0
2002 1.0
2003 1.0
2004 1.0
2005 1.0
2006 0.0
2007 1.0
2008 1.0
2009 4.0
2010 1.0
2011 0.0
2012 1.0
2013 1.0
2014 0.0
2015 1.0
2016 1.0
2017 1.0
2018 1.0
2019 2.0
2020 3.0
2021 0.0
2022 2.0
2023 0.0
2024 0.0
2025 1.0
2026 1.0
2027 0.0
2028 2.0
2029 1.0
2030 7.0
2031 1.0
2032 0.0
2033 0.0
2034 1.0
2035 1.0
2036 1.0
2037 1.0
2038 0.0
2039 1.0
2040 11.0
2041 1.0
2042 0.0
2043 1.0
2044 1.0
2045 1.0
2046 1.0
2047 0.0
2048 0.0
2049 1.0
2050 6.0
2051 1.0
2052 0.0
2053 1.0
2054 0.0
2055 1.0
2056 1.0
2057 0.0
2058 1.0
2059 1.0
2060 5.0
2061 1.0
2062 0.0
2063 1.0
2064 1.0
2065 1.0
2066 0.0
2067 1.0
2068 1.0
2069 1.0
2070 4.0
2071 0.0
2072 1.0
2073 1.0
2074 1.0
2075 1.0
2076 1.0
2077 0.0
2078 1.0
2079 1.0
2080 4.0
2081 1.0
2082 1.0
2083 0.0
2084 1.0
2085 1.0
2086 1.0
2087 1.0
2088 0.0
2089 1.0
2090 7.0
2091 1.0
2092 1.0
2093 1.0
2094 0.0
2095 1.0
2096 1.0
2097 1.0
2098 1.0
2099 0.0
2100 6.0
2101 1.0
2102 1.0
2103 1.0
2104 0.0
2105 1.0
2106 1.0
2107 0.0
2108 1.0
2109 1.0
2110 3.0
2111 2.0
2112 0.0
2113 1.0
2114 1.0
2115 1.0
2116 1.0
2117 1.0
2118 0.0
2119 1.0
2120 1.0
2121 4.0
2122 1.0
2123 1.0
2124 0.0
2125 1.0
2126 1.0
2127 1.0
2128 0.0
2129 2.0
2130 0.0
2131 5.0
2132 0.0
2133 1.0
2134 0.0
2135 1.0
2136 1.0
2137 0.0
2138 1.0
2139 1.0
2140 0.0
2141 5.0
2142 1.0
2143 0.0
2144 0.0
2145 1.0
2146 1.0
2147 0.0
2148 1.0
2149 1.0
2150 1.0
2151 6.0
2152 1.0
2153 0.0
2154 1.0
2155 0.0
2156 1.0
2157 1.0
2158 1.0
2159 0.0
2160 1.0
2161 5.0
2162 0.0
2163 1.0
2164 1.0
2165 0.0
2166 1.0
2167 1.0
2168 0.0
2169 1.0
2170 0.0
2171 5.0
2172 1.0
2173 1.0
2174 0.0
2175 1.0
2176 1.0
2177 0.0
2178 1.0
2179 1.0
2180 1.0
2181 4.0
2182 1.0
2183 0.0
2184 1.0
2185 1.0
2186 1.0
2187 1.0
2188 0.0
2189 1.0
2190 1.0
2191 31.0
2192 1.0
2193 1.0
2194 1.0
2195 0.0
2196 1.0
2197 1.0
2198 1.0
2199 0.0
2200 1.0
2201 8.0
2202 1.0
2203 1.0
2204 0.0
2205 1.0
2206 0.0
2207 2.0
2208 0.0
2209 1.0
2210 1.0
2211 4.0
2212 1.0
2213 0.0
2214 1.0
2215 1.0
2216 1.0
2217 1.0
2218 0.0
2219 1.0
2220 1.0
2221 4.0
2222 1.0
2223 1.0
2224 1.0
2225 0.0
2226 1.0
2227 0.0
2228 2.0
2229 1.0
2230 0.0
2231 9.0
2232 4.0
2233 0.0
2234 2.0
2235 0.0
2236 0.0
2237 1.0
2238 1.0
2239 1.0
2240 0.0
2241 2.0
2242 6.0
2243 1.0
2244 0.0
2245 1.0
2246 1.0
2247 1.0
2248 0.0
2249 1.0
2250 1.0
2251 1.0
2252 4.0
2253 2.0
2254 0.0
2255 2.0
2256 0.0
2257 1.0
2258 0.0
2259 1.0
2260 0.0
2261 2.0
2262 3.0
2263 1.0
2264 1.0
2265 1.0
2266 1.0
2267 0.0
2268 2.0
2269 0.0
2270 1.0
2271 1.0
2272 4.0
2273 1.0
2274 1.0
2275 0.0
2276 1.0
2277 1.0
2278 1.0
2279 0.0
2280 1.0
2281 1.0
2282 5.0
2283 1.0
2284 0.0
2285 2.0
2286 0.0
2287 1.0
2288 1.0
2289 1.0
2290 0.0
2291 1.0
2292 6.0
2293 0.0
2294 1.0
2295 1.0
2296 0.0
2297 1.0
2298 1.0
2299 0.0
2300 1.0
2301 1.0
2302 5.0
2303 0.0
2304 1.0
2305 1.0
2306 0.0
2307 0.0
2308 2.0
2309 1.0
2310 0.0
2311 0.0
2312 6.0
2313 1.0
2314 0.0
2315 1.0
2316 0.0
2317 1.0
2318 1.0
2319 0.0
2320 0.0
2321 1.0
2322 35.0
2323 1.0
2324 1.0
2325 2.0
2326 0.0
2327 1.0
2328 1.0
2329 0.0
2330 1.0
2331 0.0
2332 4.0
2333 1.0
2334 1.0
2335 1.0
2336 2.0
2337 1.0
2338 0.0
2339 1.0
2340 1.0
2341 0.0
2342 5.0
2343 2.0
2344 0.0
2345 1.0
2346 1.0
2347 1.0
2348 1.0
2349 1.0
2350 0.0
2351 0.0
2352 3.0
2353 2.0
2354 2.0
2355 1.0
2356 0.0
2357 1.0
2358 1.0
2359 0.0
2360 0.0
2361 1.0
2362 1.0
2363 5.0
2364 0.0
2365 1.0
2366 1.0
2367 0.0
2368 0.0
2369 2.0
2370 0.0
2371 1.0
2372 0.0
2373 14.0
2374 2.0
2375 0.0
2376 1.0
2377 1.0
2378 1.0
2379 0.0
2380 1.0
2381 0.0
2382 1.0
2383 5.0
2384 1.0
2385 1.0
2386 1.0
2387 1.0
2388 0.0
2389 1.0
2390 1.0
2391 0.0
2392 1.0
2393 7.0
2394 1.0
2395 1.0
2396 1.0
2397 1.0
2398 1.0
2399 0.0
2400 0.0
2401 1.0
2402 1.0
2403 4.0
2404 1.0
2405 1.0
2406 1.0
2407 1.0
2408 0.0
2409 1.0
2410 1.0
2411 1.0
2412 1.0
2413 4.0
2414 1.0
2415 1.0
2416 0.0
2417 1.0
2418 1.0
2419 0.0
2420 1.0
2421 1.0
2422 0.0
2423 5.0
2424 1.0
2425 1.0
2426 0.0
2427 0.0
2428 1.0
2429 1.0
2430 1.0
2431 0.0
2432 1.0
2433 14.0
2434 1.0
2435 1.0
2436 0.0
2437 1.0
2438 1.0
2439 0.0
2440 1.0
2441 1.0
2442 1.0
2443 2.0
2444 12.0
2445 2.0
2446 0.0
2447 1.0
2448 1.0
2449 1.0
2450 0.0
2451 1.0
2452 1.0
2453 0.0
2454 77.0
2455 1.0
2456 1.0
2457 0.0
2458 1.0
2459 0.0
2460 1.0
2461 1.0
2462 1.0
2463 0.0
2464 5.0
2465 1.0
2466 1.0
2467 1.0
2468 0.0
2469 2.0
2470 0.0
2471 0.0
2472 1.0
2473 1.0
2474 5.0
2475 1.0
2476 0.0
2477 1.0
2478 1.0
2479 0.0
2480 1.0
2481 1.0
2482 1.0
2483 0.0
2484 6.0
2485 2.0
2486 0.0
2487 1.0
2488 1.0
2489 0.0
2490 1.0
2491 1.0
2492 0.0
2493 1.0
2494 3.0
2495 1.0
2496 0.0
2497 1.0
2498 1.0
2499 0.0
2500 2.0
2501 1.0
2502 0.0
2503 0.0
2504 5.0
2505 1.0
2506 1.0
2507 0.0
2508 1.0
2509 0.0
2510 1.0
2511 1.0
2512 1.0
2513 1.0
2514 4.0
2515 1.0
2516 0.0
2517 1.0
2518 1.0
2519 0.0
2520 1.0
2521 1.0
2522 1.0
2523 0.0
2524 5.0
2525 1.0
2526 1.0
2527 0.0
2528 1.0
2529 1.0
2530 1.0
2531 1.0
2532 0.0
2533 1.0
2534 4.0
2535 0.0
2536 1.0
2537 2.0
2538 0.0
2539 1.0
2540 1.0
2541 0.0
2542 1.0
2543 1.0
2544 3.0
2545 2.0
2546 1.0
2547 1.0
2548 0.0
2549 1.0
2550 1.0
2551 0.0
2552 1.0
2553 1.0
2554 3.0
2555 2.0
2556 1.0
2557 1.0
2558 0.0
2559 0.0
2560 1.0
2561 1.0
2562 0.0
2563 2.0
2564 1.0
2565 6.0
2566 0.0
2567 1.0
2568 1.0
2569 0.0
2570 1.0
2571 0.0
2572 1.0
2573 1.0
2574 0.0
2575 6.0
2576 0.0
2577 1.0
2578 1.0
2579 1.0
2580 0.0
2581 1.0
2582 1.0
2583 0.0
2584 2.0
2585 4.0
2586 1.0
2587 0.0
2588 1.0
2589 0.0
2590 1.0
2591 1.0
2592 1.0
2593 1.0
2594 0.0
2595 4.0
2596 0.0
2597 2.0
2598 0.0
2599 1.0
2600 1.0
2601 0.0
2602 1.0
2603 1.0
2604 1.0
2605 3.0
2606 2.0
2607 0.0
2608 1.0
2609 1.0
2610 0.0
2611 0.0
2612 1.0
2613 1.0
2614 1.0
2615 6.0
2616 0.0
2617 1.0
2618 0.0
2619 1.0
2620 0.0
2621 1.0
2622 1.0
2623 1.0
2624 0.0
2625 5.0
2626 1.0
2627 0.0
2628 1.0
2629 0.0
2630 1.0
2631 2.0
2632 0.0
2633 0.0
2634 1.0
2635 6.0
2636 1.0
2637 1.0
2638 0.0
2639 1.0
2640 1.0
2641 1.0
2642 0.0
2643 1.0
2644 1.0
2645 4.0
2646 1.0
2647 1.0
2648 1.0
2649 0.0
2650 1.0
2651 1.0
2652 0.0
2653 1.0
2654 0.0
2655 6.0
2656 1.0
2657 1.0
2658 0.0
2659 1.0
2660 1.0
2661 0.0
2662 1.0
2663 1.0
2664 1.0
2665 4.0
2666 1.0
2667 1.0
2668 1.0
2669 1.0
2670 0.0
2671 1.0
2672 0.0
2673 1.0
2674 0.0
2675 2.0
2676 4.0
2677 1.0
2678 1.0
2679 0.0
2680 1.0
2681 1.0
2682 0.0
2683 1.0
2684 1.0
2685 0.0
2686 5.0
2687 1.0
2688 0.0
2689 1.0
2690 1.0
2691 0.0
2692 0.0
2693 2.0
2694 0.0
2695 1.0
2696 5.0
2697 1.0
2698 0.0
2699 1.0
2700 0.0
2701 1.0
2702 1.0
2703 1.0
2704 0.0
2705 1.0
2706 5.0
2707 1.0
2708 0.0
2709 0.0
2710 1.0
2711 1.0
2712 1.0
2713 1.0
2714 0.0
2715 1.0
2716 4.0
2717 1.0
2718 1.0
2719 1.0
2720 0.0
2721 1.0
2722 1.0
2723 0.0
2724 0.0
2725 1.0
2726 5.0
2727 1.0
2728 0.0
2729 1.0
2730 1.0
2731 0.0
2732 1.0
2733 0.0
2734 1.0
2735 1.0
2736 4.0
2737 1.0
2738 0.0
2739 1.0
2740 1.0
2741 1.0
2742 0.0
2743 2.0
2744 0.0
2745 0.0
2746 6.0
2747 1.0
2748 0.0
2749 0.0
2750 1.0
2751 1.0
2752 1.0
2753 1.0
2754 1.0
2755 0.0
2756 5.0
2757 0.0
2758 1.0
2759 1.0
2760 1.0
2761 1.0
2762 0.0
2763 0.0
2764 1.0
2765 1.0
2766 5.0
2767 1.0
2768 0.0
2769 2.0
2770 0.0
2771 0.0
2772 1.0
2773 1.0
2774 0.0
2775 1.0
2776 5.0
2777 1.0
2778 0.0
2779 1.0
2780 0.0
2781 2.0
2782 0.0
2783 1.0
2784 1.0
2785 0.0
2786 5.0
2787 1.0
2788 1.0
2789 0.0
2790 1.0
2791 1.0
2792 0.0
2793 1.0
2794 1.0
2795 1.0
2796 4.0
2797 1.0
2798 0.0
2799 1.0
2800 0.0
2801 1.0
2802 2.0
2803 0.0
2804 0.0
2805 1.0
2806 2.0
2807 3.0
2808 1.0
2809 1.0
2810 1.0
2811 0.0
2812 1.0
2813 2.0
2814 0.0
2815 1.0
2816 0.0
2817 7.0
2818 0.0
2819 1.0
2820 1.0
2821 1.0
2822 0.0
2823 2.0
2824 0.0
2825 1.0
2826 0.0
2827 4.0
2828 1.0
2829 0.0
2830 2.0
2831 0.0
2832 0.0
2833 1.0
2834 2.0
2835 0.0
2836 0.0
2837 5.0
2838 1.0
2839 0.0
2840 1.0
2841 1.0
2842 1.0
2843 1.0
2844 1.0
2845 0.0
2846 1.0
2847 4.0
2848 0.0
2849 1.0
2850 0.0
2851 1.0
2852 1.0
2853 0.0
2854 1.0
2855 1.0
2856 1.0
2857 5.0
2858 1.0
2859 0.0
2860 1.0
2861 1.0
2862 1.0
2863 1.0
2864 0.0
2865 1.0
2866 0.0
2867 6.0
2868 0.0
2869 1.0
2870 1.0
2871 1.0
2872 0.0
2873 1.0
2874 1.0
2875 0.0
2876 1.0
2877 6.0
2878 1.0
2879 0.0
2880 1.0
2881 1.0
2882 0.0
2883 1.0
2884 1.0
2885 0.0
2886 1.0
2887 7.0
2888 1.0
2889 1.0
2890 0.0
2891 0.0
2892 1.0
2893 1.0
2894 0.0
2895 2.0
2896 0.0
2897 4.0
2898 0.0
2899 1.0
2900 1.0
2901 1.0
2902 0.0
2903 1.0
2904 1.0
2905 0.0
2906 1.0
2907 5.0
2908 1.0
2909 0.0
2910 1.0
2911 0.0
2912 1.0
2913 1.0
2914 0.0
2915 2.0
2916 1.0
2917 3.0
2918 2.0
2919 0.0
2920 1.0
2921 1.0
2922 1.0
2923 0.0
2924 0.0
2925 1.0
2926 1.0
2927 4.0
2928 4.0
2929 1.0
2930 1.0
2931 1.0
2932 0.0
2933 1.0
2934 1.0
2935 0.0
2936 1.0
2937 3.0
2938 2.0
2939 0.0
2940 1.0
2941 1.0
2942 1.0
2943 1.0
2944 0.0
2945 1.0
2946 1.0
2947 1.0
2948 3.0
2949 0.0
2950 1.0
2951 1.0
2952 1.0
2953 0.0
2954 1.0
2955 1.0
2956 1.0
2957 0.0
2958 5.0
2959 1.0
2960 1.0
2961 0.0
2962 1.0
2963 0.0
2964 1.0
2965 1.0
2966 0.0
2967 1.0
2968 4.0
2969 0.0
2970 1.0
2971 1.0
2972 1.0
2973 0.0
2974 1.0
2975 0.0
2976 1.0
2977 1.0
2978 5.0
2979 0.0
2980 1.0
2981 1.0
2982 1.0
2983 1.0
2984 1.0
2985 0.0
2986 1.0
2987 0.0
2988 5.0
2989 1.0
2990 0.0
2991 1.0
2992 1.0
2993 0.0
2994 1.0
2995 2.0
2996 0.0
2997 1.0
2998 11.0
2999 1.0
3000 1.0
3001 0.0
3002 1.0
3003 1.0
3004 1.0
3005 0.0
3006 1.0
3007 0.0
3008 4.0
3009 2.0
3010 0.0
3011 0.0
3012 1.0
3013 0.0
3014 1.0
3015 2.0
3016 0.0
3017 1.0
3018 5.0
3019 0.0
3020 1.0
3021 1.0
3022 0.0
3023 1.0
3024 1.0
3025 1.0
3026 1.0
3027 0.0
3028 4.0
3029 1.0
3030 1.0
3031 1.0
3032 1.0
3033 0.0
3034 1.0
3035 1.0
3036 0.0
3037 1.0
3038 5.0
3039 1.0
3040 1.0
3041 0.0
3042 1.0
3043 1.0
3044 1.0
3045 1.0
3046 0.0
3047 1.0
3048 9.0
3049 0.0
3050 1.0
3051 1.0
3052 1.0
3053 0.0
3054 1.0
3055 1.0
3056 0.0
3057 2.0
3058 4.0
3059 0.0
3060 1.0
3061 1.0
3062 1.0
3063 0.0
3064 1.0
3065 1.0
3066 0.0
3067 1.0
3068 5.0
3069 0.0
3070 0.0
3071 1.0
3072 1.0
3073 1.0
3074 1.0
3075 1.0
3076 0.0
3077 1.0
3078 4.0
3079 1.0
3080 1.0
3081 0.0
3082 1.0
3083 1.0
3084 1.0
3085 1.0
3086 0.0
3087 1.0
3088 4.0
3089 1.0
3090 1.0
3091 1.0
3092 1.0
3093 0.0
3094 1.0
3095 0.0
3096 1.0
3097 1.0
3098 2.0
3099 3.0
3100 1.0
3101 1.0
3102 1.0
3103 1.0
3104 0.0
3105 1.0
3106 1.0
3107 1.0
3108 0.0
3109 6.0
3110 1.0
3111 0.0
3112 1.0
3113 1.0
3114 1.0
3115 1.0
3116 0.0
3117 1.0
3118 1.0
3119 7.0
3120 1.0
3121 0.0
3122 2.0
3123 1.0
3124 0.0
3125 1.0
3126 1.0
3127 0.0
3128 1.0
3129 5.0
3130 1.0
3131 1.0
3132 0.0
3133 1.0
3134 1.0
3135 1.0
3136 0.0
3137 1.0
3138 1.0
3139 4.0
3140 0.0
3141 1.0
3142 2.0
3143 0.0
3144 1.0
3145 1.0
3146 0.0
3147 1.0
3148 0.0
3149 4.0
3150 1.0
3151 0.0
3152 2.0
3153 0.0
3154 0.0
3155 1.0
3156 1.0
3157 1.0
3158 0.0
3159 4.0
3160 1.0
3161 1.0
3162 1.0
3163 0.0
3164 1.0
3165 1.0
3166 0.0
3167 0.0
3168 1.0
3169 5.0
3170 1.0
3171 1.0
3172 0.0
3173 1.0
3174 1.0
3175 1.0
3176 0.0
3177 1.0
3178 1.0
3179 4.0
3180 2.0
3181 0.0
3182 0.0
3183 1.0
3184 1.0
3185 1.0
3186 0.0
3187 1.0
3188 1.0
3189 2.0
3190 3.0
3191 1.0
3192 1.0
3193 0.0
3194 2.0
3195 1.0
3196 0.0
3197 0.0
3198 1.0
3199 1.0
3200 6.0
3201 0.0
3202 1.0
3203 1.0
3204 0.0
3205 1.0
3206 0.0
3207 1.0
3208 1.0
3209 0.0
3210 6.0
3211 1.0
3212 0.0
3213 2.0
3214 0.0
3215 1.0
3216 0.0
3217 2.0
3218 1.0
3219 0.0
3220 4.0
3221 1.0
3222 0.0
3223 1.0
3224 0.0
3225 1.0
3226 1.0
3227 1.0
3228 0.0
3229 1.0
3230 8.0
3231 0.0
3232 1.0
3233 1.0
3234 0.0
3235 0.0
3236 1.0
3237 1.0
3238 0.0
3239 1.0
3240 5.0
3241 0.0
3242 1.0
3243 1.0
3244 0.0
3245 1.0
3246 0.0
3247 2.0
3248 0.0
3249 1.0
3250 3.0
3251 1.0
3252 2.0
3253 0.0
3254 0.0
3255 0.0
3256 2.0
3257 1.0
3258 0.0
3259 1.0
3260 11.0
3261 1.0
3262 0.0
3263 1.0
3264 1.0
3265 1.0
3266 0.0
3267 1.0
3268 0.0
3269 1.0
3270 64.0
3271 1.0
3272 0.0
3273 1.0
3274 1.0
3275 0.0
3276 1.0
3277 1.0
3278 0.0
3279 1.0
3280 5.0
3281 0.0
3282 1.0
3283 0.0
3284 1.0
3285 1.0
3286 0.0
3287 1.0
3288 1.0
3289 0.0
3290 4.0
3291 2.0
3292 1.0
3293 0.0
3294 1.0
3295 1.0
3296 1.0
3297 1.0
3298 0.0
3299 0.0
3300 2.0
3301 4.0
3302 1.0
3303 1.0
3304 1.0
3305 1.0
3306 1.0
3307 0.0
3308 0.0
3309 1.0
3310 1.0
3311 4.0
3312 1.0
3313 1.0
3314 1.0
3315 0.0
3316 1.0
3317 0.0
3318 2.0
3319 0.0
3320 1.0
3321 8.0
3322 0.0
3323 1.0
3324 0.0
3325 2.0
3326 0.0
3327 1.0
3328 0.0
3329 1.0
3330 1.0
3331 4.0
3332 1.0
3333 1.0
3334 0.0
3335 1.0
3336 1.0
3337 1.0
3338 1.0
3339 0.0
3340 1.0
3341 6.0
3342 0.0
3343 1.0
3344 1.0
3345 1.0
3346 0.0
3347 1.0
3348 0.0
3349 2.0
3350 0.0
3351 5.0
3352 1.0
3353 1.0
3354 1.0
3355 0.0
3356 1.0
3357 1.0
3358 0.0
3359 1.0
3360 1.0
3361 4.0
3362 1.0
3363 1.0
3364 1.0
3365 0.0
3366 1.0
3367 1.0
3368 1.0
3369 0.0
3370 2.0
3371 4.0
3372 1.0
3373 1.0
3374 1.0
3375 1.0
3376 0.0
3377 1.0
3378 1.0
3379 1.0
3380 0.0
3381 0.0
3382 4.0
3383 1.0
3384 1.0
3385 2.0
3386 0.0
3387 0.0
3388 1.0
3389 1.0
3390 1.0
3391 0.0
3392 2.0
3393 4.0
3394 0.0
3395 1.0
3396 1.0
3397 0.0
3398 2.0
3399 0.0
3400 1.0
3401 1.0
3402 0.0
3403 11.0
3404 1.0
3405 1.0
3406 0.0
3407 0.0
3408 1.0
3409 1.0
3410 1.0
3411 0.0
3412 2.0
3413 4.0
3414 1.0
3415 0.0
3416 1.0
3417 1.0
3418 1.0
3419 0.0
3420 1.0
3421 1.0
3422 0.0
3423 5.0
3424 1.0
3425 1.0
3426 0.0
3427 1.0
3428 1.0
3429 0.0
3430 2.0
3431 0.0
3432 1.0
3433 5.0
3434 0.0
3435 2.0
3436 0.0
3437 1.0
3438 1.0
3439 1.0
3440 0.0
3441 1.0
3442 0.0
3443 4.0
3444 1.0
3445 1.0
3446 1.0
3447 0.0
3448 1.0
3449 1.0
3450 0.0
3451 1.0
3452 0.0
3453 1.0
3454 5.0
3455 0.0
3456 1.0
3457 1.0
3458 0.0
3459 1.0
3460 1.0
3461 0.0
3462 1.0
3463 1.0
3464 5.0
3465 1.0
3466 0.0
3467 1.0
3468 1.0
3469 0.0
3470 1.0
3471 1.0
3472 0.0
3473 1.0
3474 6.0
3475 1.0
3476 0.0
3477 1.0
3478 1.0
3479 1.0
3480 0.0
3481 1.0
3482 0.0
3483 1.0
3484 7.0
3485 0.0
3486 1.0
3487 1.0
3488 1.0
3489 0.0
3490 1.0
3491 0.0
3492 1.0
3493 2.0
3494 4.0
3495 1.0
3496 0.0
3497 0.0
3498 1.0
3499 1.0
3500 1.0
3501 0.0
3502 1.0
3503 1.0
3504 16.0
3505 1.0
3506 2.0
3507 0.0
3508 0.0
3509 1.0
3510 1.0
3511 1.0
3512 0.0
3513 1.0
3514 6.0
3515 1.0
3516 1.0
3517 0.0
3518 1.0
3519 1.0
3520 0.0
3521 1.0
3522 1.0
3523 1.0
3524 4.0
3525 1.0
3526 0.0
3527 1.0
3528 1.0
3529 1.0
3530 0.0
3531 1.0
3532 1.0
3533 1.0
3534 3.0
3535 2.0
3536 1.0
3537 0.0
3538 0.0
3539 1.0
3540 1.0
3541 1.0
3542 1.0
3543 0.0
3544 4.0
3545 2.0
3546 0.0
3547 1.0
3548 1.0
3549 1.0
3550 1.0
3551 1.0
3552 1.0
3553 1.0
3554 0.0
3555 5.0
3556 0.0
3557 1.0
3558 1.0
3559 1.0
3560 0.0
3561 1.0
3562 1.0
3563 1.0
3564 0.0
3565 14.0
3566 0.0
3567 1.0
3568 1.0
3569 1.0
3570 0.0
3571 2.0
3572 1.0
3573 0.0
3574 1.0
3575 4.0
3576 1.0
3577 0.0
3578 1.0
3579 0.0
3580 1.0
3581 1.0
3582 2.0
3583 0.0
3584 0.0
3585 7.0
3586 1.0
3587 1.0
3588 0.0
3589 1.0
3590 1.0
3591 0.0
3592 1.0
3593 0.0
3594 2.0
3595 5.0
3596 0.0
3597 0.0
3598 1.0
3599 1.0
3600 1.0
3601 1.0
3602 0.0
3603 1.0
3604 0.0
3605 5.0
3606 1.0
3607 1.0
3608 1.0
3609 1.0
3610 1.0
3611 1.0
3612 0.0
3613 1.0
3614 1.0
3615 1.0
3616 3.0
3617 1.0
3618 1.0
3619 0.0
3620 0.0
3621 2.0
3622 1.0
3623 0.0
3624 0.0
3625 1.0
3626 5.0
3627 1.0
3628 0.0
3629 1.0
3630 1.0
3631 0.0
3632 1.0
3633 1.0
3634 0.0
3635 2.0
3636 4.0
3637 0.0
3638 0.0
3639 1.0
3640 1.0
3641 0.0
3642 1.0
3643 0.0
3644 1.0
3645 1.0
3646 5.0
3647 0.0
3648 1.0
3649 0.0
3650 1.0
3651 1.0
3652 0.0
3653 2.0
3654 1.0
3655 0.0
3656 6.0
3657 0.0
3658 1.0
3659 1.0
3660 0.0
3661 2.0
3662 0.0
3663 1.0
3664 1.0
3665 1.0
3666 4.0
3667 0.0
3668 1.0
3669 1.0
3670 1.0
3671 1.0
3672 1.0
3673 0.0
3674 1.0
3675 1.0
3676 4.0
3677 1.0
3678 0.0
3679 1.0
3680 1.0
3681 0.0
3682 1.0
3683 1.0
3684 1.0
3685 0.0
3686 37.0
3687 2.0
3688 1.0
3689 0.0
3690 0.0
3691 1.0
3692 1.0
3693 1.0
3694 0.0
3695 2.0
3696 8.0
3697 1.0
3698 0.0
3699 1.0
3700 1.0
3701 0.0
3702 1.0
3703 1.0
3704 0.0
3705 1.0
3706 4.0
3707 1.0
3708 0.0
3709 1.0
3710 1.0
3711 0.0
3712 1.0
3713 1.0
3714 1.0
3715 0.0
3716 6.0
3717 0.0
3718 1.0
3719 1.0
3720 0.0
3721 2.0
3722 1.0
3723 0.0
3724 0.0
3725 2.0
3726 5.0
3727 1.0
3728 0.0
3729 1.0
3730 1.0
3731 0.0
3732 0.0
3733 1.0
3734 1.0
3735 0.0
3736 2.0
3737 3.0
3738 2.0
3739 1.0
3740 0.0
3741 0.0
3742 1.0
3743 1.0
3744 1.0
3745 0.0
3746 1.0
3747 4.0
3748 2.0
3749 0.0
3750 1.0
3751 1.0
3752 1.0
3753 1.0
3754 0.0
3755 1.0
3756 1.0
3757 3.0
3758 1.0
3759 2.0
3760 0.0
3761 2.0
3762 0.0
3763 1.0
3764 0.0
