0 0.0
1 1.0
2 1.0
3 0.0
4 0.0
5 81.0
6 12.0
7 9.0
8 5.0
9 92.9
10 10.0
11 6.0
12 41.0
13 66.0
14 9.0
15 12.0
16 0.0
17 8.0
18 1.0
19 0.0
20 0.0
21 1.0
22 0.0
23 0.0
24 0.0
25 1.0
26 0.0
27 1.0
28 0.0
29 0.0
30 1.0
31 2.0
32 0.0
33 0.0
34 0.0
35 1.0
36 0.0
37 1.0
38 1.0
39 0.0
40 0.0
41 1.0
42 0.0
43 1.0
44 0.0
45 1.0
46 0.0
47 0.0
48 0.0
49 1.0
50 1.0
51 0.0
52 1.0
53 0.0
54 1.0
55 0.0
56 0.0
57 1.0
58 0.0
59 1.0
60 0.0
61 1.0
62 1.0
63 0.0
64 0.0
65 1.0
66 0.0
67 0.0
68 1.0
69 1.0
70 0.0
71 0.0
72 0.0
73 0.0
74 1.0
75 2.0
76 0.0
77 0.0
78 0.0
79 1.0
80 1.0
81 0.0
82 0.0
83 1.0
84 1.0
85 0.0
86 0.0
87 0.0
88 1.0
89 1.0
90 0.0
91 1.0
92 0.0
93 0.0
94 0.0
95 1.0
96 1.0
97 0.0
98 1.0
99 1.0
100 0.0
101 0.0
102 0.0
103 1.0
104 1.0
105 0.0
106 0.0
107 1.0
108 1.0
109 0.0
110 0.0
111 0.0
112 1.0
113 1.0
114 1.0
115 0.0
116 0.0
117 1.0
118 0.0
119 1.0
120 0.0
121 0.0
122 1.0
123 1.0
124 1.0
125 0.0
126 1.0
127 1.0
128 0.0
129 0.0
130 1.0
131 0.0
132 0.0
133 2.0
134 1.0
135 1.0
136 0.0
137 1.0
138 1.0
139 0.0
140 0.0
141 1.0
142 0.0
143 2.0
144 1.0
145 0.0
146 1.0
147 1.0
148 1.0
149 1.0
150 0.0
151 0.0
152 0.0
153 2.0
154 1.0
155 0.0
156 0.0
157 1.0
158 1.0
159 1.0
160 0.0
161 0.0
162 0.0
163 2.0
164 1.0
165 0.0
166 1.0
167 1.0
168 0.0
169 1.0
170 0.0
171 0.0
172 1.0
173 1.0
174 1.0
175 1.0
176 1.0
177 1.0
178 0.0
179 1.0
180 0.0
181 0.0
182 0.0
183 1.0
184 2.0
185 0.0
186 0.0
187 2.0
188 1.0
189 0.0
190 0.0
191 0.0
192 1.0
193 1.0
194 2.0
195 0.0
196 1.0
197 1.0
198 0.0
199 1.0
200 0.0
201 1.0
202 0.0
203 1.0
204 1.0
205 1.0
206 1.0
207 1.0
208 0.0
209 1.0
210 0.0
211 1.0
212 0.0
213 0.0
214 2.0
215 0.0
216 1.0
217 1.0
218 1.0
219 1.0
220 0.0
221 0.0
222 0.0
223 1.0
224 2.0
225 0.0
226 0.0
227 1.0
228 2.0
229 0.0
230 1.0
231 0.0
232 0.0
233 1.0
234 2.0
235 0.0
236 1.0
237 0.0
238 1.0
239 0.0
240 2.0
241 0.0
242 0.0
243 1.0
244 1.0
245 1.0
246 0.0
247 0.0
248 2.0
249 0.0
250 1.0
251 0.0
252 0.0
253 1.0
254 1.0
255 2.0
256 0.0
257 0.0
258 1.0
259 0.0
260 2.0
261 0.0
262 0.0
263 1.0
264 1.0
265 2.0
266 0.0
267 0.0
268 2.0
269 0.0
270 0.0
271 1.0
272 0.0
273 1.0
274 1.0
275 1.0
276 1.0
277 0.0
278 1.0
279 1.0
280 0.0
281 0.0
282 0.0
283 1.0
284 1.0
285 2.0
286 1.0
287 0.0
288 0.0
289 1.0
290 1.0
291 0.0
292 0.0
293 0.0
294 2.0
295 1.0
296 1.0
297 0.0
298 2.0
299 0.0
300 0.0
301 0.0
302 0.0
303 1.0
304 2.0
305 1.0
306 0.0
307 0.0
308 2.0
309 0.0
310 0.0
311 0.0
312 1.0
313 1.0
314 1.0
315 2.0
316 0.0
317 0.0
318 1.0
319 2.0
320 0.0
321 0.0
322 1.0
323 0.0
324 0.0
325 2.0
326 1.0
327 0.0
328 1.0
329 1.0
330 1.0
331 1.0
332 0.0
333 0.0
334 0.0
335 2.0
336 1.0
337 0.0
338 1.0
339 1.0
340 0.0
341 1.0
342 0.0
343 0.0
344 1.0
345 1.0
346 1.0
347 1.0
348 0.0
349 2.0
350 0.0
351 0.0
352 0.0
353 1.0
354 0.0
355 2.0
356 2.0
357 0.0
358 1.0
359 0.0
360 1.0
361 1.0
362 0.0
363 0.0
364 0.0
365 2.0
366 2.0
367 0.0
368 0.0
369 2.0
370 0.0
371 1.0
372 0.0
373 0.0
374 1.0
375 1.0
376 2.0
377 0.0
378 1.0
379 0.0
380 1.0
381 1.0
382 1.0
383 0.0
384 0.0
385 1.0
386 2.0
387 1.0
388 0.0
389 0.0
390 2.0
391 0.0
392 0.0
393 0.0
394 0.0
395 1.0
396 2.0
397 2.0
398 0.0
399 0.0
400 1.0
401 0.0
402 1.0
403 1.0
404 0.0
405 0.0
406 2.0
407 1.0
408 1.0
409 0.0
410 1.0
411 0.0
412 1.0
413 1.0
414 0.0
415 0.0
416 1.0
417 2.0
418 0.0
419 1.0
420 0.0
421 1.0
422 1.0
423 0.0
424 1.0
425 0.0
426 1.0
427 1.0
428 1.0
429 1.0
430 1.0
431 0.0
432 0.0
433 0.0
434 1.0
435 1.0
436 1.0
437 2.0
438 0.0
439 1.0
440 1.0
441 0.0
442 0.0
443 1.0
444 0.0
445 0.0
446 2.0
447 1.0
448 1.0
449 1.0
450 1.0
451 0.0
452 1.0
453 0.0
454 0.0
455 1.0
456 1.0
457 2.0
458 0.0
459 0.0
460 1.0
461 0.0
462 1.0
463 1.0
464 0.0
465 0.0
466 2.0
467 1.0
468 0.0
469 1.0
470 1.0
471 1.0
472 0.0
473 1.0
474 0.0
475 0.0
476 1.0
477 2.0
478 1.0
479 0.0
480 1.0
481 1.0
482 1.0
483 0.0
484 1.0
485 0.0
486 1.0
487 1.0
488 1.0
489 1.0
490 1.0
491 1.0
492 0.0
493 0.0
494 0.0
495 1.0
496 1.0
497 1.0
498 2.0
499 0.0
500 0.0
501 1.0
502 1.0
503 0.0
504 1.0
505 0.0
506 0.0
507 2.0
508 2.0
509 0.0
510 0.0
511 2.0
512 0.0
513 0.0
514 0.0
515 0.0
516 1.0
517 1.0
518 2.0
519 0.0
520 0.0
521 2.0
522 0.0
523 0.0
524 1.0
525 1.0
526 0.0
527 1.0
528 0.0
529 2.0
530 0.0
531 1.0
532 1.0
533 1.0
534 0.0
535 0.0
536 0.0
537 1.0
538 1.0
539 2.0
540 0.0
541 0.0
542 1.0
543 1.0
544 0.0
545 1.0
546 1.0
547 0.0
548 1.0
549 2.0
550 0.0
551 1.0
552 1.0
553 0.0
554 0.0
555 1.0
556 0.0
557 1.0
558 1.0
559 1.0
560 1.0
561 0.0
562 2.0
563 1.0
564 0.0
565 0.0
566 1.0
567 0.0
568 1.0
569 2.0
570 0.0
571 1.0
572 1.0
573 0.0
574 1.0
575 0.0
576 0.0
577 1.0
578 2.0
579 0.0
580 0.0
581 1.0
582 2.0
583 1.0
584 0.0
585 0.0
586 0.0
587 1.0
588 1.0
589 2.0
590 0.0
591 0.0
592 1.0
593 0.0
594 2.0
595 0.0
596 0.0
597 0.0
598 2.0
599 1.0
600 0.0
601 1.0
602 1.0
603 1.0
604 1.0
605 0.0
606 0.0
607 0.0
608 2.0
609 1.0
610 0.0
611 0.0
612 2.0
613 0.0
614 1.0
615 0.0
616 1.0
617 0.0
618 1.0
619 1.0
620 1.0
621 0.0
622 1.0
623 1.0
624 1.0
625 0.0
626 0.0
627 0.0
628 1.0
629 1.0
630 1.0
631 1.0
632 0.0
633 1.0
634 0.0
635 1.0
636 0.0
637 0.0
638 1.0
639 1.0
640 1.0
641 1.0
642 1.0
643 0.0
644 1.0
645 0.0
646 0.0
647 1.0
648 1.0
649 1.0
650 1.0
651 1.0
652 0.0
653 1.0
654 0.0
655 0.0
656 0.0
657 1.0
658 0.0
659 1.0
660 1.0
661 1.0
662 0.0
663 0.0
664 2.0
665 0.0
666 0.0
667 1.0
668 0.0
669 1.0
670 1.0
671 1.0
672 0.0
673 0.0
674 3.0
675 0.0
676 0.0
677 0.0
678 0.0
679 0.0
680 2.0
681 2.0
682 0.0
683 0.0
684 2.0
685 0.0
686 0.0
687 0.0
688 0.0
689 1.0
690 2.0
691 1.0
692 0.0
693 0.0
694 1.0
695 1.0
696 0.0
697 0.0
698 0.0
699 1.0
700 1.0
701 2.0
702 0.0
703 1.0
704 0.0
705 1.0
706 0.0
707 1.0
708 0.0
709 0.0
710 2.0
711 1.0
712 0.0
713 1.0
714 1.0
715 0.0
716 1.0
717 0.0
718 1.0
719 0.0
720 1.0
721 2.0
722 0.0
723 1.0
724 1.0
725 0.0
726 0.0
727 1.0
728 0.0
729 0.0
730 2.0
731 1.0
732 0.0
733 1.0
734 1.0
735 1.0
736 1.0
737 0.0
738 0.0
739 0.0
740 2.0
741 2.0
742 0.0
743 0.0
744 2.0
745 0.0
746 0.0
747 1.0
748 0.0
749 0.0
750 1.0
751 2.0
752 0.0
753 1.0
754 1.0
755 1.0
756 0.0
757 0.0
758 0.0
759 1.0
760 1.0
761 1.0
762 1.0
763 0.0
764 1.0
765 1.0
766 0.0
767 1.0
768 0.0
769 0.0
770 1.0
771 2.0
772 1.0
773 1.0
774 0.0
775 0.0
776 0.0
777 1.0
778 0.0
779 1.0
780 0.0
781 2.0
782 1.0
783 0.0
784 1.0
785 2.0
786 0.0
787 0.0
788 0.0
789 0.0
790 0.0
791 1.0
792 3.0
793 0.0
794 0.0
795 2.0
796 0.0
797 1.0
798 0.0
799 1.0
800 0.0
801 1.0
802 1.0
803 0.0
804 1.0
805 2.0
806 0.0
807 0.0
808 0.0
809 1.0
810 1.0
811 1.0
812 1.0
813 0.0
814 0.0
815 2.0
816 0.0
817 1.0
818 0.0
819 0.0
820 0.0
821 2.0
822 2.0
823 0.0
824 0.0
825 1.0
826 0.0
827 1.0
828 0.0
829 1.0
830 0.0
831 1.0
832 1.0
833 1.0
834 0.0
835 1.0
836 1.0
837 1.0
838 0.0
839 0.0
840 1.0
841 0.0
842 1.0
843 2.0
844 0.0
845 0.0
846 1.0
847 1.0
848 0.0
849 0.0
850 1.0
851 0.0
852 2.0
853 1.0
854 0.0
855 1.0
856 1.0
857 0.0
858 0.0
859 0.0
860 1.0
861 1.0
862 1.0
863 1.0
864 0.0
865 1.0
866 1.0
867 1.0
868 0.0
869 0.0
870 0.0
871 1.0
872 1.0
873 1.0
874 0.0
875 1.0
876 1.0
877 0.0
878 1.0
879 0.0
880 0.0
881 1.0
882 1.0
883 2.0
884 0.0
885 1.0
886 0.0
887 0.0
888 1.0
889 1.0
890 0.0
891 0.0
892 2.0
893 1.0
894 0.0
895 0.0
896 2.0
897 0.0
898 1.0
899 0.0
900 0.0
901 0.0
902 2.0
903 1.0
904 0.0
905 0.0
906 2.0
907 1.0
908 0.0
909 0.0
910 1.0
911 0.0
912 1.0
913 1.0
914 2.0
915 0.0
916 1.0
917 0.0
918 1.0
919 0.0
920 0.0
921 0.0
922 2.0
923 1.0
924 1.0
925 1.0
926 0.0
927 1.0
928 1.0
929 0.0
930 1.0
931 0.0
932 1.0
933 1.0
934 1.0
935 0.0
936 1.0
937 1.0
938 1.0
939 0.0
940 0.0
941 1.0
942 1.0
943 1.0
944 1.0
945 0.0
946 0.0
947 2.0
948 0.0
949 1.0
950 0.0
951 0.0
952 1.0
953 1.0
954 2.0
955 1.0
956 0.0
957 1.0
958 0.0
959 1.0
960 0.0
961 0.0
962 1.0
963 2.0
964 1.0
965 0.0
966 1.0
967 1.0
968 0.0
969 0.0
970 1.0
971 0.0
972 0.0
973 2.0
974 2.0
975 1.0
976 0.0
977 1.0
978 0.0
979 1.0
980 1.0
981 0.0
982 1.0
983 1.0
984 1.0
985 1.0
986 0.0
987 2.0
988 0.0
989 1.0
990 0.0
991 0.0
992 0.0
993 2.0
994 0.0
995 1.0
996 0.0
997 2.0
998 0.0
999 1.0
1000 0.0
1001 0.0
1002 0.0
1003 2.0
1004 2.0
1005 0.0
1006 0.0
1007 2.0
1008 0.0
1009 0.0
1010 1.0
1011 0.0
1012 1.0
1013 0.0
1014 1.0
1015 1.0
1016 1.0
1017 1.0
1018 0.0
1019 1.0
1020 1.0
1021 0.0
1022 0.0
1023 1.0
1024 1.0
1025 1.0
1026 1.0
1027 0.0
1028 1.0
1029 1.0
1030 0.0
1031 0.0
1032 1.0
1033 0.0
1034 1.0
1035 3.0
1036 0.0
1037 0.0
1038 1.0
1039 1.0
1040 0.0
1041 0.0
1042 1.0
1043 0.0
1044 2.0
1045 2.0
1046 0.0
1047 0.0
1048 1.0
1049 0.0
1050 1.0
1051 0.0
1052 0.0
1053 1.0
1054 1.0
1055 2.0
1056 0.0
1057 0.0
1058 2.0
1059 0.0
1060 0.0
1061 1.0
1062 0.0
1063 1.0
1064 1.0
1065 1.0
1066 0.0
1067 1.0
1068 1.0
1069 1.0
1070 0.0
1071 0.0
1072 0.0
1073 1.0
1074 1.0
1075 2.0
1076 0.0
1077 0.0
1078 2.0
1079 0.0
1080 1.0
1081 1.0
1082 0.0
1083 0.0
1084 1.0
1085 2.0
1086 1.0
1087 1.0
1088 0.0
1089 1.0
1090 1.0
1091 0.0
1092 0.0
1093 0.0
1094 2.0
1095 0.0
1096 1.0
1097 1.0
1098 1.0
1099 0.0
1100 1.0
1101 0.0
1102 0.0
1103 1.0
1104 0.0
1105 2.0
1106 2.0
1107 0.0
1108 0.0
1109 1.0
1110 1.0
1111 0.0
1112 0.0
1113 1.0
1114 0.0
1115 2.0
1116 1.0
1117 1.0
1118 0.0
1119 1.0
1120 0.0
1121 1.0
1122 1.0
1123 0.0
1124 0.0
1125 2.0
1126 1.0
1127 1.0
1128 0.0
1129 1.0
1130 0.0
1131 1.0
1132 0.0
1133 1.0
1134 0.0
1135 1.0
1136 2.0
1137 1.0
1138 0.0
1139 0.0
1140 0.0
1141 2.0
1142 0.0
1143 1.0
1144 0.0
1145 2.0
1146 1.0
1147 0.0
1148 0.0
1149 2.0
1150 0.0
1151 1.0
1152 0.0
1153 0.0
1154 0.0
1155 2.0
1156 1.0
1157 1.0
1158 1.0
1159 0.0
1160 2.0
1161 0.0
1162 1.0
1163 0.0
1164 0.0
1165 1.0
1166 1.0
1167 1.0
1168 0.0
1169 1.0
1170 1.0
1171 1.0
1172 1.0
1173 0.0
1174 0.0
1175 0.0
1176 2.0
1177 1.0
1178 1.0
1179 0.0
1180 1.0
1181 0.0
1182 1.0
1183 1.0
1184 0.0
1185 0.0
1186 2.0
1187 1.0
1188 0.0
1189 0.0
1190 2.0
1191 1.0
1192 0.0
1193 1.0
1194 0.0
1195 0.0
1196 1.0
1197 2.0
1198 0.0
1199 1.0
1200 1.0
1201 1.0
1202 0.0
1203 0.0
1204 0.0
1205 0.0
1206 3.0
1207 0.0
1208 1.0
1209 0.0
1210 2.0
1211 0.0
1212 1.0
1213 0.0
1214 0.0
1215 1.0
1216 1.0
1217 2.0
1218 1.0
1219 0.0
1220 1.0
1221 0.0
1222 0.0
1223 1.0
1224 1.0
1225 0.0
1226 1.0
1227 2.0
1228 0.0
1229 1.0
1230 1.0
1231 0.0
1232 0.0
1233 0.0
1234 0.0
1235 1.0
1236 2.0
1237 1.0
1238 0.0
1239 1.0
1240 1.0
1241 1.0
1242 1.0
1243 0.0
1244 0.0
1245 0.0
1246 1.0
1247 2.0
1248 1.0
1249 0.0
1250 1.0
1251 0.0
1252 1.0
1253 0.0
1254 0.0
1255 1.0
1256 1.0
1257 1.0
1258 1.0
1259 1.0
1260 1.0
1261 0.0
1262 1.0
1263 0.0
1264 0.0
1265 1.0
1266 1.0
1267 1.0
1268 1.0
1269 1.0
1270 0.0
1271 1.0
1272 1.0
1273 1.0
1274 0.0
1275 0.0
1276 0.0
1277 2.0
1278 1.0
1279 0.0
1280 1.0
1281 1.0
1282 0.0
1283 1.0
1284 1.0
1285 0.0
1286 0.0
1287 2.0
1288 1.0
1289 1.0
1290 0.0
1291 1.0
1292 1.0
1293 0.0
1294 1.0
1295 0.0
1296 0.0
1297 2.0
1298 1.0
1299 0.0
1300 1.0
1301 1.0
1302 1.0
1303 0.0
1304 1.0
1305 0.0
1306 0.0
1307 1.0
1308 2.0
1309 0.0
1310 1.0
1311 1.0
1312 1.0
1313 0.0
1314 0.0
1315 0.0
1316 1.0
1317 1.0
1318 2.0
1319 1.0
1320 0.0
1321 2.0
1322 0.0
1323 1.0
1324 0.0
1325 0.0
1326 0.0
1327 2.0
1328 1.0
1329 0.0
1330 1.0
1331 1.0
1332 0.0
1333 1.0
1334 0.0
1335 1.0
1336 1.0
1337 1.0
1338 1.0
1339 0.0
1340 1.0
1341 2.0
1342 0.0
1343 1.0
1344 0.0
1345 0.0
1346 1.0
1347 1.0
1348 1.0
1349 1.0
1350 0.0
1351 1.0
1352 0.0
1353 1.0
1354 0.0
1355 1.0
1356 0.0
1357 2.0
1358 1.0
1359 0.0
1360 1.0
1361 1.0
1362 0.0
1363 2.0
1364 0.0
1365 0.0
1366 0.0
1367 1.0
1368 1.0
1369 1.0
1370 0.0
1371 2.0
1372 0.0
1373 1.0
1374 0.0
1375 0.0
1376 1.0
1377 1.0
1378 0.0
1379 1.0
1380 1.0
1381 1.0
1382 1.0
1383 0.0
1384 1.0
1385 0.0
1386 0.0
1387 1.0
1388 2.0
1389 0.0
1390 0.0
1391 1.0
1392 2.0
1393 0.0
1394 0.0
1395 1.0
1396 0.0
1397 0.0
1398 3.0
1399 1.0
1400 0.0
1401 0.0
1402 1.0
1403 1.0
1404 1.0
1405 0.0
1406 0.0
1407 0.0
1408 2.0
1409 2.0
1410 0.0
1411 0.0
1412 1.0
1413 0.0
1414 2.0
1415 0.0
1416 0.0
1417 1.0
1418 1.0
1419 1.0
1420 0.0
1421 1.0
1422 2.0
1423 0.0
1424 0.0
1425 0.0
1426 0.0
1427 1.0
1428 2.0
1429 2.0
1430 0.0
1431 0.0
1432 1.0
1433 1.0
1434 1.0
1435 0.0
1436 0.0
1437 0.0
1438 2.0
1439 1.0
1440 1.0
1441 0.0
1442 1.0
1443 1.0
1444 1.0
1445 0.0
1446 0.0
1447 0.0
1448 2.0
1449 1.0
1450 0.0
1451 1.0
1452 1.0
1453 1.0
1454 0.0
1455 1.0
1456 0.0
1457 0.0
1458 1.0
1459 2.0
1460 1.0
1461 0.0
1462 2.0
1463 0.0
1464 0.0
1465 0.0
1466 1.0
1467 0.0
1468 2.0
1469 1.0
1470 0.0
1471 1.0
1472 1.0
1473 0.0
1474 2.0
1475 0.0
1476 0.0
1477 0.0
1478 1.0
1479 1.0
1480 1.0
1481 1.0
1482 1.0
1483 0.0
1484 1.0
1485 1.0
1486 0.0
1487 0.0
1488 1.0
1489 1.0
1490 1.0
1491 1.0
1492 0.0
1493 1.0
1494 1.0
1495 0.0
1496 0.0
1497 0.0
1498 1.0
1499 2.0
1500 1.0
1501 1.0
1502 0.0
1503 1.0
1504 1.0
1505 0.0
1506 0.0
1507 0.0
1508 0.0
1509 2.0
1510 2.0
1511 0.0
1512 1.0
1513 1.0
1514 0.0
1515 1.0
1516 0.0
1517 0.0
1518 1.0
1519 2.0
1520 1.0
1521 0.0
1522 0.0
1523 2.0
1524 0.0
1525 0.0
1526 1.0
1527 0.0
1528 1.0
1529 1.0
1530 1.0
1531 1.0
1532 1.0
1533 1.0
1534 1.0
1535 0.0
1536 0.0
1537 0.0
1538 0.0
1539 1.0
1540 3.0
1541 0.0
1542 0.0
1543 1.0
1544 0.0
1545 1.0
1546 0.0
1547 0.0
1548 1.0
1549 2.0
1550 1.0
1551 0.0
1552 0.0
1553 2.0
1554 0.0
1555 0.0
1556 1.0
1557 0.0
1558 1.0
1559 1.0
1560 1.0
1561 1.0
1562 0.0
1563 2.0
1564 0.0
1565 1.0
1566 0.0
1567 0.0
1568 0.0
1569 2.0
1570 2.0
1571 0.0
1572 0.0
1573 1.0
1574 1.0
1575 0.0
1576 1.0
1577 1.0
1578 0.0
1579 1.0
1580 2.0
1581 0.0
1582 0.0
1583 2.0
1584 0.0
1585 1.0
1586 0.0
1587 0.0
1588 0.0
1589 2.0
1590 1.0
1591 1.0
1592 1.0
1593 0.0
1594 2.0
1595 0.0
1596 0.0
1597 1.0
1598 0.0
1599 0.0
1600 2.0
1601 1.0
1602 0.0
1603 0.0
1604 2.0
1605 0.0
1606 1.0
1607 1.0
1608 0.0
1609 0.0
1610 1.0
1611 2.0
1612 0.0
1613 0.0
1614 2.0
1615 1.0
1616 0.0
1617 0.0
1618 0.0
1619 1.0
1620 1.0
1621 2.0
1622 0.0
1623 0.0
1624 2.0
1625 0.0
1626 0.0
1627 1.0
1628 0.0
1629 0.0
1630 2.0
1631 1.0
1632 0.0
1633 0.0
1634 3.0
1635 1.0
1636 0.0
1637 0.0
1638 0.0
1639 0.0
1640 1.0
1641 3.0
1642 0.0
1643 0.0
1644 2.0
1645 0.0
1646 1.0
1647 0.0
1648 0.0
1649 0.0
1650 2.0
1651 1.0
1652 1.0
1653 0.0
1654 2.0
1655 0.0
1656 0.0
1657 0.0
1658 1.0
1659 0.0
1660 2.0
1661 0.0
1662 1.0
1663 1.0
1664 1.0
1665 1.0
1666 0.0
1667 0.0
1668 0.0
1669 0.0
1670 2.0
1671 1.0
1672 1.0
1673 0.0
1674 1.0
1675 1.0
1676 0.0
1677 0.0
1678 0.0
1679 1.0
1680 1.0
1681 1.0
1682 2.0
1683 0.0
1684 1.0
1685 1.0
1686 0.0
1687 0.0
1688 1.0
1689 1.0
1690 0.0
1691 2.0
1692 0.0
1693 1.0
1694 0.0
1695 2.0
1696 1.0
1697 0.0
1698 0.0
1699 0.0
1700 1.0
1701 2.0
1702 1.0
1703 0.0
1704 1.0
1705 0.0
1706 1.0
1707 1.0
1708 0.0
1709 0.0
1710 1.0
1711 1.0
1712 2.0
1713 0.0
1714 0.0
1715 1.0
1716 0.0
1717 1.0
1718 0.0
1719 1.0
1720 0.0
1721 2.0
1722 1.0
1723 0.0
1724 1.0
1725 1.0
1726 0.0
1727 1.0
1728 0.0
1729 0.0
1730 0.0
1731 2.0
1732 2.0
1733 0.0
1734 1.0
1735 0.0
1736 1.0
1737 0.0
1738 0.0
1739 1.0
1740 0.0
1741 1.0
1742 2.0
1743 0.0
1744 1.0
1745 1.0
1746 1.0
1747 1.0
1748 0.0
1749 0.0
1750 0.0
1751 2.0
1752 1.0
1753 0.0
1754 0.0
1755 3.0
1756 0.0
1757 1.0
1758 0.0
1759 0.0
1760 0.0
1761 2.0
1762 1.0
1763 0.0
1764 1.0
1765 2.0
1766 0.0
1767 0.0
1768 0.0
1769 0.0
1770 1.0
1771 1.0
1772 2.0
1773 0.0
1774 1.0
1775 1.0
1776 0.0
1777 0.0
1778 0.0
1779 1.0
1780 0.0
1781 2.0
1782 1.0
1783 1.0
1784 0.0
1785 2.0
1786 0.0
1787 1.0
1788 0.0
1789 0.0
1790 1.0
1791 1.0
1792 1.0
1793 0.0
1794 1.0
1795 2.0
1796 0.0
1797 1.0
1798 0.0
1799 0.0
1800 0.0
1801 1.0
1802 1.0
1803 1.0
1804 1.0
1805 1.0
1806 0.0
1807 1.0
1808 0.0
1809 0.0
1810 0.0
1811 2.0
1812 1.0
1813 1.0
1814 0.0
1815 2.0
1816 0.0
1817 1.0
1818 0.0
1819 0.0
1820 0.0
1821 1.0
1822 2.0
1823 1.0
1824 1.0
1825 0.0
1826 1.0
1827 0.0
1828 1.0
1829 0.0
1830 0.0
1831 1.0
1832 1.0
1833 2.0
1834 1.0
1835 0.0
1836 1.0
1837 1.0
1838 0.0
1839 0.0
1840 0.0
1841 1.0
1842 2.0
1843 1.0
1844 1.0
1845 0.0
1846 1.0
1847 0.0
1848 0.0
1849 0.0
1850 1.0
1851 0.0
1852 2.0
1853 2.0
1854 0.0
1855 0.0
1856 1.0
1857 1.0
1858 0.0
1859 0.0
1860 1.0
1861 0.0
1862 2.0
1863 1.0
1864 0.0
1865 1.0
1866 2.0
1867 0.0
1868 0.0
1869 0.0
1870 1.0
1871 0.0
1872 2.0
1873 1.0
1874 1.0
1875 0.0
1876 2.0
1877 0.0
1878 0.0
1879 0.0
1880 1.0
1881 1.0
1882 0.0
1883 2.0
1884 1.0
1885 0.0
1886 1.0
1887 1.0
1888 0.0
1889 0.0
1890 0.0
1891 1.0
1892 2.0
1893 1.0
1894 0.0
1895 0.0
1896 2.0
1897 0.0
1898 1.0
1899 0.0
1900 1.0
1901 0.0
1902 1.0
1903 2.0
1904 1.0
1905 0.0
1906 1.0
1907 0.0
1908 1.0
1909 0.0
1910 0.0
1911 1.0
1912 1.0
1913 2.0
1914 0.0
1915 0.0
1916 1.0
1917 1.0
1918 1.0
1919 1.0
1920 0.0
1921 0.0
1922 0.0
1923 3.0
1924 0.0
1925 0.0
1926 1.0
1927 2.0
1928 0.0
1929 0.0
1930 0.0
1931 0.0
1932 1.0
1933 2.0
1934 1.0
1935 1.0
1936 0.0
1937 2.0
1938 0.0
1939 1.0
1940 0.0
1941 0.0
1942 1.0
1943 1.0
1944 2.0
1945 0.0
1946 1.0
1947 1.0
1948 0.0
1949 0.0
1950 1.0
1951 0.0
1952 0.0
1953 2.0
1954 1.0
1955 1.0
1956 0.0
1957 2.0
1958 0.0
1959 1.0
1960 0.0
1961 0.0
1962 0.0
1963 1.0
1964 3.0
1965 0.0
1966 0.0
1967 1.0
1968 1.0
1969 0.0
1970 0.0
1971 0.0
1972 1.0
1973 2.0
1974 1.0
1975 0.0
1976 0.0
1977 2.0
1978 0.0
1979 1.0
1980 0.0
1981 1.0
1982 0.0
1983 1.0
1984 1.0
1985 2.0
1986 0.0
1987 1.0
1988 1.0
1989 0.0
1990 0.0
1991 0.0
1992 0.0
1993 2.0
1994 1.0
1995 2.0
1996 0.0
1997 0.0
1998 1.0
1999 1.0
2000 1.0
2001 0.0
2002 0.0
2003 1.0
2004 1.0
2005 1.0
2006 0.0
2007 1.0
2008 2.0
2009 0.0
2010 0.0
2011 0.0
2012 1.0
2013 0.0
2014 2.0
2015 1.0
2016 0.0
2017 1.0
2018 1.0
2019 0.0
2020 0.0
2021 1.0
2022 0.0
2023 0.0
2024 3.0
2025 0.0
2026 0.0
2027 1.0
2028 1.0
2029 2.0
2030 0.0
2031 0.0
2032 0.0
2033 0.0
2034 2.0
2035 1.0
2036 1.0
2037 1.0
2038 1.0
2039 0.0
2040 0.0
2041 1.0
2042 0.0
2043 1.0
2044 1.0
2045 1.0
2046 0.0
2047 1.0
2048 1.0
2049 0.0
2050 1.0
2051 0.0
2052 1.0
2053 0.0
2054 1.0
2055 2.0
2056 0.0
2057 1.0
2058 1.0
2059 1.0
2060 0.0
2061 1.0
2062 0.0
2063 0.0
2064 1.0
2065 2.0
2066 0.0
2067 1.0
2068 1.0
2069 0.0
2070 1.0
2071 0.0
2072 0.0
2073 1.0
2074 2.0
2075 1.0
2076 0.0
2077 1.0
2078 1.0
2079 1.0
2080 0.0
2081 0.0
2082 0.0
2083 1.0
2084 1.0
2085 1.0
2086 1.0
2087 0.0
2088 1.0
2089 0.0
2090 2.0
2091 0.0
2092 0.0
2093 1.0
2094 1.0
2095 2.0
2096 0.0
2097 0.0
2098 1.0
2099 1.0
2100 1.0
2101 0.0
2102 0.0
2103 0.0
2104 1.0
2105 1.0
2106 2.0
2107 0.0
2108 1.0
2109 1.0
2110 1.0
2111 0.0
2112 0.0
2113 0.0
2114 1.0
2115 1.0
2116 2.0
2117 0.0
2118 1.0
2119 2.0
2120 0.0
2121 0.0
2122 0.0
2123 1.0
2124 0.0
2125 1.0
2126 2.0
2127 0.0
2128 1.0
2129 1.0
2130 0.0
2131 0.0
2132 0.0
2133 1.0
2134 1.0
2135 1.0
2136 1.0
2137 0.0
2138 1.0
2139 2.0
2140 0.0
2141 1.0
2142 0.0
2143 0.0
2144 0.0
2145 2.0
2146 2.0
2147 0.0
2148 0.0
2149 2.0
2150 0.0
2151 0.0
2152 1.0
2153 0.0
2154 0.0
2155 2.0
2156 2.0
2157 0.0
2158 0.0
2159 1.0
2160 0.0
2161 1.0
2162 0.0
2163 1.0
2164 0.0
2165 2.0
2166 1.0
2167 0.0
2168 0.0
2169 3.0
2170 0.0
2171 0.0
2172 0.0
2173 0.0
2174 1.0
2175 2.0
2176 1.0
2177 0.0
2178 0.0
2179 2.0
2180 1.0
2181 1.0
2182 0.0
2183 0.0
2184 0.0
2185 1.0
2186 2.0
2187 1.0
2188 0.0
2189 1.0
2190 1.0
2191 1.0
2192 0.0
2193 0.0
2194 0.0
2195 1.0
2196 2.0
2197 0.0
2198 1.0
2199 0.0
2200 1.0
2201 1.0
2202 0.0
2203 0.0
2204 0.0
2205 2.0
2206 1.0
2207 1.0
2208 0.0
2209 1.0
2210 0.0
2211 1.0
2212 1.0
2213 0.0
2214 0.0
2215 0.0
2216 3.0
2217 0.0
2218 0.0
2219 2.0
2220 1.0
2221 0.0
2222 1.0
2223 0.0
2224 0.0
2225 0.0
2226 2.0
2227 2.0
2228 0.0
2229 0.0
2230 1.0
2231 1.0
2232 0.0
2233 0.0
2234 1.0
2235 0.0
2236 2.0
2237 1.0
2238 1.0
2239 1.0
2240 1.0
2241 1.0
2242 0.0
2243 0.0
2244 0.0
2245 0.0
2246 2.0
2247 2.0
2248 0.0
2249 0.0
2250 2.0
2251 1.0
2252 0.0
2253 0.0
2254 1.0
2255 0.0
2256 1.0
2257 1.0
2258 1.0
2259 0.0
2260 2.0
2261 0.0
2262 1.0
2263 0.0
2264 0.0
2265 0.0
2266 2.0
2267 1.0
2268 1.0
2269 0.0
2270 2.0
2271 0.0
2272 0.0
2273 0.0
2274 0.0
2275 1.0
2276 1.0
2277 2.0
2278 1.0
2279 0.0
2280 1.0
2281 1.0
2282 1.0
2283 0.0
2284 0.0
2285 0.0
2286 1.0
2287 2.0
2288 0.0
2289 0.0
2290 1.0
2291 1.0
2292 1.0
2293 0.0
2294 1.0
2295 0.0
2296 1.0
2297 2.0
2298 0.0
2299 0.0
2300 2.0
2301 0.0
2302 2.0
2303 0.0
2304 0.0
2305 0.0
2306 1.0
2307 1.0
2308 1.0
2309 1.0
2310 0.0
2311 1.0
2312 2.0
2313 0.0
2314 0.0
2315 0.0
2316 0.0
2317 3.0
2318 1.0
2319 0.0
2320 0.0
2321 1.0
2322 1.0
2323 1.0
2324 0.0
2325 0.0
2326 1.0
2327 1.0
2328 2.0
2329 0.0
2330 0.0
2331 2.0
2332 0.0
2333 0.0
2334 1.0
2335 0.0
2336 0.0
2337 2.0
2338 2.0
2339 0.0
2340 0.0
2341 2.0
2342 0.0
2343 0.0
2344 0.0
2345 1.0
2346 0.0
2347 2.0
2348 1.0
2349 0.0
2350 1.0
2351 1.0
2352 0.0
2353 1.0
2354 0.0
2355 1.0
2356 0.0
2357 2.0
2358 1.0
2359 0.0
2360 1.0
2361 1.0
2362 0.0
2363 2.0
2364 0.0
2365 0.0
2366 1.0
2367 1.0
2368 1.0
2369 0.0
2370 0.0
2371 3.0
2372 0.0
2373 0.0
2374 0.0
2375 0.0
2376 1.0
2377 1.0
2378 2.0
2379 0.0
2380 1.0
2381 1.0
2382 1.0
2383 0.0
2384 0.0
2385 0.0
2386 1.0
2387 2.0
2388 1.0
2389 0.0
2390 1.0
2391 1.0
2392 1.0
2393 0.0
2394 1.0
2395 0.0
2396 0.0
2397 1.0
2398 1.0
2399 1.0
2400 0.0
2401 2.0
2402 1.0
2403 0.0
2404 1.0
2405 0.0
2406 0.0
2407 1.0
2408 1.0
2409 1.0
2410 1.0
2411 1.0
2412 0.0
2413 1.0
2414 0.0
2415 0.0
2416 1.0
2417 1.0
2418 2.0
2419 1.0
2420 0.0
2421 1.0
2422 0.0
2423 1.0
2424 0.0
2425 1.0
2426 0.0
2427 1.0
2428 1.0
2429 2.0
2430 1.0
2431 0.0
2432 1.0
2433 0.0
2434 1.0
2435 0.0
2436 0.0
2437 1.0
2438 1.0
2439 2.0
2440 0.0
2441 0.0
2442 1.0
2443 1.0
2444 1.0
2445 0.0
2446 0.0
2447 1.0
2448 1.0
2449 1.0
2450 1.0
2451 1.0
2452 1.0
2453 0.0
2454 1.0
2455 0.0
2456 0.0
2457 0.0
2458 2.0
2459 1.0
2460 1.0
2461 1.0
2462 1.0
2463 1.0
2464 0.0
2465 0.0
2466 0.0
2467 1.0
2468 1.0
2469 2.0
2470 0.0
2471 0.0
2472 2.0
2473 0.0
2474 1.0
2475 0.0
2476 1.0
2477 0.0
2478 2.0
2479 1.0
2480 0.0
2481 1.0
2482 1.0
2483 0.0
2484 1.0
2485 0.0
2486 1.0
2487 0.0
2488 2.0
2489 1.0
2490 0.0
2491 0.0
2492 2.0
2493 1.0
2494 0.0
2495 1.0
2496 0.0
2497 0.0
2498 1.0
2499 1.0
2500 1.0
2501 1.0
2502 1.0
2503 0.0
2504 1.0
2505 0.0
2506 0.0
2507 0.0
2508 2.0
2509 2.0
2510 0.0
2511 0.0
2512 2.0
2513 0.0
2514 0.0
2515 1.0
2516 1.0
2517 0.0
2518 0.0
2519 2.0
2520 1.0
2521 1.0
2522 0.0
2523 2.0
2524 0.0
2525 0.0
2526 0.0
2527 1.0
2528 0.0
2529 2.0
2530 1.0
2531 1.0
2532 1.0
2533 0.0
2534 1.0
2535 0.0
2536 1.0
2537 0.0
2538 0.0
2539 2.0
2540 1.0
2541 1.0
2542 0.0
2543 1.0
2544 1.0
2545 0.0
2546 0.0
2547 1.0
2548 1.0
2549 1.0
2550 2.0
2551 0.0
2552 0.0
2553 2.0
2554 0.0
2555 0.0
2556 0.0
2557 1.0
2558 0.0
2559 2.0
2560 2.0
2561 0.0
2562 0.0
2563 1.0
2564 0.0
2565 1.0
2566 0.0
2567 0.0
2568 1.0
2569 2.0
2570 2.0
2571 0.0
2572 0.0
2573 1.0
2574 0.0
2575 1.0
2576 0.0
2577 1.0
2578 0.0
2579 1.0
2580 2.0
2581 0.0
2582 2.0
2583 0.0
2584 0.0
2585 0.0
2586 0.0
2587 1.0
2588 0.0
2589 3.0
2590 0.0
2591 0.0
2592 1.0
2593 2.0
2594 0.0
2595 0.0
2596 1.0
2597 1.0
2598 0.0
2599 1.0
2600 2.0
2601 0.0
2602 0.0
2603 2.0
2604 0.0
2605 1.0
2606 0.0
2607 0.0
2608 0.0
2609 2.0
2610 2.0
2611 0.0
2612 1.0
2613 0.0
2614 1.0
2615 1.0
2616 1.0
2617 0.0
2618 0.0
2619 1.0
2620 2.0
2621 1.0
2622 0.0
2623 0.0
2624 2.0
2625 0.0
2626 0.0
2627 0.0
2628 1.0
2629 1.0
2630 1.0
2631 1.0
2632 1.0
2633 0.0
2634 1.0
2635 1.0
2636 0.0
2637 1.0
2638 0.0
2639 2.0
2640 0.0
2641 1.0
2642 1.0
2643 0.0
2644 1.0
2645 1.0
2646 0.0
2647 1.0
2648 0.0
2649 0.0
2650 1.0
2651 3.0
2652 0.0
2653 0.0
2654 1.0
2655 1.0
2656 1.0
2657 1.0
2658 0.0
2659 0.0
2660 1.0
2661 2.0
2662 0.0
2663 0.0
2664 1.0
2665 2.0
2666 0.0
2667 0.0
2668 0.0
2669 1.0
2670 1.0
2671 1.0
2672 1.0
2673 0.0
2674 1.0
2675 0.0
2676 2.0
2677 0.0
2678 0.0
2679 0.0
2680 2.0
2681 1.0
2682 0.0
2683 0.0
2684 2.0
2685 0.0
2686 2.0
2687 0.0
2688 0.0
2689 0.0
2690 1.0
2691 3.0
2692 0.0
2693 0.0
2694 1.0
2695 0.0
2696 1.0
2697 0.0
2698 0.0
2699 1.0
2700 2.0
2701 1.0
2702 0.0
2703 0.0
2704 2.0
2705 0.0
2706 1.0
2707 0.0
2708 0.0
2709 0.0
2710 2.0
2711 2.0
2712 0.0
2713 1.0
2714 0.0
2715 1.0
2716 1.0
2717 0.0
2718 0.0
2719 1.0
2720 1.0
2721 2.0
2722 1.0
2723 0.0
2724 1.0
2725 0.0
2726 0.0
2727 1.0
2728 1.0
2729 0.0
2730 1.0
2731 1.0
2732 1.0
2733 0.0
2734 2.0
2735 0.0
2736 1.0
2737 0.0
2738 1.0
2739 0.0
2740 1.0
2741 2.0
2742 0.0
2743 1.0
2744 1.0
2745 0.0
2746 1.0
2747 0.0
2748 1.0
2749 0.0
2750 0.0
2751 3.0
2752 1.0
2753 0.0
2754 0.0
2755 1.0
2756 1.0
2757 0.0
2758 0.0
2759 0.0
2760 2.0
2761 1.0
2762 1.0
2763 0.0
2764 1.0
2765 1.0
2766 1.0
2767 0.0
2768 1.0
2769 0.0
2770 1.0
2771 1.0
2772 1.0
2773 1.0
2774 0.0
2775 1.0
2776 1.0
2777 0.0
2778 1.0
2779 0.0
2780 1.0
2781 2.0
2782 0.0
2783 1.0
2784 0.0
2785 2.0
2786 1.0
2787 0.0
2788 0.0
2789 0.0
2790 1.0
2791 1.0
2792 1.0
2793 1.0
2794 0.0
2795 1.0
2796 1.0
2797 0.0
2798 0.0
2799 1.0
2800 1.0
2801 1.0
2802 1.0
2803 1.0
2804 0.0
2805 1.0
2806 0.0
2807 1.0
2808 0.0
2809 0.0
2810 1.0
2811 2.0
2812 1.0
2813 0.0
2814 1.0
2815 1.0
2816 0.0
2817 1.0
2818 0.0
2819 0.0
2820 1.0
2821 1.0
2822 2.0
2823 0.0
2824 1.0
2825 1.0
2826 0.0
2827 1.0
2828 1.0
2829 0.0
2830 0.0
2831 2.0
2832 1.0
2833 1.0
2834 0.0
2835 1.0
2836 1.0
2837 1.0
2838 0.0
2839 0.0
2840 0.0
2841 2.0
2842 1.0
2843 1.0
2844 0.0
2845 1.0
2846 1.0
2847 0.0
2848 0.0
2849 0.0
2850 1.0
2851 2.0
2852 2.0
2853 0.0
2854 0.0
2855 1.0
2856 1.0
2857 0.0
2858 1.0
2859 0.0
2860 0.0
2861 1.0
2862 2.0
2863 1.0
2864 0.0
2865 1.0
2866 0.0
2867 1.0
2868 0.0
2869 0.0
2870 0.0
2871 2.0
2872 1.0
2873 1.0
2874 0.0
2875 1.0
2876 0.0
2877 2.0
2878 0.0
2879 1.0
2880 0.0
2881 1.0
2882 1.0
2883 1.0
2884 0.0
2885 1.0
2886 1.0
2887 1.0
2888 0.0
2889 0.0
2890 1.0
2891 1.0
2892 1.0
2893 0.0
2894 1.0
2895 1.0
2896 1.0
2897 1.0
2898 0.0
2899 0.0
2900 1.0
2901 0.0
2902 3.0
2903 0.0
2904 0.0
2905 1.0
2906 1.0
2907 1.0
2908 0.0
2909 1.0
2910 0.0
2911 1.0
2912 1.0
2913 1.0
2914 1.0
2915 0.0
2916 1.0
2917 1.0
2918 0.0
2919 0.0
2920 0.0
2921 1.0
2922 2.0
2923 2.0
2924 0.0
2925 0.0
2926 1.0
2927 0.0
2928 1.0
2929 0.0
2930 0.0
2931 1.0
2932 2.0
2933 0.0
2934 1.0
2935 1.0
2936 1.0
2937 1.0
2938 0.0
2939 0.0
2940 0.0
2941 1.0
2942 2.0
2943 1.0
2944 0.0
2945 0.0
2946 2.0
2947 0.0
2948 1.0
2949 0.0
2950 0.0
2951 0.0
2952 2.0
2953 2.0
2954 1.0
2955 0.0
2956 1.0
2957 1.0
2958 1.0
2959 0.0
2960 0.0
2961 0.0
2962 1.0
2963 2.0
2964 0.0
2965 1.0
2966 1.0
2967 0.0
2968 1.0
2969 0.0
2970 0.0
2971 1.0
2972 1.0
2973 2.0
2974 1.0
2975 0.0
2976 1.0
2977 0.0
2978 1.0
2979 0.0
2980 0.0
2981 1.0
2982 2.0
2983 1.0
2984 1.0
2985 0.0
2986 2.0
2987 0.0
2988 0.0
2989 0.0
2990 1.0
2991 0.0
2992 1.0
2993 2.0
2994 0.0
2995 0.0
2996 3.0
2997 0.0
2998 1.0
2999 0.0
3000 0.0
3001 0.0
3002 1.0
3003 2.0
3004 1.0
3005 0.0
3006 1.0
3007 0.0
3008 1.0
3009 0.0
3010 1.0
3011 0.0
3012 1.0
3013 2.0
3014 0.0
3015 1.0
3016 1.0
3017 1.0
3018 0.0
3019 0.0
3020 1.0
3021 0.0
3022 2.0
3023 0.0
3024 1.0
3025 1.0
3026 1.0
3027 0.0
3028 1.0
3029 0.0
3030 0.0
3031 1.0
3032 1.0
3033 2.0
3034 1.0
3035 0.0
3036 0.0
3037 2.0
3038 0.0
3039 1.0
3040 0.0
3041 0.0
3042 1.0
3043 2.0
3044 1.0
3045 0.0
3046 0.0
3047 1.0
3048 0.0
3049 0.0
3050 1.0
3051 0.0
3052 1.0
3053 1.0
3054 2.0
3055 0.0
3056 1.0
3057 0.0
3058 2.0
3059 0.0
3060 0.0
3061 1.0
3062 0.0
3063 1.0
3064 2.0
3065 1.0
3066 0.0
3067 1.0
3068 0.0
3069 1.0
3070 0.0
3071 0.0
3072 1.0
3073 2.0
3074 0.0
3075 1.0
3076 1.0
3077 2.0
3078 0.0
3079 0.0
3080 0.0
3081 0.0
3082 0.0
3083 3.0
3084 1.0
3085 1.0
3086 0.0
3087 1.0
3088 1.0
3089 1.0
3090 0.0
3091 0.0
3092 0.0
3093 1.0
3094 1.0
3095 1.0
3096 0.0
3097 2.0
3098 0.0
3099 1.0
3100 0.0
3101 0.0
3102 1.0
3103 1.0
3104 2.0
3105 0.0
3106 1.0
3107 1.0
3108 0.0
3109 0.0
3110 1.0
3111 1.0
3112 0.0
3113 2.0
3114 2.0
3115 0.0
3116 0.0
3117 2.0
3118 0.0
3119 0.0
3120 1.0
3121 0.0
3122 0.0
3123 1.0
3124 2.0
3125 0.0
3126 0.0
3127 2.0
3128 0.0
3129 1.0
3130 0.0
3131 1.0
3132 0.0
3133 1.0
3134 1.0
3135 2.0
3136 0.0
3137 1.0
3138 1.0
3139 0.0
3140 0.0
3141 0.0
3142 1.0
3143 1.0
3144 1.0
3145 1.0
3146 1.0
3147 0.0
3148 2.0
3149 0.0
3150 0.0
3151 1.0
3152 0.0
3153 1.0
3154 1.0
3155 2.0
3156 0.0
3157 0.0
3158 1.0
3159 1.0
3160 0.0
3161 1.0
3162 0.0
3163 1.0
3164 1.0
3165 2.0
3166 0.0
3167 0.0
3168 2.0
3169 0.0
3170 1.0
3171 0.0
3172 0.0
3173 0.0
3174 2.0
3175 1.0
3176 0.0
3177 0.0
3178 2.0
3179 1.0
3180 0.0
3181 0.0
3182 1.0
3183 0.0
3184 1.0
3185 2.0
3186 0.0
3187 0.0
3188 1.0
3189 1.0
3190 0.0
3191 1.0
3192 0.0
3193 1.0
3194 0.0
3195 3.0
3196 0.0
3197 1.0
3198 0.0
3199 1.0
3200 0.0
3201 1.0
3202 0.0
3203 1.0
3204 1.0
3205 2.0
3206 0.0
3207 0.0
3208 2.0
3209 0.0
3210 0.0
3211 1.0
3212 1.0
3213 0.0
3214 1.0
3215 2.0
3216 0.0
3217 1.0
3218 1.0
3219 0.0
3220 1.0
3221 0.0
3222 0.0
3223 0.0
3224 2.0
3225 1.0
3226 0.0
3227 1.0
3228 2.0
3229 0.0
3230 0.0
3231 1.0
3232 0.0
3233 1.0
3234 1.0
3235 0.0
3236 1.0
3237 1.0
3238 1.0
3239 0.0
3240 0.0
3241 1.0
3242 0.0
3243 1.0
3244 2.0
3245 1.0
3246 0.0
3247 1.0
3248 1.0
3249 1.0
3250 0.0
3251 0.0
3252 0.0
3253 0.0
3254 2.0
3255 1.0
3256 1.0
3257 0.0
3258 2.0
3259 0.0
3260 0.0
3261 0.0
3262 1.0
3263 1.0
3264 1.0
3265 1.0
3266 1.0
3267 0.0
3268 2.0
3269 0.0
3270 1.0
3271 1.0
3272 0.0
3273 0.0
3274 1.0
3275 1.0
3276 1.0
3277 1.0
3278 0.0
3279 1.0
3280 1.0
3281 0.0
3282 0.0
3283 1.0
3284 0.0
3285 2.0
3286 0.0
3287 0.0
3288 1.0
3289 2.0
3290 1.0
3291 0.0
3292 0.0
3293 0.0
3294 0.0
3295 2.0
3296 1.0
3297 1.0
3298 1.0
3299 1.0
3300 0.0
3301 0.0
3302 0.0
3303 0.0
3304 1.0
3305 2.0
3306 1.0
3307 1.0
3308 1.0
3309 0.0
3310 1.0
3311 0.0
3312 1.0
3313 0.0
3314 0.0
3315 2.0
3316 2.0
3317 1.0
3318 0.0
3319 1.0
3320 0.0
3321 1.0
3322 0.0
3323 1.0
3324 0.0
3325 1.0
3326 2.0
3327 0.0
3328 0.0
3329 2.0
3330 0.0
3331 1.0
3332 0.0
3333 0.0
3334 0.0
3335 2.0
3336 2.0
3337 0.0
3338 0.0
3339 1.0
3340 0.0
3341 2.0
3342 0.0
3343 0.0
3344 0.0
3345 0.0
3346 3.0
3347 0.0
3348 1.0
3349 0.0
3350 2.0
3351 1.0
3352 0.0
3353 0.0
3354 0.0
3355 0.0
3356 3.0
3357 1.0
3358 0.0
3359 0.0
3360 1.0
3361 1.0
3362 0.0
3363 0.0
3364 0.0
3365 2.0
3366 1.0
3367 1.0
3368 1.0
3369 1.0
3370 0.0
3371 1.0
3372 0.0
3373 0.0
3374 1.0
3375 1.0
3376 1.0
3377 2.0
3378 1.0
3379 0.0
3380 1.0
3381 0.0
3382 1.0
3383 1.0
3384 0.0
3385 0.0
3386 0.0
3387 3.0
3388 1.0
3389 0.0
3390 0.0
3391 2.0
3392 0.0
3393 1.0
3394 0.0
3395 0.0
3396 1.0
3397 0.0
3398 2.0
3399 1.0
3400 0.0
3401 1.0
3402 1.0
3403 0.0
3404 0.0
3405 0.0
3406 1.0
3407 2.0
3408 1.0
3409 0.0
3410 0.0
3411 1.0
3412 1.0
3413 0.0
3414 1.0
3415 0.0
3416 1.0
3417 1.0
3418 1.0
3419 1.0
3420 0.0
3421 1.0
3422 1.0
3423 0.0
3424 0.0
3425 1.0
3426 1.0
3427 1.0
3428 2.0
3429 1.0
3430 0.0
3431 0.0
3432 0.0
3433 1.0
3434 0.0
3435 1.0
3436 0.0
3437 2.0
3438 1.0
3439 1.0
3440 0.0
3441 2.0
3442 0.0
3443 1.0
3444 0.0
3445 1.0
3446 0.0
3447 0.0
3448 2.0
3449 1.0
3450 0.0
3451 1.0
3452 1.0
3453 0.0
3454 1.0
3455 1.0
3456 0.0
3457 1.0
3458 1.0
3459 1.0
3460 0.0
3461 1.0
3462 1.0
3463 0.0
3464 1.0
3465 1.0
3466 0.0
3467 0.0
3468 1.0
3469 2.0
3470 0.0
3471 1.0
3472 1.0
3473 0.0
3474 1.0
3475 0.0
3476 0.0
3477 1.0
3478 1.0
3479 1.0
3480 2.0
3481 0.0
3482 1.0
3483 0.0
3484 2.0
3485 0.0
3486 0.0
3487 0.0
3488 1.0
3489 2.0
3490 1.0
3491 0.0
3492 0.0
3493 1.0
3494 2.0
3495 0.0
3496 0.0
3497 0.0
3498 2.0
3499 1.0
3500 0.0
3501 1.0
3502 1.0
3503 0.0
3504 1.0
3505 0.0
3506 1.0
3507 0.0
3508 1.0
3509 2.0
3510 1.0
3511 0.0
3512 0.0
3513 1.0
3514 1.0
3515 0.0
3516 1.0
3517 0.0
3518 0.0
3519 1.0
3520 2.0
3521 0.0
3522 1.0
3523 1.0
3524 0.0
3525 0.0
3526 1.0
3527 0.0
3528 1.0
3529 2.0
3530 0.0
3531 1.0
3532 1.0
3533 1.0
3534 0.0
3535 1.0
3536 0.0
3537 1.0
3538 0.0
3539 1.0
3540 2.0
3541 1.0
3542 0.0
3543 1.0
3544 1.0
3545 0.0
3546 0.0
3547 1.0
3548 0.0
3549 1.0
3550 2.0
3551 1.0
3552 0.0
3553 1.0
3554 0.0
3555 1.0
3556 0.0
3557 0.0
3558 1.0
3559 1.0
3560 2.0
3561 0.0
3562 1.0
3563 1.0
3564 1.0
3565 0.0
3566 0.0
3567 1.0
3568 0.0
3569 2.0
3570 1.0
3571 1.0
3572 0.0
3573 1.0
3574 0.0
3575 1.0
3576 0.0
3577 0.0
3578 1.0
3579 2.0
3580 1.0
3581 1.0
3582 0.0
3583 2.0
3584 0.0
3585 1.0
3586 0.0
3587 0.0
3588 0.0
3589 1.0
3590 2.0
3591 0.0
3592 0.0
3593 2.0
3594 0.0
3595 1.0
3596 0.0
3597 0.0
3598 0.0
3599 2.0
3600 1.0
3601 1.0
3602 1.0
3603 1.0
3604 0.0
3605 0.0
3606 1.0
3607 1.0
3608 0.0
3609 0.0
3610 2.0
3611 1.0
3612 1.0
3613 0.0
3614 1.0
3615 2.0
3616 0.0
3617 0.0
3618 0.0
3619 0.0
3620 2.0
3621 1.0
3622 1.0
3623 1.0
3624 0.0
3625 0.0
3626 2.0
3627 0.0
3628 0.0
3629 1.0
3630 1.0
3631 1.0
3632 0.0
3633 1.0
3634 2.0
3635 0.0
3636 0.0
3637 0.0
3638 0.0
3639 1.0
3640 2.0
3641 1.0
3642 0.0
3643 0.0
3644 2.0
3645 0.0
3646 2.0
3647 0.0
3648 0.0
3649 0.0
3650 2.0
3651 2.0
3652 0.0
3653 0.0
3654 1.0
3655 0.0
3656 1.0
3657 0.0
3658 1.0
3659 0.0
3660 2.0
3661 1.0
3662 0.0
3663 1.0
3664 2.0
3665 0.0
3666 1.0
3667 0.0
3668 0.0
3669 0.0
3670 2.0
3671 2.0
3672 0.0
3673 0.0
3674 1.0
3675 1.0
3676 0.0
3677 1.0
3678 0.0
3679 0.0
3680 2.0
3681 1.0
3682 1.0
3683 0.0
3684 1.0
3685 1.0
3686 0.0
3687 1.0
3688 1.0
3689 0.0
3690 1.0
3691 2.0
3692 0.0
3693 0.0
3694 1.0
3695 1.0
3696 1.0
3697 1.0
3698 0.0
3699 0.0
3700 0.0
3701 2.0
3702 1.0
3703 0.0
3704 1.0
3705 1.0
3706 1.0
3707 0.0
3708 1.0
3709 0.0
3710 1.0
3711 1.0
3712 2.0
3713 0.0
3714 0.0
3715 1.0
3716 1.0
3717 0.0
3718 1.0
3719 0.0
3720 1.0
3721 1.0
3722 1.0
3723 1.0
3724 0.0
3725 2.0
3726 0.0
3727 0.0
3728 0.0
3729 0.0
3730 1.0
3731 3.0
3732 0.0
3733 0.0
3734 1.0
3735 2.0
3736 0.0
3737 1.0
3738 0.0
3739 0.0
3740 0.0
3741 2.0
3742 2.0
3743 0.0
3744 0.0
3745 2.0
3746 0.0
3747 0.0
3748 0.0
3749 1.0
3750 0.0
3751 2.0
3752 1.0
3753 2.0
3754 0.0
3755 0.0
3756 1.0
3757 1.0
3758 0.0
3759 0.0
3760 0.0
3761 1.0
3762 3.0
3763 0.0
3764 0.0
3765 1.0
