0 0.0
1 336.0
2 328.0
3 258.0
4 168.0
5 168.0
6 238.0
7 168.0
8 168.0
9 168.0
10 238.0
11 168.0
12 168.0
13 126.0
14 284.0
15 242.0
16 1672.0
17 22081.0
18 35959.0
19 126.0
20 126.0
21 168.0
22 168.0
23 168.0
24 168.0
25 168.0
26 168.0
27 168.0
28 126.0
29 126.0
30 126.0
31 12773.0
32 126.0
33 126.0
34 168.0
35 168.0
36 168.0
37 168.0
38 168.0
39 168.0
40 168.0
41 126.0
42 168.0
43 168.0
44 168.0
45 168.0
46 168.0
47 168.0
48 168.0
49 126.0
50 7088.0
51 11363.0
52 9777.0
53 316.0
54 242.0
55 678.0
56 168.0
57 28143.0
58 9975.0
59 274.0
60 284.0
61 678.0
62 168.0
63 168.0
64 126.0
65 695.0
66 126.0
67 126.0
68 192.0
69 126.0
70 126.0
71 126.0
72 126.0
73 126.0
74 168.0
75 168.0
76 168.0
77 1553.0
78 814.0
79 42708.0
80 917.0
81 10619.0
82 25011.0
83 18369.0
84 21582.0
85 21768.0
86 22692.0
87 23581.0
88 25228.0
89 109956.0
90 62400.0
91 40259.0
92 57288.0
93 70936.0
94 145067.0
95 70608.0
96 85475.0
97 85423.0
98 205353.0
99 115706.0
100 126014.0
101 134041.0
102 246480.0
103 170007.0
104 174932.0
105 197187.0
106 195666.0
107 266196.0
108 320360.0
109 234136.0
110 239814.0
111 271772.0
112 332416.0
113 344391.0
114 318994.0
115 335479.0
116 337541.0
117 350496.0
118 361410.0
119 307649.0
120 444303.0
121 401760.0
122 397255.0
123 407208.0
124 410808.0
125 420288.0
126 432177.0
127 439863.0
128 445468.0
129 469230.0
130 448199.0
131 463600.0
132 473075.0
133 479434.0
134 487990.0
135 488240.0
136 497019.0
137 500725.0
138 503271.0
139 531342.0
140 488208.0
141 496220.0
142 503356.0
143 509940.0
144 501264.0
145 502308.0
146 507856.0
147 505614.0
148 506698.0
149 540071.0
150 483139.0
151 489055.0
152 502592.0
153 504254.0
154 502413.0
155 504224.0
156 503409.0
157 504255.0
158 504897.0
159 547174.0
160 482643.0
161 494445.0
162 499161.0
163 498260.0
164 503719.0
165 501463.0
166 511932.0
167 505872.0
168 504056.0
169 553157.0
170 486812.0
171 491080.0
172 495319.0
173 503691.0
174 501008.0
175 496812.0
176 513176.0
177 502929.0
178 503458.0
179 566543.0
180 471884.0
181 488929.0
182 494105.0
183 505023.0
184 502769.0
185 502866.0
186 503524.0
187 502482.0
188 503102.0
189 575053.0
190 468364.0
191 486837.0
192 512208.0
193 486048.0
194 503659.0
195 508895.0
196 507071.0
197 498606.0
198 509202.0
199 558383.0
200 477872.0
201 494187.0
202 500482.0
203 504829.0
204 496233.0
205 503592.0
206 502229.0
207 503406.0
208 504108.0
209 561117.0
210 480892.0
211 490302.0
212 497696.0
213 499564.0
214 501787.0
215 499040.0
216 507012.0
217 509831.0
218 505907.0
219 504560.0
220 550065.0
221 484549.0
222 496295.0
223 502243.0
224 503559.0
225 496810.0
226 501500.0
227 503887.0
228 502649.0
229 502601.0
230 552238.0
231 477181.0
232 497370.0
233 498696.0
234 502312.0
235 505510.0
236 499272.0
237 504602.0
238 508743.0
239 503718.0
240 552722.0
241 481932.0
242 492557.0
243 501482.0
244 503249.0
245 509457.0
246 497941.0
247 511800.0
248 501704.0
249 503375.0
250 550088.0
251 481164.0
252 494597.0
253 502398.0
254 494799.0
255 501919.0
256 503439.0
257 504660.0
258 504901.0
259 502568.0
260 564697.0
261 473273.0
262 491120.0
263 498959.0
264 495071.0
265 512142.0
266 497544.0
267 509068.0
268 514447.0
269 501977.0
270 555800.0
271 480186.0
272 491749.0
273 493632.0
274 500784.0
275 500409.0
276 510287.0
277 501718.0
278 502193.0
279 503907.0
280 562752.0
281 475582.0
282 490449.0
283 497158.0
284 508854.0
285 493785.0
286 504101.0
287 508652.0
288 503549.0
289 500801.0
290 559034.0
291 481434.0
292 494431.0
293 493926.0
294 504177.0
295 510337.0
296 496069.0
297 507841.0
298 504891.0
299 503060.0
300 563044.0
301 472583.0
302 490865.0
303 497810.0
304 499309.0
305 503675.0
306 503323.0
307 502106.0
308 504301.0
309 505529.0
310 562672.0
311 483140.0
312 486333.0
313 498093.0
314 511411.0
315 504049.0
316 484928.0
317 509222.0
318 509177.0
319 499156.0
320 512621.0
321 551032.0
322 481788.0
323 491878.0
324 502210.0
325 504517.0
326 500062.0
327 498555.0
328 505168.0
329 504623.0
330 505002.0
331 545223.0
332 483071.0
333 495061.0
334 499887.0
335 503802.0
336 502477.0
337 499339.0
338 503050.0
339 509403.0
340 502595.0
341 565169.0
342 475321.0
343 496479.0
344 500650.0
345 503407.0
346 502945.0
347 494827.0
348 506481.0
349 502758.0
350 502971.0
351 555739.0
352 479290.0
353 494220.0
354 498148.0
355 506144.0
356 501433.0
357 495174.0
358 504124.0
359 503669.0
360 509812.0
361 557322.0
362 480702.0
363 498898.0
364 492452.0
365 508575.0
366 504973.0
367 496840.0
368 505330.0
369 505208.0
370 500538.0
371 566428.0
372 474989.0
373 488968.0
374 499610.0
375 502722.0
376 505162.0
377 493092.0
378 505034.0
379 503754.0
380 505191.0
381 563181.0
382 474507.0
383 489169.0
384 501185.0
385 509191.0
386 503390.0
387 491603.0
388 501941.0
389 510759.0
390 509025.0
391 530082.0
392 515725.0
393 485836.0
394 497210.0
395 503836.0
396 505501.0
397 492366.0
398 504274.0
399 503456.0
400 504667.0
401 515784.0
402 526660.0
403 488137.0
404 498286.0
405 502701.0
406 506641.0
407 491923.0
408 505094.0
409 505340.0
410 502925.0
411 504125.0
412 549666.0
413 490024.0
414 492388.0
415 506137.0
416 505254.0
417 492950.0
418 509084.0
419 504172.0
420 502859.0
421 502742.0
422 545227.0
423 484285.0
424 496237.0
425 505240.0
426 502018.0
427 495379.0
428 503531.0
429 504491.0
430 504445.0
431 504762.0
432 545443.0
433 488708.0
434 489640.0
435 511569.0
436 502199.0
437 497624.0
438 501428.0
439 507590.0
440 507507.0
441 501533.0
442 551759.0
443 482058.0
444 492996.0
445 502969.0
446 504535.0
447 500955.0
448 497223.0
449 504518.0
450 505640.0
451 503300.0
452 552881.0
453 477954.0
454 495899.0
455 499950.0
456 504434.0
457 495213.0
458 505194.0
459 504389.0
460 501653.0
461 507707.0
462 573957.0
463 469974.0
464 494012.0
465 500382.0
466 496560.0
467 511203.0
468 494417.0
469 503820.0
470 506275.0
471 503281.0
472 552538.0
473 490018.0
474 488624.0
475 496345.0
476 504988.0
477 503200.0
478 494237.0
479 505188.0
480 502110.0
481 504494.0
482 510830.0
483 544455.0
484 489592.0
485 498724.0
486 500425.0
487 501644.0
488 494610.0
489 506050.0
490 498382.0
491 512450.0
492 505173.0
493 548646.0
494 483435.0
495 493693.0
496 502569.0
497 505908.0
498 496366.0
499 500097.0
500 505767.0
501 504238.0
502 503661.0
503 549196.0
504 489502.0
505 485916.0
506 507210.0
507 505170.0
508 502098.0
509 494692.0
510 514164.0
511 500050.0
512 505034.0
513 563424.0
514 472813.0
515 492569.0
516 498432.0
517 504919.0
518 505930.0
519 494292.0
520 505547.0
521 503030.0
522 506161.0
523 560180.0
524 473732.0
525 492230.0
526 497488.0
527 505983.0
528 503550.0
529 497256.0
530 502872.0
531 503216.0
532 504878.0
533 537178.0
534 518265.0
535 488080.0
536 493729.0
537 507629.0
538 502930.0
539 490875.0
540 510668.0
541 504486.0
542 500333.0
543 515569.0
544 530963.0
545 483578.0
546 497088.0
547 502345.0
548 505353.0
549 493712.0
550 502919.0
551 504018.0
552 504681.0
553 511305.0
554 536178.0
555 484388.0
556 502254.0
557 507744.0
558 500368.0
559 501528.0
560 499673.0
561 506719.0
562 503258.0
563 504031.0
564 548351.0
565 478754.0
566 498611.0
567 502944.0
568 504147.0
569 497695.0
570 503791.0
571 502055.0
572 501127.0
573 505347.0
574 545939.0
575 482314.0
576 496348.0
577 501825.0
578 497056.0
579 504447.0
580 509279.0
581 502729.0
582 498634.0
583 515893.0
584 552092.0
585 480551.0
586 488315.0
587 502709.0
588 507121.0
589 502638.0
590 493410.0
591 507605.0
592 505599.0
593 502585.0
594 552403.0
595 478754.0
596 494054.0
597 497324.0
598 507292.0
599 502721.0
600 493065.0
601 506521.0
602 501758.0
603 506237.0
604 562036.0
605 479670.0
606 493438.0
607 497882.0
608 505312.0
609 500671.0
610 498846.0
611 510324.0
612 492017.0
613 513406.0
614 567419.0
615 472457.0
616 489839.0
617 501578.0
618 502686.0
619 504567.0
620 494108.0
621 503788.0
622 506398.0
623 502398.0
624 562918.0
625 472059.0
626 491707.0
627 502479.0
628 507072.0
629 504009.0
630 491822.0
631 502723.0
632 515502.0
633 497609.0
634 570602.0
635 470571.0
636 490406.0
637 495914.0
638 508491.0
639 501625.0
640 496323.0
641 503510.0
642 504977.0
643 504963.0
644 563583.0
645 474208.0
646 489131.0
647 497590.0
648 503466.0
649 504457.0
650 494178.0
651 503949.0
652 506781.0
653 504176.0
654 509348.0
655 542712.0
656 500532.0
657 489829.0
658 496529.0
659 503921.0
660 504232.0
661 492709.0
662 506310.0
663 502657.0
664 508594.0
665 541156.0
666 495241.0
667 487971.0
668 498897.0
669 501132.0
670 505066.0
671 495100.0
672 504967.0
673 502483.0
674 505705.0
675 506024.0
676 535343.0
677 489924.0
678 497026.0
679 511260.0
680 498898.0
681 498755.0
682 506588.0
683 503474.0
684 497499.0
685 506370.0
686 548600.0
687 484986.0
688 496405.0
689 505461.0
690 502987.0
691 495505.0
692 505149.0
693 502396.0
694 504168.0
695 503996.0
696 539592.0
697 488886.0
698 493542.0
699 502022.0
700 510509.0
701 492294.0
702 503004.0
703 506901.0
704 505110.0
705 499843.0
706 556598.0
707 479263.0
708 496646.0
709 505137.0
710 506940.0
711 491545.0
712 506283.0
713 506781.0
714 501135.0
715 501043.0
716 547357.0
717 485188.0
718 496225.0
719 502533.0
720 503261.0
721 499535.0
722 498608.0
723 505703.0
724 502267.0
725 504869.0
726 555966.0
727 485455.0
728 491602.0
729 501029.0
730 506006.0
731 497462.0
732 500388.0
733 504009.0
734 508749.0
735 505030.0
736 546633.0
737 481135.0
738 496362.0
739 501300.0
740 504623.0
741 499824.0
742 498631.0
743 503981.0
744 505059.0
745 504156.0
746 561959.0
747 472351.0
748 490671.0
749 499685.0
750 505270.0
751 503633.0
752 495657.0
753 502838.0
754 505397.0
755 516176.0
756 567277.0
757 470716.0
758 488909.0
759 499633.0
760 504702.0
761 504198.0
762 492796.0
763 504875.0
764 502596.0
765 504741.0
766 523431.0
767 520884.0
768 486156.0
769 498081.0
770 505341.0
771 503543.0
772 493561.0
773 504498.0
774 503044.0
775 506634.0
776 512365.0
777 534264.0
778 482971.0
779 501709.0
780 511081.0
781 500117.0
782 494712.0
783 506954.0
784 503314.0
785 504746.0
786 501609.0
787 544064.0
788 483019.0
789 497177.0
790 502906.0
791 504043.0
792 496672.0
793 501668.0
794 504100.0
795 503777.0
796 503002.0
797 547417.0
798 482050.0
799 494520.0
800 507112.0
801 507459.0
802 487690.0
803 507200.0
804 507159.0
805 504458.0
806 501259.0
807 552208.0
808 484207.0
809 494665.0
810 504382.0
811 504978.0
812 497932.0
813 500537.0
814 502642.0
815 506351.0
816 501583.0
817 552560.0
818 477032.0
819 495034.0
820 498471.0
821 504184.0
822 511678.0
823 485524.0
824 508105.0
825 501386.0
826 505250.0
827 563534.0
828 482083.0
829 491584.0
830 497975.0
831 507620.0
832 492958.0
833 505480.0
834 508139.0
835 499439.0
836 503325.0
837 545727.0
838 493009.0
839 487559.0
840 499636.0
841 502570.0
842 503239.0
843 496865.0
844 504690.0
845 505022.0
846 501887.0
847 516767.0
848 527103.0
849 484221.0
850 502388.0
851 502311.0
852 506798.0
853 496664.0
854 498482.0
855 511907.0
856 498420.0
857 506406.0
858 540415.0
859 487587.0
860 498010.0
861 501731.0
862 498864.0
863 498526.0
864 505303.0
865 504260.0
866 502994.0
867 502807.0
868 541586.0
869 486928.0
870 494460.0
871 505633.0
872 505682.0
873 492782.0
874 502993.0
875 512957.0
876 506124.0
877 498979.0
878 555036.0
879 484315.0
880 494928.0
881 500031.0
882 505872.0
883 499278.0
884 498068.0
885 502831.0
886 505884.0
887 504425.0
888 552121.0
889 475773.0
890 488849.0
891 501661.0
892 504258.0
893 505804.0
894 493115.0
895 502744.0
896 508111.0
897 501036.0
898 561766.0
899 477123.0
900 492847.0
901 493144.0
902 512639.0
903 504294.0
904 494436.0
905 509310.0
906 504889.0
907 500961.0
908 563214.0
909 473258.0
910 492014.0
911 500191.0
912 501869.0
913 505441.0
914 496131.0
915 502855.0
916 502815.0
917 504647.0
918 565351.0
919 469115.0
920 492442.0
921 498488.0
922 502446.0
923 511720.0
924 492368.0
925 502643.0
926 512288.0
927 497986.0
928 559692.0
929 483873.0
930 488044.0
931 499837.0
932 503726.0
933 504186.0
934 494158.0
935 503599.0
936 506594.0
937 500120.0
938 558359.0
939 476269.0
940 487136.0
941 495380.0
942 506057.0
943 504987.0
944 492346.0
945 504989.0
946 503793.0
947 503769.0
948 511225.0
949 539037.0
950 497367.0
951 494770.0
952 502124.0
953 503254.0
954 497635.0
955 504372.0
956 505050.0
957 505598.0
958 502593.0
959 546856.0
960 484250.0
961 494083.0
962 502052.0
963 503425.0
964 498729.0
965 501107.0
966 504852.0
967 503040.0
968 503393.0
969 547894.0
970 482516.0
971 496126.0
972 506161.0
973 504315.0
974 503538.0
975 499311.0
976 497097.0
977 501707.0
978 513644.0
979 544501.0
980 483449.0
981 492834.0
982 500264.0
983 505996.0
984 502591.0
985 498320.0
986 502245.0
987 502999.0
988 504346.0
989 548143.0
990 479262.0
991 492447.0
992 500606.0
993 503105.0
994 509334.0
995 495670.0
996 502144.0
997 507666.0
998 497709.0
999 561805.0
1000 478231.0
1001 498171.0
1002 498083.0
1003 504956.0
1004 504763.0
1005 495574.0
1006 505706.0
1007 505571.0
1008 500340.0
1009 562292.0
1010 469607.0
1011 491299.0
1012 498778.0
1013 504381.0
1014 504263.0
1015 493628.0
1016 504909.0
1017 504254.0
1018 507767.0
1019 571123.0
1020 463838.0
1021 495793.0
1022 495375.0
1023 512230.0
1024 506106.0
1025 489075.0
1026 503866.0
1027 506445.0
1028 508610.0
1029 544875.0
1030 491282.0
1031 490037.0
1032 498351.0
1033 504030.0
1034 502977.0
1035 494614.0
1036 503670.0
1037 505432.0
1038 506650.0
1039 499749.0
1040 548563.0
1041 477977.0
1042 495824.0
1043 509150.0
1044 503439.0
1045 494204.0
1046 504816.0
1047 509647.0
1048 503257.0
1049 506077.0
1050 549144.0
1051 482977.0
1052 491602.0
1053 502555.0
1054 506302.0
1055 500830.0
1056 497605.0
1057 504258.0
1058 503822.0
1059 503905.0
1060 547465.0
1061 476683.0
1062 492546.0
1063 503726.0
1064 501424.0
1065 505410.0
1066 493492.0
1067 508962.0
1068 503800.0
1069 506778.0
1070 557828.0
1071 480595.0
1072 491570.0
1073 503079.0
1074 503450.0
1075 498020.0
1076 501339.0
1077 503956.0
1078 504990.0
1079 501776.0
1080 568597.0
1081 459969.0
1082 490733.0
1083 498695.0
1084 505520.0
1085 503732.0
1086 493165.0
1087 505248.0
1088 503475.0
1089 503267.0
1090 560015.0
1091 474251.0
1092 494095.0
1093 499232.0
1094 514987.0
1095 502634.0
1096 496242.0
1097 507845.0
1098 498518.0
1099 503170.0
1100 566700.0
1101 478901.0
1102 487622.0
1103 497844.0
1104 505061.0
1105 503529.0
1106 492398.0
1107 505061.0
1108 503832.0
1109 504659.0
1110 507112.0
1111 535569.0
1112 482077.0
1113 500856.0
1114 500330.0
1115 505628.0
1116 500575.0
1117 496670.0
1118 508601.0
1119 502850.0
1120 511203.0
1121 545130.0
1122 484759.0
1123 496316.0
1124 504429.0
1125 504074.0
1126 494824.0
1127 501319.0
1128 507050.0
1129 503165.0
1130 502877.0
1131 551811.0
1132 479828.0
1133 494398.0
1134 498639.0
1135 504834.0
1136 502192.0
1137 497462.0
1138 503687.0
1139 504432.0
1140 511061.0
1141 549703.0
1142 478862.0
1143 494762.0
1144 499381.0
1145 503798.0
1146 510595.0
1147 494319.0
1148 504052.0
1149 506909.0
1150 503861.0
1151 504914.0
1152 536666.0
1153 482471.0
1154 498006.0
1155 501676.0
1156 505457.0
1157 495469.0
1158 502844.0
1159 503832.0
1160 504402.0
1161 505798.0
1162 546296.0
1163 481932.0
1164 497071.0
1165 505571.0
1166 505632.0
1167 495688.0
1168 507291.0
1169 500930.0
1170 507213.0
1171 509087.0
1172 535128.0
1173 483189.0
1174 500017.0
1175 503970.0
1176 500747.0
1177 496687.0
1178 503253.0
1179 503785.0
1180 503556.0
1181 504741.0
1182 543804.0
1183 480929.0
1184 492823.0
1185 501979.0
1186 503510.0
1187 500141.0
1188 497840.0
1189 508779.0
1190 505444.0
1191 502834.0
1192 556718.0
1193 482443.0
1194 495203.0
1195 503565.0
1196 504814.0
1197 500357.0
1198 500277.0
1199 503124.0
1200 503581.0
1201 503938.0
1202 544393.0
1203 479018.0
1204 491866.0
1205 501958.0
1206 505527.0
1207 500057.0
1208 495631.0
1209 505092.0
1210 503267.0
1211 506026.0
1212 544396.0
1213 485204.0
1214 499767.0
1215 500460.0
1216 504583.0
1217 507559.0
1218 495936.0
1219 503698.0
1220 508731.0
1221 495686.0
1222 554216.0
1223 482717.0
1224 493482.0
1225 500364.0
1226 505505.0
1227 496819.0
1228 501113.0
1229 504902.0
1230 502943.0
1231 504656.0
1232 555235.0
1233 476112.0
1234 492910.0
1235 499218.0
1236 505077.0
1237 503819.0
1238 501573.0
1239 501421.0
1240 505327.0
1241 509867.0
1242 560287.0
1243 470610.0
1244 492396.0
1245 499535.0
1246 503039.0
1247 505231.0
1248 494697.0
1249 506047.0
1250 504925.0
1251 503160.0
1252 561195.0
1253 472613.0
1254 489981.0
1255 500087.0
1256 504904.0
1257 503158.0
1258 495623.0
1259 506120.0
1260 503914.0
1261 503422.0
1262 552146.0
1263 494378.0
1264 488762.0
1265 498014.0
1266 503761.0
1267 491756.0
1268 503918.0
1269 507777.0
1270 504626.0
1271 506493.0
1272 517118.0
1273 523589.0
1274 489391.0
1275 495977.0
1276 503619.0
1277 502639.0
1278 496543.0
1279 504143.0
1280 504596.0
1281 504268.0
1282 512389.0
1283 523320.0
1284 488147.0
1285 499223.0
1286 504518.0
1287 501130.0
1288 496825.0
1289 510267.0
1290 506086.0
1291 504987.0
1292 496628.0
1293 545133.0
1294 485811.0
1295 493480.0
1296 506166.0
1297 504148.0
1298 494171.0
1299 501907.0
1300 504875.0
1301 505241.0
1302 502668.0
1303 542332.0
1304 485552.0
1305 494053.0
1306 503764.0
1307 505888.0
1308 496445.0
1309 502788.0
1310 501943.0
1311 504738.0
1312 511664.0
1313 546425.0
1314 477492.0
1315 506609.0
1316 500492.0
1317 502997.0
1318 501265.0
1319 499521.0
1320 505080.0
1321 506561.0
1322 499648.0
1323 546291.0
1324 480165.0
1325 494619.0
1326 502233.0
1327 503103.0
1328 494374.0
1329 504743.0
1330 503812.0
1331 505000.0
1332 504450.0
1333 548199.0
1334 478545.0
1335 497317.0
1336 499342.0
1337 509766.0
1338 500060.0
1339 496963.0
1340 511190.0
1341 500212.0
1342 508664.0
1343 554010.0
1344 478245.0
1345 493459.0
1346 501225.0
1347 507120.0
1348 500863.0
1349 495087.0
1350 505020.0
1351 505450.0
1352 503384.0
1353 549641.0
1354 481373.0
1355 494105.0
1356 500745.0
1357 505273.0
1358 507140.0
1359 492697.0
1360 506371.0
1361 504212.0
1362 508021.0
1363 558731.0
1364 468641.0
1365 492379.0
1366 499293.0
1367 508225.0
1368 504268.0
1369 495415.0
1370 503638.0
1371 504421.0
1372 502849.0
1373 565660.0
1374 470925.0
1375 489835.0
1376 499727.0
1377 502187.0
1378 505885.0
1379 494699.0
1380 503574.0
1381 505411.0
1382 506667.0
1383 561684.0
1384 470013.0
1385 499193.0
1386 490105.0
1387 509169.0
1388 507910.0
1389 492122.0
1390 509845.0
1391 503534.0
1392 505021.0
1393 522586.0
1394 519599.0
1395 488459.0
1396 496962.0
1397 502451.0
1398 506771.0
1399 492059.0
1400 504320.0
1401 504986.0
1402 503045.0
1403 507313.0
1404 536929.0
1405 483442.0
1406 495787.0
1407 507686.0
1408 500235.0
1409 496787.0
1410 507739.0
1411 501717.0
1412 509945.0
1413 506964.0
1414 541533.0
1415 485519.0
1416 496985.0
1417 501628.0
1418 505054.0
1419 497119.0
1420 502364.0
1421 504292.0
1422 505304.0
1423 502764.0
1424 549675.0
1425 476354.0
1426 492718.0
1427 500620.0
1428 503725.0
1429 504997.0
1430 495477.0
1431 503912.0
1432 504040.0
1433 503472.0
1434 557350.0
1435 481477.0
1436 490406.0
1437 509772.0
1438 505033.0
1439 498178.0
1440 492615.0
1441 510939.0
1442 503580.0
1443 505551.0
1444 550627.0
1445 478356.0
1446 492875.0
1447 501360.0
1448 505070.0
1449 502921.0
1450 495907.0
1451 504356.0
1452 505645.0
1453 502221.0
1454 554908.0
1455 472228.0
1456 495918.0
1457 496846.0
1458 504909.0
1459 511829.0
1460 489792.0
1461 499740.0
1462 514575.0
1463 500477.0
1464 565560.0
1465 474648.0
1466 491965.0
1467 499837.0
1468 503323.0
1469 503439.0
1470 495474.0
1471 503910.0
1472 504301.0
1473 503396.0
1474 566231.0
1475 470584.0
1476 491593.0
1477 500303.0
1478 503413.0
1479 502983.0
1480 496138.0
1481 502750.0
1482 506382.0
1483 514511.0
1484 567791.0
1485 464132.0
1486 491457.0
1487 496416.0
1488 504471.0
1489 508052.0
1490 494487.0
1491 502432.0
1492 505529.0
1493 502685.0
1494 563508.0
1495 472390.0
1496 487454.0
1497 499014.0
1498 505299.0
1499 501559.0
1500 495250.0
1501 503310.0
1502 505001.0
1503 504421.0
1504 554144.0
1505 489263.0
1506 484210.0
1507 499775.0
1508 507322.0
1509 503614.0
1510 492067.0
1511 510524.0
1512 505851.0
1513 502200.0
1514 533265.0
1515 510381.0
1516 487675.0
1517 496136.0
1518 505083.0
1519 503812.0
1520 492986.0
1521 505809.0
1522 504186.0
1523 503693.0
1524 508176.0
1525 533108.0
1526 485689.0
1527 498490.0
1528 505464.0
1529 508235.0
1530 494121.0
1531 501411.0
1532 509496.0
1533 499896.0
1534 507162.0
1535 547115.0
1536 481833.0
1537 497287.0
1538 504257.0
1539 506282.0
1540 496884.0
1541 498433.0
1542 502625.0
1543 506029.0
1544 504261.0
1545 541117.0
1546 481392.0
1547 493600.0
1548 503302.0
1549 493874.0
1550 505663.0
1551 500221.0
1552 503876.0
1553 504565.0
1554 503958.0
1555 560100.0
1556 474578.0
1557 505856.0
1558 497382.0
1559 507703.0
1560 501562.0
1561 502599.0
1562 500732.0
1563 504326.0
1564 503700.0
1565 563642.0
1566 467427.0
1567 489389.0
1568 498439.0
1569 497743.0
1570 503323.0
1571 503622.0
1572 503095.0
1573 508315.0
1574 503707.0
1575 552447.0
1576 480047.0
1577 495170.0
1578 508146.0
1579 496639.0
1580 500390.0
1581 510955.0
1582 501218.0
1583 493450.0
1584 514329.0
1585 557365.0
1586 478675.0
1587 488828.0
1588 498862.0
1589 504350.0
1590 494665.0
1591 508011.0
1592 506330.0
1593 500507.0
1594 501259.0
1595 562810.0
1596 478160.0
1597 486598.0
1598 490425.0
1599 500645.0
1600 503000.0
1601 502870.0
1602 504526.0
1603 505681.0
1604 503513.0
1605 533965.0
1606 514103.0
1607 492988.0
1608 497911.0
1609 500687.0
1610 508472.0
1611 495872.0
1612 504644.0
1613 504862.0
1614 503922.0
1615 504675.0
1616 536678.0
1617 483899.0
1618 496898.0
1619 500351.0
1620 505975.0
1621 495041.0
1622 503677.0
1623 505529.0
1624 501410.0
1625 505078.0
1626 545520.0
1627 483440.0
1628 498224.0
1629 498159.0
1630 513605.0
1631 495108.0
1632 500127.0
1633 509280.0
1634 503578.0
1635 505870.0
1636 543709.0
1637 485836.0
1638 491206.0
1639 503882.0
1640 504260.0
1641 496153.0
1642 504547.0
1643 501142.0
1644 503824.0
1645 503896.0
1646 547607.0
1647 481159.0
1648 494015.0
1649 498555.0
1650 508399.0
1651 500555.0
1652 501068.0
1653 498759.0
1654 505962.0
1655 510420.0
1656 569762.0
1657 474164.0
1658 492001.0
1659 496935.0
1660 504224.0
1661 508201.0
1662 490119.0
1663 503959.0
1664 503719.0
1665 504085.0
1666 562481.0
1667 470474.0
1668 491322.0
1669 500068.0
1670 503456.0
1671 504026.0
1672 497956.0
1673 501847.0
1674 505567.0
1675 502491.0
1676 568799.0
1677 469328.0
1678 489416.0
1679 506038.0
1680 505486.0
1681 487282.0
1682 515091.0
1683 503349.0
1684 504523.0
1685 501543.0
1686 567871.0
1687 468634.0
1688 492248.0
1689 499304.0
1690 503711.0
1691 504555.0
1692 496000.0
1693 505659.0
1694 502466.0
1695 502592.0
1696 537432.0
1697 502151.0
1698 491502.0
1699 494593.0
1700 505109.0
1701 510237.0
1702 487216.0
1703 515342.0
1704 499619.0
1705 507847.0
1706 502104.0
1707 545359.0
1708 484092.0
1709 497556.0
1710 503736.0
1711 500097.0
1712 499037.0
1713 503678.0
1714 504263.0
1715 501878.0
1716 505358.0
1717 534979.0
1718 485314.0
1719 495825.0
1720 502734.0
1721 503882.0
1722 495550.0
1723 504700.0
1724 504097.0
1725 503389.0
1726 506848.0
1727 541232.0
1728 491707.0
1729 486773.0
1730 509977.0
1731 506911.0
1732 488333.0
1733 504040.0
1734 511421.0
1735 500031.0
1736 501900.0
1737 555066.0
1738 479186.0
1739 495026.0
1740 501848.0
1741 502528.0
1742 500911.0
1743 497531.0
1744 507344.0
1745 499186.0
1746 505393.0
1747 547871.0
1748 478846.0
1749 497445.0
1750 511779.0
1751 494505.0
1752 506488.0
1753 504566.0
1754 506575.0
1755 504279.0
1756 502301.0
1757 546614.0
1758 483364.0
1759 489376.0
1760 499377.0
1761 500618.0
1762 501679.0
1763 511981.0
1764 498245.0
1765 503042.0
1766 505301.0
1767 549018.0
1768 483472.0
1769 489664.0
1770 495167.0
1771 504117.0
1772 497452.0
1773 504198.0
1774 510207.0
1775 499986.0
1776 506550.0
1777 558891.0
1778 475508.0
1779 491586.0
1780 497476.0
1781 502605.0
1782 505213.0
1783 503281.0
1784 499030.0
1785 506562.0
1786 503769.0
1787 551164.0
1788 480364.0
1789 490833.0
1790 508109.0
1791 501021.0
1792 502883.0
1793 494503.0
1794 513105.0
1795 496757.0
1796 508051.0
1797 554627.0
1798 480565.0
1799 488374.0
1800 501045.0
1801 493623.0
1802 499378.0
1803 508716.0
1804 519057.0
1805 499785.0
1806 502541.0
1807 568756.0
1808 461150.0
1809 481844.0
1810 496554.0
1811 505944.0
1812 503626.0
1813 502147.0
1814 503337.0
1815 504023.0
1816 502530.0
1817 537164.0
1818 507207.0
1819 488467.0
1820 499816.0
1821 505163.0
1822 489486.0
1823 503630.0
1824 503576.0
1825 503792.0
1826 514330.0
1827 555947.0
1828 489128.0
1829 488550.0
1830 498962.0
1831 503972.0
1832 506322.0
1833 492469.0
1834 505543.0
1835 503790.0
1836 505206.0
1837 537881.0
1838 499528.0
1839 488650.0
1840 498263.0
1841 504720.0
1842 503158.0
1843 494674.0
1844 504301.0
1845 504206.0
1846 504614.0
1847 533343.0
1848 505005.0
1849 486835.0
1850 506983.0
1851 502347.0
1852 503528.0
1853 495373.0
1854 507550.0
1855 505329.0
1856 499523.0
1857 504995.0
1858 538523.0
1859 487828.0
1860 498974.0
1861 502915.0
1862 502308.0
1863 495043.0
1864 505406.0
1865 502610.0
1866 505317.0
1867 505250.0
1868 541724.0
1869 485306.0
1870 496736.0
1871 503815.0
1872 506577.0
1873 490824.0
1874 509064.0
1875 502694.0
1876 506210.0
1877 508272.0
1878 545131.0
1879 479361.0
1880 497002.0
1881 503816.0
1882 502570.0
1883 497095.0
1884 500750.0
1885 505339.0
1886 503338.0
1887 503951.0
1888 545993.0
1889 483707.0
1890 489470.0
1891 503739.0
1892 503754.0
1893 506489.0
1894 492378.0
1895 506325.0
1896 507138.0
1897 506402.0
1898 555352.0
1899 482348.0
1900 493733.0
1901 500678.0
1902 505936.0
1903 502776.0
1904 495491.0
1905 504053.0
1906 503374.0
1907 502249.0
1908 566381.0
1909 472273.0
1910 489926.0
1911 498540.0
1912 503733.0
1913 504659.0
1914 494346.0
1915 506134.0
1916 504682.0
1917 506621.0
1918 535460.0
1919 499529.0
1920 484992.0
1921 502947.0
1922 498400.0
1923 491986.0
1924 514960.0
1925 506773.0
1926 504465.0
1927 502743.0
1928 506966.0
1929 536020.0
1930 487126.0
1931 501609.0
1932 498700.0
1933 504734.0
1934 494600.0
1935 504787.0
1936 506006.0
1937 501910.0
1938 504576.0
1939 551145.0
1940 483809.0
1941 491671.0
1942 501975.0
1943 503068.0
1944 505577.0
1945 497207.0
1946 511044.0
1947 498179.0
1948 512576.0
1949 553693.0
1950 467365.0
1951 489791.0
1952 498910.0
1953 500145.0
1954 502838.0
1955 502417.0
1956 505232.0
1957 502930.0
1958 503397.0
1959 555551.0
1960 478700.0
1961 491825.0
1962 494175.0
1963 504966.0
1964 501548.0
1965 504261.0
1966 501150.0
1967 504574.0
1968 505069.0
1969 562099.0
1970 480466.0
1971 493783.0
1972 495458.0
1973 512115.0
1974 492338.0
1975 497820.0
1976 511353.0
1977 504352.0
1978 503871.0
1979 566680.0
1980 468000.0
1981 490512.0
1982 500958.0
1983 505325.0
1984 503895.0
1985 492715.0
1986 504256.0
1987 503901.0
1988 501498.0
1989 534282.0
1990 508292.0
1991 489612.0
1992 499004.0
1993 501401.0
1994 516386.0
1995 485499.0
1996 503698.0
1997 514787.0
1998 496413.0
1999 543331.0
2000 505345.0
2001 487146.0
2002 498865.0
2003 503841.0
2004 506640.0
2005 495808.0
2006 501607.0
2007 503805.0
2008 502560.0
2009 529418.0
2010 507720.0
2011 486968.0
2012 495917.0
2013 504462.0
2014 504474.0
2015 494253.0
2016 505082.0
2017 503188.0
2018 504604.0
2019 509174.0
2020 542825.0
2021 485996.0
2022 498971.0
2023 502886.0
2024 505649.0
2025 498548.0
2026 498433.0
2027 503059.0
2028 506297.0
2029 505700.0
2030 543914.0
2031 482895.0
2032 495877.0
2033 502323.0
2034 503887.0
2035 495716.0
2036 503703.0
2037 505575.0
2038 504085.0
2039 500745.0
2040 550239.0
2041 480514.0
2042 494434.0
2043 502368.0
2044 506980.0
2045 495403.0
2046 509046.0
2047 502956.0
2048 494653.0
2049 512078.0
2050 546616.0
2051 485275.0
2052 494684.0
2053 501130.0
2054 506687.0
2055 494114.0
2056 503961.0
2057 503766.0
2058 502057.0
2059 503547.0
2060 546757.0
2061 482952.0
2062 496170.0
2063 501798.0
2064 504543.0
2065 504471.0
2066 495003.0
2067 508590.0
2068 499540.0
2069 508639.0
2070 546476.0
2071 485748.0
2072 488996.0
2073 501389.0
2074 511654.0
2075 501216.0
2076 494386.0
2077 505288.0
2078 503353.0
2079 504347.0
2080 557651.0
2081 476370.0
2082 491914.0
2083 499523.0
2084 505808.0
2085 502369.0
2086 495330.0
2087 505037.0
2088 504150.0
2089 503834.0
2090 573283.0
2091 466831.0
2092 492414.0
2093 497259.0
2094 509203.0
2095 512494.0
2096 486398.0
2097 504353.0
2098 507157.0
2099 502569.0
2100 563647.0
2101 473934.0
2102 488765.0
2103 498072.0
2104 502604.0
2105 505343.0
2106 493852.0
2107 504426.0
2108 501985.0
2109 504394.0
2110 504284.0
2111 541561.0
2112 483527.0
2113 497667.0
2114 503407.0
2115 505673.0
2116 493240.0
2117 512140.0
2118 504231.0
2119 497862.0
2120 513004.0
2121 540632.0
2122 479554.0
2123 501978.0
2124 504315.0
2125 504132.0
2126 494133.0
2127 504770.0
2128 503740.0
2129 504911.0
2130 500382.0
2131 545369.0
2132 483106.0
2133 495689.0
2134 500941.0
2135 504611.0
2136 502102.0
2137 495206.0
2138 504878.0
2139 504932.0
2140 505494.0
2141 545123.0
2142 491978.0
2143 487278.0
2144 513149.0
2145 503616.0
2146 492946.0
2147 507808.0
2148 499738.0
2149 503500.0
2150 507824.0
2151 470406.0
2152 419485.0
2153 507259.0
2154 506722.0
2155 506244.0
2156 504798.0
2157 500955.0
2158 502096.0
2159 502791.0
2160 504914.0
2161 513472.0
2162 504573.0
2163 500148.0
2164 497609.0
2165 507081.0
2166 511581.0
2167 502435.0
2168 506969.0
2169 505316.0
2170 503693.0
2171 509536.0
2172 501121.0
2173 504684.0
2174 496739.0
2175 502084.0
2176 505243.0
2177 503861.0
2178 504243.0
2179 503850.0
2180 503260.0
2181 467220.0
2182 501427.0
2183 505444.0
2184 504799.0
2185 499919.0
2186 502500.0
2187 505508.0
2188 503379.0
2189 504463.0
2190 506661.0
2191 481085.0
2192 499107.0
2193 509109.0
2194 508175.0
2195 505696.0
2196 498539.0
2197 501069.0
2198 502682.0
2199 503601.0
2200 503743.0
2201 492763.0
2202 486864.0
2203 499697.0
2204 503959.0
2205 505233.0
2206 502855.0
2207 504129.0
2208 504031.0
2209 502987.0
2210 504810.0
2211 508239.0
2212 486129.0
2213 497413.0
2214 503473.0
2215 508945.0
2216 499116.0
2217 503858.0
2218 509340.0
2219 504485.0
2220 503522.0
2221 511414.0
2222 485820.0
2223 505713.0
2224 498896.0
2225 499720.0
2226 503937.0
2227 504139.0
2228 503200.0
2229 502496.0
2230 504259.0
2231 504455.0
2232 490495.0
2233 504342.0
2234 508755.0
2235 503016.0
2236 494067.0
2237 506919.0
2238 503633.0
2239 505774.0
2240 505058.0
2241 503589.0
2242 508894.0
2243 497170.0
2244 500883.0
2245 509886.0
2246 502045.0
2247 495855.0
2248 503425.0
2249 504625.0
2250 503483.0
2251 502863.0
2252 498302.0
2253 496623.0
2254 503132.0
2255 505028.0
2256 504704.0
2257 502776.0
2258 502813.0
2259 503434.0
2260 501613.0
2261 510639.0
2262 502730.0
2263 494804.0
2264 500690.0
2265 505368.0
2266 504648.0
2267 507771.0
2268 503499.0
2269 501814.0
2270 506083.0
2271 503124.0
2272 508603.0
2273 494048.0
2274 501465.0
2275 494785.0
2276 503697.0
2277 506381.0
2278 502809.0
2279 504776.0
2280 503557.0
2281 502419.0
2282 511707.0
2283 494668.0
2284 507192.0
2285 511012.0
2286 487953.0
2287 512179.0
2288 505061.0
2289 507367.0
2290 495560.0
2291 513385.0
2292 509272.0
2293 497822.0
2294 505845.0
2295 504363.0
2296 505376.0
2297 493752.0
2298 502852.0
2299 504212.0
2300 504270.0
2301 503835.0
2302 508639.0
2303 494730.0
2304 501913.0
2305 505519.0
2306 504617.0
2307 503955.0
2308 503685.0
2309 500700.0
2310 508257.0
2311 505466.0
2312 508843.0
2313 497413.0
2314 492527.0
2315 506463.0
2316 509059.0
2317 503489.0
2318 505408.0
2319 503060.0
2320 503330.0
2321 503188.0
2322 507317.0
2323 503361.0
2324 503732.0
2325 496120.0
2326 503058.0
2327 504562.0
2328 503386.0
2329 503824.0
2330 503239.0
2331 504825.0
2332 509578.0
2333 498700.0
2334 508150.0
2335 504521.0
2336 496795.0
2337 504932.0
2338 508429.0
2339 502921.0
2340 504673.0
2341 504871.0
2342 504735.0
2343 510434.0
2344 504044.0
2345 504575.0
2346 501735.0
2347 496661.0
2348 502591.0
2349 503713.0
2350 504213.0
2351 504109.0
2352 504156.0
2353 505004.0
2354 502483.0
2355 501923.0
2356 507084.0
2357 504649.0
2358 501137.0
2359 504739.0
2360 504942.0
2361 503641.0
2362 510009.0
2363 501957.0
2364 497056.0
2365 502153.0
2366 508943.0
2367 504888.0
2368 505050.0
2369 503587.0
2370 503654.0
2371 503598.0
2372 504052.0
2373 507826.0
2374 503590.0
2375 496808.0
2376 499407.0
2377 507923.0
2378 505664.0
2379 503100.0
2380 569153.0
2381 404550.0
2382 517348.0
2383 505132.0
2384 506395.0
2385 500342.0
2386 513007.0
2387 497133.0
2388 501984.0
2389 505155.0
2390 504431.0
2391 503568.0
2392 503355.0
2393 498861.0
2394 515923.0
2395 505240.0
2396 503559.0
2397 499505.0
2398 500168.0
2399 502820.0
2400 503322.0
2401 503557.0
2402 503602.0
2403 503246.0
2404 511337.0
2405 504683.0
2406 510588.0
2407 503923.0
2408 506420.0
2409 497660.0
2410 502582.0
2411 506473.0
2412 503548.0
2413 508217.0
2414 505404.0
2415 504569.0
2416 505129.0
2417 501909.0
2418 503577.0
2419 501444.0
2420 501741.0
2421 504373.0
2422 503634.0
2423 507736.0
2424 510327.0
2425 501816.0
2426 499730.0
2427 503017.0
2428 504370.0
2429 511659.0
2430 508642.0
2431 506640.0
2432 509932.0
2433 504388.0
2434 503876.0
2435 507273.0
2436 496733.0
2437 503316.0
2438 507487.0
2439 503881.0
2440 501657.0
2441 506541.0
2442 502891.0
2443 502899.0
2444 506750.0
2445 506592.0
2446 501812.0
2447 500507.0
2448 502050.0
2449 504488.0
2450 503899.0
2451 503976.0
2452 502955.0
2453 502489.0
2454 515978.0
2455 500402.0
2456 511336.0
2457 498924.0
2458 500408.0
2459 507041.0
2460 505621.0
2461 497247.0
2462 503175.0
2463 503596.0
2464 510223.0
2465 507385.0
2466 501221.0
2467 503659.0
2468 502986.0
2469 502118.0
2470 503994.0
2471 503854.0
2472 503899.0
2473 500691.0
2474 509036.0
2475 505828.0
2476 502916.0
2477 502035.0
2478 509728.0
2479 503992.0
2480 502911.0
2481 506738.0
2482 503239.0
2483 503102.0
2484 509839.0
2485 509577.0
2486 497029.0
2487 505098.0
2488 505359.0
2489 504096.0
2490 503343.0
2491 503918.0
2492 505066.0
2493 503012.0
2494 505273.0
2495 505769.0
2496 500777.0
2497 500721.0
2498 503076.0
2499 506280.0
2500 503195.0
2501 503575.0
2502 505093.0
2503 502797.0
2504 503885.0
2505 515189.0
2506 502786.0
2507 501468.0
2508 508440.0
2509 504304.0
2510 505522.0
2511 504393.0
2512 502317.0
2513 501568.0
2514 505351.0
2515 506971.0
2516 502365.0
2517 503615.0
2518 504133.0
2519 501441.0
2520 502917.0
2521 505031.0
2522 504524.0
2523 504083.0
2524 510288.0
2525 501213.0
2526 500898.0
2527 506980.0
2528 504955.0
2529 503225.0
2530 512767.0
2531 500819.0
2532 504288.0
2533 507461.0
2534 503046.0
2535 506902.0
2536 500606.0
2537 502356.0
2538 502664.0
2539 506118.0
2540 504274.0
2541 502656.0
2542 502347.0
2543 502347.0
2544 506616.0
2545 501707.0
2546 505829.0
2547 501618.0
2548 501031.0
2549 502362.0
2550 499269.0
2551 508603.0
2552 496759.0
2553 504534.0
2554 511647.0
2555 506904.0
2556 515759.0
2557 506665.0
2558 499712.0
2559 503635.0
2560 499376.0
2561 499814.0
2562 503103.0
2563 503787.0
2564 503584.0
2565 512975.0
2566 507911.0
2567 503134.0
2568 505472.0
2569 500214.0
2570 501247.0
2571 505356.0
2572 497363.0
2573 499633.0
2574 504346.0
2575 510587.0
2576 506369.0
2577 498924.0
2578 506279.0
2579 506785.0
2580 502174.0
2581 504947.0
2582 507181.0
2583 502208.0
2584 506009.0
2585 511269.0
2586 504884.0
2587 503109.0
2588 496166.0
2589 503693.0
2590 502948.0
2591 495184.0
2592 504085.0
2593 504077.0
2594 504727.0
2595 517091.0
2596 507349.0
2597 503124.0
2598 500335.0
2599 499662.0
2600 509606.0
2601 498734.0
2602 504577.0
2603 513473.0
2604 500178.0
2605 508436.0
2606 513778.0
2607 504245.0
2608 501958.0
2609 502210.0
2610 497302.0
2611 502285.0
2612 498738.0
2613 508046.0
2614 503934.0
2615 507734.0
2616 506307.0
2617 511158.0
2618 502117.0
2619 503582.0
2620 494727.0
2621 499598.0
2622 503428.0
2623 503006.0
2624 503564.0
2625 507175.0
2626 511331.0
2627 510253.0
2628 508571.0
2629 504152.0
2630 506844.0
2631 495980.0
2632 496489.0
2633 500980.0
2634 484336.0
2635 493537.0
2636 534510.0
2637 515296.0
2638 505205.0
2639 502695.0
2640 504054.0
2641 507576.0
2642 498216.0
2643 504897.0
2644 508463.0
2645 503430.0
2646 488736.0
2647 497263.0
2648 498342.0
2649 509249.0
2650 503698.0
2651 502792.0
2652 497579.0
2653 504701.0
2654 508015.0
2655 504971.0
2656 515243.0
2657 505224.0
2658 506674.0
2659 497489.0
2660 496814.0
2661 499227.0
2662 503952.0
2663 503149.0
2664 504712.0
2665 508255.0
2666 521058.0
2667 516450.0
2668 503931.0
2669 502814.0
2670 496598.0
2671 504567.0
2672 501677.0
2673 501155.0
2674 495883.0
2675 497559.0
2676 516915.0
2677 509395.0
2678 501267.0
2679 516361.0
2680 501685.0
2681 496470.0
2682 502269.0
2683 504869.0
2684 493954.0
2685 496074.0
2686 506607.0
2687 502548.0
2688 521855.0
2689 510726.0
2690 504479.0
2691 500140.0
2692 488586.0
2693 503274.0
2694 494674.0
2695 508219.0
2696 508389.0
2697 500804.0
2698 510511.0
2699 503212.0
2700 504310.0
2701 510744.0
2702 517085.0
2703 510915.0
2704 515058.0
2705 501566.0
2706 507955.0
2707 510769.0
2708 506839.0
2709 500090.0
2710 501635.0
2711 500256.0
2712 502097.0
2713 503382.0
2714 502743.0
2715 504059.0
2716 504807.0
2717 513301.0
2718 507278.0
2719 503948.0
2720 500211.0
2721 501810.0
2722 498427.0
2723 507042.0
2724 500913.0
2725 512256.0
2726 503869.0
2727 514337.0
2728 508468.0
2729 505383.0
2730 501735.0
2731 496574.0
2732 505430.0
2733 502005.0
2734 500895.0
2735 500702.0
2736 504218.0
2737 511728.0
2738 505136.0
2739 500816.0
2740 504698.0
2741 504098.0
2742 502512.0
2743 503004.0
2744 501975.0
2745 504956.0
2746 500766.0
2747 515094.0
2748 497054.0
2749 505216.0
2750 509685.0
2751 505550.0
2752 501843.0
2753 500396.0
2754 501299.0
2755 502047.0
2756 503226.0
2757 511648.0
2758 502375.0
2759 499976.0
2760 498309.0
2761 507600.0
2762 510240.0
2763 503543.0
2764 503721.0
2765 503376.0
2766 508364.0
2767 506082.0
2768 512351.0
2769 505651.0
2770 501726.0
2771 502513.0
2772 507952.0
2773 494903.0
2774 510937.0
2775 505805.0
2776 508222.0
2777 509492.0
2778 507818.0
2779 506611.0
2780 502419.0
2781 496755.0
2782 502032.0
2783 501495.0
2784 499545.0
2785 501358.0
2786 504859.0
2787 495516.0
2788 509976.0
2789 474044.0
2790 502761.0
2791 530941.0
2792 510485.0
2793 504699.0
2794 502691.0
2795 503699.0
2796 513096.0
2797 502596.0
2798 489308.0
2799 508089.0
2800 507017.0
2801 503908.0
2802 514295.0
2803 505548.0
2804 503223.0
2805 503680.0
2806 503554.0
2807 504836.0
2808 502262.0
2809 501645.0
2810 505753.0
2811 504839.0
2812 503070.0
2813 504000.0
2814 503986.0
2815 502595.0
2816 503826.0
2817 504606.0
2818 507320.0
2819 505087.0
2820 504814.0
2821 502464.0
2822 503500.0
2823 508372.0
2824 502489.0
2825 506817.0
2826 506643.0
2827 505104.0
2828 506022.0
2829 504869.0
2830 504392.0
2831 500700.0
2832 502429.0
2833 501869.0
2834 503257.0
2835 504722.0
2836 503267.0
2837 506953.0
2838 505431.0
2839 514110.0
2840 502629.0
2841 502026.0
2842 496436.0
2843 501517.0
2844 502860.0
2845 504204.0
2846 508879.0
2847 495617.0
2848 512271.0
2849 504860.0
2850 509615.0
2851 506691.0
2852 502080.0
2853 500693.0
2854 504621.0
2855 504282.0
2856 503671.0
2857 499160.0
2858 506401.0
2859 493369.0
2860 511668.0
2861 508732.0
2862 503872.0
2863 503650.0
2864 503044.0
2865 503768.0
2866 503586.0
2867 500542.0
2868 514490.0
2869 516238.0
2870 500584.0
2871 502228.0
2872 506664.0
2873 501767.0
2874 502631.0
2875 506040.0
2876 503630.0
2877 506720.0
2878 511463.0
2879 509638.0
2880 505187.0
2881 503199.0
2882 501886.0
2883 500617.0
2884 495159.0
2885 499771.0
2886 502333.0
2887 509291.0
2888 509020.0
2889 510033.0
2890 507028.0
2891 506411.0
2892 495236.0
2893 501988.0
2894 501475.0
2895 500528.0
2896 498915.0
2897 520488.0
2898 504015.0
2899 510731.0
2900 507754.0
2901 503917.0
2902 503392.0
2903 497040.0
2904 499436.0
2905 496568.0
2906 502338.0
2907 509441.0
2908 503252.0
2909 497568.0
2910 505172.0
2911 503876.0
2912 503710.0
2913 503448.0
2914 503402.0
2915 504106.0
2916 502322.0
2917 511492.0
2918 507290.0
2919 510376.0
2920 500094.0
2921 505782.0
2922 500978.0
2923 502956.0
2924 506385.0
2925 503738.0
2926 503057.0
2927 508418.0
2928 505006.0
2929 511702.0
2930 503968.0
2931 499688.0
2932 499118.0
2933 499740.0
2934 498976.0
2935 504318.0
2936 503191.0
2937 505211.0
2938 507559.0
2939 514178.0
2940 506826.0
2941 505652.0
2942 495614.0
2943 496599.0
2944 497771.0
2945 502374.0
2946 504109.0
2947 515455.0
2948 520385.0
2949 496566.0
2950 483478.0
2951 508863.0
2952 507651.0
2953 505023.0
2954 503797.0
2955 501740.0
2956 497231.0
2957 496011.0
2958 517820.0
2959 491988.0
2960 502359.0
2961 503438.0
2962 503342.0
2963 503490.0
2964 505338.0
2965 505389.0
2966 502228.0
2967 509524.0
2968 520378.0
2969 506877.0
2970 502010.0
2971 498019.0
2972 503219.0
2973 505489.0
2974 501983.0
2975 500937.0
2976 503637.0
2977 503886.0
2978 518330.0
2979 507436.0
2980 506687.0
2981 499726.0
2982 502080.0
2983 503420.0
2984 501333.0
2985 497172.0
2986 496771.0
2987 503596.0
2988 519407.0
2989 508597.0
2990 508677.0
2991 503910.0
2992 505629.0
2993 510832.0
2994 501430.0
2995 500261.0
2996 498283.0
2997 497571.0
2998 515019.0
2999 507846.0
3000 504202.0
3001 504629.0
3002 503406.0
3003 500641.0
3004 503706.0
3005 502099.0
3006 500609.0
3007 499104.0
3008 508441.0
3009 504487.0
3010 500205.0
3011 502933.0
3012 503416.0
3013 503299.0
3014 509758.0
3015 507856.0
3016 502450.0
3017 474481.0
3018 519082.0
3019 506260.0
3020 498052.0
3021 505670.0
3022 507296.0
3023 503189.0
3024 503513.0
3025 503592.0
3026 503553.0
3027 503569.0
3028 515295.0
3029 497365.0
3030 504686.0
3031 502035.0
3032 502720.0
3033 505411.0
3034 504066.0
3035 504017.0
3036 504037.0
3037 505814.0
3038 522584.0
3039 490813.0
3040 508377.0
3041 509844.0
3042 500892.0
3043 502970.0
3044 512103.0
3045 506125.0
3046 503422.0
3047 507513.0
3048 515428.0
3049 499278.0
3050 504045.0
3051 509139.0
3052 505722.0
3053 495056.0
3054 503729.0
3055 506847.0
3056 506178.0
3057 506001.0
3058 520820.0
3059 493538.0
3060 507844.0
3061 504986.0
3062 506344.0
3063 505580.0
3064 498891.0
3065 511121.0
3066 503041.0
3067 508181.0
3068 523715.0
3069 502115.0
3070 499132.0
3071 501717.0
3072 505286.0
3073 505714.0
3074 506220.0
3075 507378.0
3076 506384.0
3077 506990.0
3078 514456.0
3079 508010.0
3080 506906.0
3081 494532.0
3082 503192.0
3083 506045.0
3084 506726.0
3085 505877.0
3086 507067.0
3087 514403.0
3088 499522.0
3089 524969.0
3090 510053.0
3091 499058.0
3092 499351.0
3093 502723.0
3094 506607.0
3095 507366.0
3096 508292.0
3097 506183.0
3098 505875.0
3099 520045.0
3100 505737.0
3101 505180.0
3102 502827.0
3103 496494.0
3104 498734.0
3105 504841.0
3106 506235.0
3107 508359.0
3108 506570.0
3109 521273.0
3110 501584.0
3111 512292.0
3112 502411.0
3113 505564.0
3114 501095.0
3115 496096.0
3116 511075.0
3117 504988.0
3118 506512.0
3119 523205.0
3120 496295.0
3121 501604.0
3122 503396.0
3123 505337.0
3124 504939.0
3125 503460.0
3126 505516.0
3127 505994.0
3128 505265.0
3129 521765.0
3130 502795.0
3131 495252.0
3132 501905.0
3133 504941.0
3134 507539.0
3135 504808.0
3136 511548.0
3137 504346.0
3138 508520.0
3139 520186.0
3140 506633.0
3141 505203.0
3142 502303.0
3143 495107.0
3144 508117.0
3145 510614.0
3146 506591.0
3147 507043.0
3148 505659.0
3149 521430.0
3150 503477.0
3151 507669.0
3152 502744.0
3153 495290.0
3154 499324.0
3155 504588.0
3156 505705.0
3157 507612.0
3158 507615.0
3159 524073.0
3160 507168.0
3161 504740.0
3162 504747.0
3163 504532.0
3164 504017.0
3165 491674.0
3166 508064.0
3167 505952.0
3168 509749.0
3169 511514.0
3170 519545.0
3171 498975.0
3172 503264.0
3173 504513.0
3174 505703.0
3175 497716.0
3176 502294.0
3177 505679.0
3178 506813.0
3179 508530.0
3180 513943.0
3181 498216.0
3182 502750.0
3183 504814.0
3184 508283.0
3185 506563.0
3186 507552.0
3187 510747.0
3188 506268.0
3189 507010.0
3190 528330.0
3191 508676.0
3192 493553.0
3193 501191.0
3194 505623.0
3195 507267.0
3196 506158.0
3197 507952.0
3198 505564.0
3199 506042.0
3200 524147.0
3201 504087.0
3202 503597.0
3203 498434.0
3204 497743.0
3205 501587.0
3206 506976.0
3207 507621.0
3208 505345.0
3209 512795.0
3210 521975.0
3211 506495.0
3212 506285.0
3213 506546.0
3214 497331.0
3215 500111.0
3216 503323.0
3217 502704.0
3218 511608.0
3219 505946.0
3220 521889.0
3221 500589.0
3222 504383.0
3223 505749.0
3224 503809.0
3225 500060.0
3226 501815.0
3227 501052.0
3228 505963.0
3229 507502.0
3230 521740.0
3231 497027.0
3232 499868.0
3233 504639.0
3234 511069.0
3235 507308.0
3236 501981.0
3237 511683.0
3238 505830.0
3239 507004.0
3240 528206.0
3241 505558.0
3242 495099.0
3243 500987.0
3244 505845.0
3245 505812.0
3246 508729.0
3247 504739.0
3248 508419.0
3249 505782.0
3250 522776.0
3251 505720.0
3252 503391.0
3253 499098.0
3254 495907.0
3255 503655.0
3256 506569.0
3257 505752.0
3258 512138.0
3259 506422.0
3260 521947.0
3261 511437.0
3262 505714.0
3263 501722.0
3264 504716.0
3265 494765.0
3266 502759.0
3267 505708.0
3268 506196.0
3269 506685.0
3270 521779.0
3271 504245.0
3272 504053.0
3273 505845.0
3274 503778.0
3275 503241.0
3276 497629.0
3277 501354.0
3278 505535.0
3279 505087.0
3280 521917.0
3281 502476.0
3282 494026.0
3283 512222.0
3284 508467.0
3285 507606.0
3286 508267.0
3287 505624.0
3288 507046.0
3289 510334.0
3290 512920.0
3291 514729.0
3292 498997.0
3293 497561.0
3294 508790.0
3295 506196.0
3296 508594.0
3297 507367.0
3298 508182.0
3299 505005.0
3300 507543.0
3301 516130.0
3302 503067.0
3303 501963.0
3304 499589.0
3305 505615.0
3306 506435.0
3307 512131.0
3308 504155.0
3309 506094.0
3310 514901.0
3311 516460.0
3312 503425.0
3313 509424.0
3314 501703.0
3315 495573.0
3316 506272.0
3317 506028.0
3318 505985.0
3319 507489.0
3320 505898.0
3321 516135.0
3322 504918.0
3323 505056.0
3324 504033.0
3325 501972.0
3326 498594.0
3327 501841.0
3328 504433.0
3329 506709.0
3330 505348.0
3331 516861.0
3332 506465.0
3333 498714.0
3334 506675.0
3335 513795.0
3336 534847.0
3337 512831.0
3338 446910.0
3339 510738.0
3340 501389.0
3341 506154.0
3342 507054.0
3343 501768.0
3344 503930.0
3345 503529.0
3346 503574.0
3347 502966.0
3348 504172.0
3349 503361.0
3350 502960.0
3351 502701.0
3352 508809.0
3353 509105.0
3354 497550.0
3355 501678.0
3356 508925.0
3357 502096.0
3358 504961.0
3359 509245.0
3360 504917.0
3361 503793.0
3362 509011.0
3363 506346.0
3364 504422.0
3365 499130.0
3366 501690.0
3367 499534.0
3368 502883.0
3369 504182.0
3370 502995.0
3371 505641.0
3372 503292.0
3373 501680.0
3374 500916.0
3375 504561.0
3376 501045.0
3377 499463.0
3378 504951.0
3379 496464.0
3380 505228.0
3381 509025.0
3382 498708.0
3383 504232.0
3384 520556.0
3385 498004.0
3386 503212.0
3387 504580.0
3388 497210.0
3389 504303.0
3390 500360.0
3391 503232.0
3392 503854.0
3393 500810.0
3394 506765.0
3395 503560.0
3396 504809.0
3397 504862.0
3398 501150.0
3399 499601.0
3400 503726.0
3401 503333.0
3402 503552.0
3403 499830.0
3404 502752.0
3405 506214.0
3406 503466.0
3407 513236.0
3408 505183.0
3409 503262.0
3410 505373.0
3411 507263.0
3412 499889.0
3413 502472.0
3414 505691.0
3415 495559.0
3416 501665.0
3417 504766.0
3418 503584.0
3419 504312.0
3420 503420.0
3421 503746.0
3422 503418.0
3423 499784.0
3424 505568.0
3425 503027.0
3426 497756.0
3427 500193.0
3428 501386.0
3429 503196.0
3430 508349.0
3431 504947.0
3432 505639.0
3433 501165.0
3434 514333.0
3435 508949.0
3436 495570.0
3437 503179.0
3438 496659.0
3439 503307.0
3440 503303.0
3441 504160.0
3442 502738.0
3443 504731.0
3444 502423.0
3445 510323.0
3446 507400.0
3447 502050.0
3448 502214.0
3449 498294.0
3450 502316.0
3451 503817.0
3452 503802.0
3453 502474.0
3454 503697.0
3455 512189.0
3456 503328.0
3457 490554.0
3458 520446.0
3459 501754.0
3460 503801.0
3461 505457.0
3462 503775.0
3463 503275.0
3464 497270.0
3465 506864.0
3466 501178.0
3467 504813.0
3468 506526.0
3469 506179.0
3470 502918.0
3471 503413.0
3472 503616.0
3473 503765.0
3474 491457.0
3475 505976.0
3476 513536.0
3477 502628.0
3478 505694.0
3479 505814.0
3480 503895.0
3481 504936.0
3482 506677.0
3483 503711.0
3484 497943.0
3485 514318.0
3486 498792.0
3487 501104.0
3488 500845.0
3489 503650.0
3490 503410.0
3491 497219.0
3492 510160.0
3493 503956.0
3494 497675.0
3495 510799.0
3496 504304.0
3497 504712.0
3498 499378.0
3499 495111.0
3500 500131.0
3501 502952.0
3502 503844.0
3503 507993.0
3504 504594.0
3505 512497.0
3506 514913.0
3507 504986.0
3508 508134.0
3509 500344.0
3510 496175.0
3511 499043.0
3512 503757.0
3513 502562.0
3514 506464.0
3515 514063.0
3516 499815.0
3517 503744.0
3518 504846.0
3519 502512.0
3520 502742.0
3521 505316.0
3522 504240.0
3523 503647.0
3524 506398.0
3525 501852.0
3526 498623.0
3527 507272.0
3528 499074.0
3529 512759.0
3530 509808.0
3531 506375.0
3532 504205.0
3533 502979.0
3534 491973.0
3535 494271.0
3536 487854.0
3537 530396.0
3538 481605.0
3539 511078.0
3540 506017.0
3541 514957.0
3542 498645.0
3543 501333.0
3544 521672.0
3545 516881.0
3546 506156.0
3547 503067.0
3548 495852.0
3549 485451.0
3550 505507.0
3551 504313.0
3552 509236.0
3553 507680.0
3554 499646.0
3555 521726.0
3556 504621.0
3557 510361.0
3558 507263.0
3559 499731.0
3560 493304.0
3561 507265.0
3562 500026.0
3563 485420.0
3564 505430.0
3565 506604.0
3566 536547.0
3567 498225.0
3568 482810.0
3569 502926.0
3570 501987.0
3571 505412.0
3572 525285.0
3573 517804.0
3574 503227.0
3575 511259.0
3576 513430.0
3577 488353.0
3578 506463.0
3579 503343.0
3580 508439.0
3581 508482.0
3582 515283.0
3583 502714.0
3584 495313.0
3585 501351.0
3586 513779.0
3587 503646.0
3588 488495.0
3589 502896.0
3590 504758.0
3591 505520.0
3592 504784.0
3593 504644.0
3594 504481.0
3595 506343.0
3596 514085.0
3597 505264.0
3598 504647.0
3599 490974.0
3600 501980.0
3601 512911.0
3602 498563.0
3603 507564.0
3604 517566.0
3605 506704.0
3606 510638.0
3607 503410.0
3608 501773.0
3609 505949.0
3610 497076.0
3611 501752.0
3612 499882.0
3613 499926.0
3614 499565.0
3615 511037.0
3616 506545.0
3617 508772.0
3618 501369.0
3619 504524.0
3620 500693.0
3621 497907.0
3622 500585.0
3623 498081.0
3624 499634.0
3625 507740.0
3626 515651.0
3627 495975.0
3628 509447.0
3629 502110.0
3630 503612.0
3631 505167.0
3632 501187.0
3633 503469.0
3634 504280.0
3635 503468.0
3636 519371.0
3637 503980.0
3638 495777.0
3639 499445.0
3640 501057.0
3641 504071.0
3642 503526.0
3643 503713.0
3644 504542.0
3645 502349.0
3646 516530.0
3647 511119.0
3648 505429.0
3649 503222.0
3650 494604.0
3651 513233.0
3652 498353.0
3653 515371.0
3654 503971.0
3655 507731.0
3656 496198.0
3657 511872.0
3658 505496.0
3659 501024.0
3660 499308.0
3661 501758.0
3662 496606.0
3663 497982.0
3664 500473.0
3665 502043.0
3666 515315.0
3667 511612.0
3668 504360.0
3669 504862.0
3670 502813.0
3671 503236.0
3672 498005.0
3673 496309.0
3674 507723.0
3675 505036.0
3676 509562.0
3677 506387.0
3678 496171.0
3679 511838.0
3680 505084.0
3681 502897.0
3682 502095.0
3683 500322.0
3684 502219.0
3685 502294.0
3686 512612.0
3687 511125.0
3688 496183.0
3689 499561.0
3690 502554.0
3691 504341.0
3692 502829.0
3693 504000.0
3694 504156.0
3695 500936.0
3696 514404.0
3697 509235.0
3698 503490.0
3699 505705.0
3700 498032.0
3701 494984.0
3702 512978.0
3703 507006.0
3704 503656.0
3705 504058.0
3706 512688.0
3707 508978.0
3708 509564.0
3709 502590.0
3710 498681.0
3711 496244.0
3712 496690.0
3713 503867.0
3714 503107.0
3715 504286.0
3716 512710.0
3717 511784.0
3718 508230.0
3719 503685.0
3720 504679.0
3721 489991.0
3722 509267.0
3723 511492.0
3724 494603.0
3725 494728.0
3726 524877.0
3727 504776.0
3728 503250.0
3729 511621.0
3730 503898.0
3731 503552.0
3732 508087.0
3733 503655.0
3734 501367.0
3735 484328.0
3736 502614.0
3737 505060.0
3738 505488.0
3739 502778.0
3740 504805.0
3741 504505.0
3742 503513.0
3743 502093.0
3744 510536.0
3745 496291.0
3746 508256.0
3747 510942.0
3748 511645.0
3749 495702.0
3750 508164.0
3751 503861.0
3752 503337.0
3753 503519.0
3754 503464.0
3755 502322.0
3756 505157.0
3757 504703.0
3758 513305.0
3759 507370.0
3760 499781.0
3761 496131.0
3762 501155.0
3763 503758.0
3764 503713.0
3765 503285.0
