0 0.0
1 78.0
2 250.0
3 0.0
4 0.0
5 0.0
6 70.0
7 0.0
8 0.0
9 0.0
10 70.0
11 0.0
12 0.0
13 0.0
14 96.0
15 54.0
16 3324.0
17 253918.0
18 2173080.0
19 0.0
20 0.0
21 0.0
22 0.0
23 0.0
24 0.0
25 0.0
26 0.0
27 0.0
28 0.0
29 0.0
30 0.0
31 757563.0
32 0.0
33 0.0
34 0.0
35 0.0
36 0.0
37 0.0
38 0.0
39 0.0
40 0.0
41 0.0
42 0.0
43 0.0
44 0.0
45 0.0
46 0.0
47 0.0
48 0.0
49 0.0
50 203561.0
51 663258.0
52 18388.0
53 1686.0
54 62.0
55 0.0
56 0.0
57 58751.0
58 13417.0
59 2760.0
60 246.0
61 0.0
62 0.0
63 0.0
64 0.0
65 2366.0
66 0.0
67 0.0
68 193.0
69 0.0
70 0.0
71 0.0
72 0.0
73 0.0
74 0.0
75 0.0
76 0.0
77 1096.0
78 763.0
79 108190.0
80 271.0
81 17074.0
82 25947.0
83 27438.0
84 27447.0
85 27919.0
86 28374.0
87 27782.0
88 28374.0
89 1993792.0
90 1422419.0
91 52951.0
92 52922.0
93 425604.0
94 3022280.0
95 76181.0
96 91433.0
97 76072.0
98 3432402.0
99 102408.0
100 88106.0
101 122181.0
102 3178714.0
103 769339.0
104 133511.0
105 107290.0
106 114115.0
107 1376758.0
108 4382527.0
109 231240.0
110 263398.0
111 133300.0
112 1758478.0
113 1910979.0
114 239514.0
115 191161.0
116 226550.0
117 174809.0
118 161015.0
119 191622.0
120 236193.0
121 213063.0
122 143387.0
123 136767.0
124 184956.0
125 224689.0
126 114813.0
127 280919.0
128 306271.0
129 233191.0
130 195490.0
131 407490.0
132 303185.0
133 348485.0
134 183599.0
135 384739.0
136 482104.0
137 422584.0
138 528479.0
139 484839.0
140 552851.0
141 514107.0
142 541973.0
143 561608.0
144 584531.0
145 547527.0
146 529823.0
147 562375.0
148 558267.0
149 564964.0
150 591639.0
151 489675.0
152 533893.0
153 550208.0
154 546792.0
155 555380.0
156 555182.0
157 566469.0
158 553317.0
159 555608.0
160 572407.0
161 569092.0
162 533982.0
163 556731.0
164 556472.0
165 548168.0
166 588371.0
167 557339.0
168 545423.0
169 552080.0
170 607646.0
171 530539.0
172 542663.0
173 540019.0
174 553805.0
175 539747.0
176 565477.0
177 556956.0
178 536606.0
179 588622.0
180 571208.0
181 555179.0
182 554626.0
183 539499.0
184 550310.0
185 556838.0
186 561192.0
187 550443.0
188 553844.0
189 552515.0
190 570322.0
191 550211.0
192 555331.0
193 547855.0
194 538806.0
195 558275.0
196 555116.0
197 547741.0
198 559925.0
199 549654.0
200 571100.0
201 553846.0
202 548611.0
203 566915.0
204 555749.0
205 547620.0
206 552399.0
207 551740.0
208 547936.0
209 531997.0
210 587507.0
211 535323.0
212 564095.0
213 544714.0
214 548632.0
215 558333.0
216 551027.0
217 547518.0
218 557262.0
219 556401.0
220 573340.0
221 588982.0
222 535153.0
223 557722.0
224 549483.0
225 554196.0
226 551392.0
227 546594.0
228 563741.0
229 535415.0
230 547009.0
231 613508.0
232 512578.0
233 555916.0
234 545111.0
235 568399.0
236 540429.0
237 551928.0
238 556912.0
239 553026.0
240 554836.0
241 579952.0
242 567837.0
243 542978.0
244 534043.0
245 547674.0
246 530083.0
247 553193.0
248 544721.0
249 548908.0
250 549421.0
251 601060.0
252 556067.0
253 538000.0
254 539969.0
255 557725.0
256 532682.0
257 553670.0
258 550350.0
259 560245.0
260 583110.0
261 574958.0
262 529323.0
263 535400.0
264 547346.0
265 521527.0
266 544425.0
267 563259.0
268 561535.0
269 549869.0
270 566354.0
271 563169.0
272 566081.0
273 548687.0
274 535990.0
275 536333.0
276 576661.0
277 548649.0
278 538532.0
279 555449.0
280 556074.0
281 564752.0
282 552161.0
283 542586.0
284 546276.0
285 557018.0
286 544041.0
287 544605.0
288 553665.0
289 554232.0
290 554901.0
291 559767.0
292 583191.0
293 531228.0
294 532943.0
295 550809.0
296 544414.0
297 551222.0
298 548640.0
299 555267.0
300 549701.0
301 560709.0
302 571366.0
303 526672.0
304 564756.0
305 547466.0
306 546105.0
307 563063.0
308 550256.0
309 556149.0
310 520337.0
311 593948.0
312 559817.0
313 552357.0
314 551096.0
315 560135.0
316 538559.0
317 556876.0
318 539551.0
319 548015.0
320 558918.0
321 545692.0
322 595093.0
323 539341.0
324 541420.0
325 555832.0
326 548019.0
327 549319.0
328 544652.0
329 561549.0
330 558230.0
331 551317.0
332 577379.0
333 551059.0
334 546805.0
335 538578.0
336 544492.0
337 552862.0
338 548900.0
339 567206.0
340 539249.0
341 554063.0
342 570726.0
343 550712.0
344 562385.0
345 541102.0
346 564902.0
347 550551.0
348 555293.0
349 544416.0
350 559756.0
351 558626.0
352 573574.0
353 563574.0
354 526699.0
355 553516.0
356 543401.0
357 549948.0
358 547949.0
359 558011.0
360 553037.0
361 551289.0
362 554417.0
363 564548.0
364 548197.0
365 551332.0
366 555547.0
367 557933.0
368 545692.0
369 558444.0
370 555235.0
371 551087.0
372 563104.0
373 562311.0
374 545021.0
375 560492.0
376 551534.0
377 548413.0
378 565445.0
379 543065.0
380 558599.0
381 559797.0
382 546730.0
383 556394.0
384 547135.0
385 554615.0
386 554800.0
387 541437.0
388 562485.0
389 552080.0
390 558598.0
391 533352.0
392 577460.0
393 570850.0
394 551238.0
395 533374.0
396 545359.0
397 544716.0
398 539204.0
399 570759.0
400 552145.0
401 525681.0
402 581602.0
403 551700.0
404 555901.0
405 555333.0
406 553428.0
407 547449.0
408 555631.0
409 552266.0
410 554500.0
411 558491.0
412 559910.0
413 555240.0
414 556423.0
415 544048.0
416 556730.0
417 541420.0
418 541769.0
419 559533.0
420 538937.0
421 554646.0
422 560271.0
423 552169.0
424 557442.0
425 556644.0
426 537209.0
427 561262.0
428 553636.0
429 551651.0
430 555154.0
431 552657.0
432 560343.0
433 565852.0
434 543577.0
435 554658.0
436 551389.0
437 557449.0
438 546854.0
439 555449.0
440 549699.0
441 549624.0
442 556057.0
443 565204.0
444 547751.0
445 554580.0
446 549571.0
447 557772.0
448 546870.0
449 564544.0
450 543902.0
451 568884.0
452 545982.0
453 581758.0
454 547409.0
455 541979.0
456 548837.0
457 541253.0
458 551821.0
459 548624.0
460 559816.0
461 548436.0
462 561966.0
463 548559.0
464 544061.0
465 565251.0
466 547351.0
467 556984.0
468 533849.0
469 551484.0
470 556296.0
471 554448.0
472 559239.0
473 565018.0
474 554035.0
475 543677.0
476 568391.0
477 538401.0
478 555600.0
479 553562.0
480 553340.0
481 556150.0
482 538971.0
483 570169.0
484 563380.0
485 550509.0
486 546799.0
487 543812.0
488 548763.0
489 559268.0
490 534826.0
491 557676.0
492 555542.0
493 549715.0
494 572021.0
495 548404.0
496 544898.0
497 550197.0
498 561281.0
499 548268.0
500 549702.0
501 547203.0
502 561338.0
503 555361.0
504 586877.0
505 551329.0
506 539880.0
507 547669.0
508 546983.0
509 557628.0
510 545087.0
511 550642.0
512 561738.0
513 540387.0
514 579411.0
515 532583.0
516 560204.0
517 544875.0
518 545834.0
519 546122.0
520 556069.0
521 546864.0
522 564172.0
523 565643.0
524 555252.0
525 561381.0
526 541780.0
527 547920.0
528 544977.0
529 564094.0
530 547620.0
531 557163.0
532 548230.0
533 531378.0
534 578005.0
535 556523.0
536 547576.0
537 555572.0
538 558575.0
539 540403.0
540 552360.0
541 560670.0
542 538192.0
543 561097.0
544 579776.0
545 554538.0
546 553189.0
547 541241.0
548 550700.0
549 560696.0
550 539609.0
551 553444.0
552 550457.0
553 569545.0
554 551909.0
555 559104.0
556 553769.0
557 549091.0
558 555544.0
559 553321.0
560 556911.0
561 557368.0
562 554009.0
563 546631.0
564 566434.0
565 558675.0
566 532601.0
567 546796.0
568 561090.0
569 545497.0
570 556705.0
571 549734.0
572 562538.0
573 550778.0
574 562428.0
575 564796.0
576 539967.0
577 552038.0
578 552950.0
579 549908.0
580 554619.0
581 554702.0
582 550149.0
583 547601.0
584 555984.0
585 565177.0
586 550388.0
587 544968.0
588 559815.0
589 549720.0
590 552510.0
591 535004.0
592 556836.0
593 553542.0
594 545655.0
595 585673.0
596 552199.0
597 554529.0
598 542178.0
599 546899.0
600 540013.0
601 559800.0
602 556143.0
603 551948.0
604 548121.0
605 560535.0
606 560682.0
607 546800.0
608 556372.0
609 557801.0
610 541428.0
611 552279.0
612 554309.0
613 556472.0
614 561639.0
615 568574.0
616 543566.0
617 557078.0
618 554244.0
619 538340.0
620 564403.0
621 536642.0
622 560120.0
623 552109.0
624 558594.0
625 568644.0
626 555539.0
627 532986.0
628 549394.0
629 551877.0
630 551263.0
631 547540.0
632 548151.0
633 558669.0
634 554709.0
635 544079.0
636 565201.0
637 549919.0
638 544032.0
639 563700.0
640 535106.0
641 550530.0
642 560740.0
643 554395.0
644 560929.0
645 558979.0
646 576443.0
647 526859.0
648 555373.0
649 545438.0
650 557860.0
651 550709.0
652 557213.0
653 558535.0
654 547340.0
655 539509.0
656 582599.0
657 582618.0
658 536348.0
659 544860.0
660 549187.0
661 559310.0
662 544515.0
663 544585.0
664 553415.0
665 548742.0
666 555274.0
667 557479.0
668 551131.0
669 554234.0
670 546599.0
671 557709.0
672 562668.0
673 555643.0
674 543552.0
675 540054.0
676 571835.0
677 559050.0
678 551763.0
679 561789.0
680 543367.0
681 551593.0
682 549259.0
683 565273.0
684 555177.0
685 552464.0
686 570673.0
687 572554.0
688 547446.0
689 525452.0
690 552537.0
691 531549.0
692 569447.0
693 549285.0
694 540827.0
695 564441.0
696 552604.0
697 562657.0
698 551751.0
699 564468.0
700 540609.0
701 548783.0
702 566380.0
703 540917.0
704 552874.0
705 549784.0
706 556293.0
707 568422.0
708 543546.0
709 555751.0
710 542659.0
711 541604.0
712 553545.0
713 551677.0
714 537681.0
715 562811.0
716 552917.0
717 561614.0
718 551166.0
719 557308.0
720 524524.0
721 601998.0
722 528974.0
723 550728.0
724 553231.0
725 554322.0
726 548386.0
727 574768.0
728 551945.0
729 537491.0
730 549018.0
731 559287.0
732 558425.0
733 531629.0
734 557491.0
735 553284.0
736 552379.0
737 579403.0
738 547313.0
739 539071.0
740 560722.0
741 552057.0
742 539912.0
743 535526.0
744 567270.0
745 549334.0
746 559282.0
747 566717.0
748 547144.0
749 551361.0
750 546804.0
751 568054.0
752 561877.0
753 539227.0
754 555358.0
755 545665.0
756 563689.0
757 556200.0
758 548171.0
759 556405.0
760 545558.0
761 558576.0
762 544661.0
763 548497.0
764 548701.0
765 564218.0
766 561169.0
767 567904.0
768 551553.0
769 558630.0
770 545693.0
771 539945.0
772 566656.0
773 544892.0
774 555327.0
775 554083.0
776 520514.0
777 581534.0
778 564976.0
779 556626.0
780 566859.0
781 537585.0
782 537328.0
783 552740.0
784 546676.0
785 545797.0
786 552539.0
787 548531.0
788 566919.0
789 546688.0
790 551902.0
791 560505.0
792 548720.0
793 549330.0
794 555537.0
795 551305.0
796 537282.0
797 578145.0
798 565833.0
799 543127.0
800 547162.0
801 544389.0
802 551128.0
803 556382.0
804 550088.0
805 562390.0
806 547986.0
807 553543.0
808 560707.0
809 567629.0
810 542088.0
811 566839.0
812 527280.0
813 567093.0
814 551134.0
815 545202.0
816 564502.0
817 519218.0
818 592317.0
819 552766.0
820 544453.0
821 546662.0
822 560085.0
823 545743.0
824 554330.0
825 550112.0
826 550974.0
827 541759.0
828 572551.0
829 547148.0
830 561001.0
831 549599.0
832 561771.0
833 553444.0
834 556974.0
835 552936.0
836 529738.0
837 565162.0
838 565057.0
839 548601.0
840 562422.0
841 548069.0
842 547880.0
843 549528.0
844 558628.0
845 542775.0
846 568024.0
847 528878.0
848 583837.0
849 564704.0
850 543569.0
851 544402.0
852 546060.0
853 550841.0
854 552843.0
855 566208.0
856 550247.0
857 552795.0
858 563470.0
859 549654.0
860 550594.0
861 540797.0
862 561269.0
863 554698.0
864 548416.0
865 560949.0
866 550687.0
867 557516.0
868 559587.0
869 567939.0
870 535281.0
871 559241.0
872 550655.0
873 544976.0
874 557750.0
875 556838.0
876 550415.0
877 551608.0
878 553987.0
879 577772.0
880 547688.0
881 554897.0
882 551343.0
883 544318.0
884 570251.0
885 534540.0
886 546845.0
887 562661.0
888 544576.0
889 569406.0
890 539917.0
891 536401.0
892 564436.0
893 547181.0
894 557415.0
895 553162.0
896 556296.0
897 552857.0
898 545357.0
899 580270.0
900 568120.0
901 528820.0
902 552715.0
903 546042.0
904 547719.0
905 547911.0
906 561363.0
907 549292.0
908 534726.0
909 566028.0
910 565740.0
911 557059.0
912 535329.0
913 556730.0
914 560070.0
915 545599.0
916 547559.0
917 540733.0
918 562814.0
919 559788.0
920 546810.0
921 552708.0
922 548316.0
923 546711.0
924 557294.0
925 543254.0
926 551268.0
927 551403.0
928 558648.0
929 558722.0
930 561333.0
931 551176.0
932 549009.0
933 554965.0
934 543758.0
935 553610.0
936 556389.0
937 549403.0
938 554270.0
939 556744.0
940 567772.0
941 558271.0
942 551089.0
943 540048.0
944 553678.0
945 551248.0
946 542644.0
947 554626.0
948 556354.0
949 554957.0
950 559116.0
951 554765.0
952 550433.0
953 551831.0
954 553222.0
955 554876.0
956 544599.0
957 562794.0
958 552399.0
959 545280.0
960 544358.0
961 562936.0
962 543421.0
963 566215.0
964 550610.0
965 560230.0
966 553312.0
967 551414.0
968 560370.0
969 555625.0
970 580146.0
971 537101.0
972 553934.0
973 551367.0
974 545270.0
975 551571.0
976 553164.0
977 568357.0
978 545933.0
979 558651.0
980 555620.0
981 554965.0
982 550515.0
983 536692.0
984 568489.0
985 542551.0
986 551212.0
987 557151.0
988 559626.0
989 559309.0
990 567162.0
991 547407.0
992 552049.0
993 563306.0
994 551193.0
995 557635.0
996 556030.0
997 547012.0
998 554368.0
999 534992.0
1000 575994.0
1001 558955.0
1002 549373.0
1003 546606.0
1004 544581.0
1005 555399.0
1006 540960.0
1007 566408.0
1008 528462.0
1009 568540.0
1010 552189.0
1011 576441.0
1012 548297.0
1013 548051.0
1014 552032.0
1015 552343.0
1016 545124.0
1017 551391.0
1018 551413.0
1019 562140.0
1020 575009.0
1021 564177.0
1022 529828.0
1023 554775.0
1024 544589.0
1025 550522.0
1026 545966.0
1027 539132.0
1028 560935.0
1029 539587.0
1030 572098.0
1031 571189.0
1032 535736.0
1033 535188.0
1034 556839.0
1035 541731.0
1036 558111.0
1037 553634.0
1038 556458.0
1039 550740.0
1040 564541.0
1041 553115.0
1042 552374.0
1043 550514.0
1044 548396.0
1045 558361.0
1046 547210.0
1047 554071.0
1048 544711.0
1049 569313.0
1050 528218.0
1051 568478.0
1052 558507.0
1053 545673.0
1054 558494.0
1055 537431.0
1056 539804.0
1057 570001.0
1058 557952.0
1059 530137.0
1060 568095.0
1061 586709.0
1062 541233.0
1063 568740.0
1064 533402.0
1065 559075.0
1066 552496.0
1067 555988.0
1068 537591.0
1069 564945.0
1070 542619.0
1071 567206.0
1072 557542.0
1073 541925.0
1074 549640.0
1075 550447.0
1076 565550.0
1077 547724.0
1078 545888.0
1079 553132.0
1080 577506.0
1081 572760.0
1082 561186.0
1083 525347.0
1084 541640.0
1085 553631.0
1086 539856.0
1087 561075.0
1088 554249.0
1089 555227.0
1090 544891.0
1091 573484.0
1092 547617.0
1093 547444.0
1094 549498.0
1095 552919.0
1096 554124.0
1097 548348.0
1098 552258.0
1099 545684.0
1100 549099.0
1101 578914.0
1102 587164.0
1103 531291.0
1104 531215.0
1105 536664.0
1106 550262.0
1107 566926.0
1108 522991.0
1109 561651.0
1110 564396.0
1111 552861.0
1112 553728.0
1113 544372.0
1114 555342.0
1115 552219.0
1116 557692.0
1117 537717.0
1118 561392.0
1119 554735.0
1120 550819.0
1121 569051.0
1122 575073.0
1123 546932.0
1124 538423.0
1125 553478.0
1126 546151.0
1127 549920.0
1128 550762.0
1129 554060.0
1130 545899.0
1131 557572.0
1132 594254.0
1133 536539.0
1134 544935.0
1135 547292.0
1136 539446.0
1137 544764.0
1138 562624.0
1139 548716.0
1140 551194.0
1141 547617.0
1142 571517.0
1143 559647.0
1144 541725.0
1145 555300.0
1146 546425.0
1147 564273.0
1148 548148.0
1149 554392.0
1150 553493.0
1151 559620.0
1152 577094.0
1153 546334.0
1154 551238.0
1155 545136.0
1156 553587.0
1157 534749.0
1158 569118.0
1159 550773.0
1160 551544.0
1161 556421.0
1162 556377.0
1163 555338.0
1164 552382.0
1165 558514.0
1166 543637.0
1167 559217.0
1168 567939.0
1169 543753.0
1170 549493.0
1171 555560.0
1172 556901.0
1173 571691.0
1174 542906.0
1175 554826.0
1176 540306.0
1177 561660.0
1178 549042.0
1179 537054.0
1180 567321.0
1181 546607.0
1182 563765.0
1183 598407.0
1184 542383.0
1185 537756.0
1186 542309.0
1187 542698.0
1188 552586.0
1189 546291.0
1190 545748.0
1191 555793.0
1192 542920.0
1193 574942.0
1194 540018.0
1195 558106.0
1196 542570.0
1197 550793.0
1198 570670.0
1199 538622.0
1200 557485.0
1201 560638.0
1202 549602.0
1203 540801.0
1204 565976.0
1205 547413.0
1206 553649.0
1207 548596.0
1208 548995.0
1209 559333.0
1210 556407.0
1211 557539.0
1212 542112.0
1213 584773.0
1214 558150.0
1215 541183.0
1216 548211.0
1217 550086.0
1218 547572.0
1219 549260.0
1220 539916.0
1221 557828.0
1222 529348.0
1223 573681.0
1224 565579.0
1225 538759.0
1226 551024.0
1227 548744.0
1228 560113.0
1229 540419.0
1230 546095.0
1231 574110.0
1232 541607.0
1233 598976.0
1234 541525.0
1235 559429.0
1236 542780.0
1237 549721.0
1238 546642.0
1239 548487.0
1240 550510.0
1241 544811.0
1242 556008.0
1243 562107.0
1244 554419.0
1245 539599.0
1246 552466.0
1247 550483.0
1248 549826.0
1249 557076.0
1250 562260.0
1251 563191.0
1252 553009.0
1253 548301.0
1254 563801.0
1255 530017.0
1256 556397.0
1257 552207.0
1258 565718.0
1259 553750.0
1260 552084.0
1261 551822.0
1262 533983.0
1263 600597.0
1264 548275.0
1265 555834.0
1266 549605.0
1267 546580.0
1268 557904.0
1269 544289.0
1270 551156.0
1271 551989.0
1272 533371.0
1273 574637.0
1274 557280.0
1275 547922.0
1276 557592.0
1277 551198.0
1278 541277.0
1279 559948.0
1280 553928.0
1281 549818.0
1282 539010.0
1283 571724.0
1284 557912.0
1285 553772.0
1286 552498.0
1287 548050.0
1288 555324.0
1289 541726.0
1290 559635.0
1291 551273.0
1292 555207.0
1293 560285.0
1294 581914.0
1295 539427.0
1296 543867.0
1297 545606.0
1298 562998.0
1299 554258.0
1300 552092.0
1301 555317.0
1302 539019.0
1303 556112.0
1304 571477.0
1305 538930.0
1306 551950.0
1307 537272.0
1308 564885.0
1309 544821.0
1310 542303.0
1311 557278.0
1312 558572.0
1313 551448.0
1314 569548.0
1315 538410.0
1316 562381.0
1317 547812.0
1318 548875.0
1319 569687.0
1320 542451.0
1321 555202.0
1322 553294.0
1323 553685.0
1324 592227.0
1325 534320.0
1326 543917.0
1327 538022.0
1328 577662.0
1329 514062.0
1330 563258.0
1331 551903.0
1332 564297.0
1333 547272.0
1334 606727.0
1335 527458.0
1336 542933.0
1337 547210.0
1338 555436.0
1339 546492.0
1340 547459.0
1341 551757.0
1342 563929.0
1343 533691.0
1344 583817.0
1345 540160.0
1346 546084.0
1347 566480.0
1348 550376.0
1349 537884.0
1350 556988.0
1351 531102.0
1352 558551.0
1353 553027.0
1354 587893.0
1355 543129.0
1356 541555.0
1357 551534.0
1358 548877.0
1359 556912.0
1360 550575.0
1361 554794.0
1362 547398.0
1363 552934.0
1364 579829.0
1365 560196.0
1366 561457.0
1367 542922.0
1368 549054.0
1369 541241.0
1370 551782.0
1371 547846.0
1372 557503.0
1373 565026.0
1374 555743.0
1375 553144.0
1376 534126.0
1377 555021.0
1378 543446.0
1379 569867.0
1380 541029.0
1381 550564.0
1382 550838.0
1383 541084.0
1384 571586.0
1385 568370.0
1386 559624.0
1387 540872.0
1388 548750.0
1389 542368.0
1390 550343.0
1391 543014.0
1392 548011.0
1393 528844.0
1394 599262.0
1395 545493.0
1396 546870.0
1397 545252.0
1398 559587.0
1399 542694.0
1400 563281.0
1401 558423.0
1402 543334.0
1403 548740.0
1404 571651.0
1405 558305.0
1406 554077.0
1407 553136.0
1408 548470.0
1409 552618.0
1410 553670.0
1411 545857.0
1412 554760.0
1413 544927.0
1414 560211.0
1415 578667.0
1416 542484.0
1417 543231.0
1418 544993.0
1419 539466.0
1420 550448.0
1421 554679.0
1422 544939.0
1423 554757.0
1424 536644.0
1425 597524.0
1426 547163.0
1427 539864.0
1428 548792.0
1429 540704.0
1430 557130.0
1431 556567.0
1432 548147.0
1433 560470.0
1434 526911.0
1435 586536.0
1436 540853.0
1437 558653.0
1438 554883.0
1439 545551.0
1440 553403.0
1441 548863.0
1442 551237.0
1443 555793.0
1444 568302.0
1445 557307.0
1446 554063.0
1447 566985.0
1448 530187.0
1449 553946.0
1450 551641.0
1451 547876.0
1452 557219.0
1453 551305.0
1454 537272.0
1455 585860.0
1456 547944.0
1457 553931.0
1458 543028.0
1459 544819.0
1460 554957.0
1461 553613.0
1462 554703.0
1463 555694.0
1464 547478.0
1465 575977.0
1466 566336.0
1467 537601.0
1468 545823.0
1469 547018.0
1470 556839.0
1471 551471.0
1472 548794.0
1473 565148.0
1474 551991.0
1475 559728.0
1476 544477.0
1477 547720.0
1478 549919.0
1479 564432.0
1480 553090.0
1481 544490.0
1482 561914.0
1483 544658.0
1484 558689.0
1485 567394.0
1486 564429.0
1487 545825.0
1488 539019.0
1489 552623.0
1490 557231.0
1491 544842.0
1492 540367.0
1493 557574.0
1494 532283.0
1495 568047.0
1496 561166.0
1497 539015.0
1498 568280.0
1499 563057.0
1500 532394.0
1501 558929.0
1502 552789.0
1503 555120.0
1504 536827.0
1505 575484.0
1506 563024.0
1507 552364.0
1508 545813.0
1509 549040.0
1510 555762.0
1511 544960.0
1512 546761.0
1513 553209.0
1514 538275.0
1515 584245.0
1516 566899.0
1517 547201.0
1518 557889.0
1519 549479.0
1520 537824.0
1521 556400.0
1522 549867.0
1523 566002.0
1524 532003.0
1525 555212.0
1526 572155.0
1527 550176.0
1528 544451.0
1529 540519.0
1530 540840.0
1531 540495.0
1532 557542.0
1533 539945.0
1534 547010.0
1535 554068.0
1536 570598.0
1537 551939.0
1538 534485.0
1539 555405.0
1540 568779.0
1541 543140.0
1542 542083.0
1543 548572.0
1544 556849.0
1545 549762.0
1546 572212.0
1547 546219.0
1548 545487.0
1549 548565.0
1550 545646.0
1551 565024.0
1552 542779.0
1553 545240.0
1554 549564.0
1555 552795.0
1556 583161.0
1557 561351.0
1558 534474.0
1559 567538.0
1560 545721.0
1561 554740.0
1562 534147.0
1563 543664.0
1564 553752.0
1565 560530.0
1566 601070.0
1567 533354.0
1568 540334.0
1569 543491.0
1570 531021.0
1571 565961.0
1572 547020.0
1573 542529.0
1574 563789.0
1575 545338.0
1576 569517.0
1577 566631.0
1578 543107.0
1579 548285.0
1580 547545.0
1581 544434.0
1582 550318.0
1583 553027.0
1584 554301.0
1585 527716.0
1586 610661.0
1587 542774.0
1588 563590.0
1589 547083.0
1590 558378.0
1591 559124.0
1592 548633.0
1593 535067.0
1594 545085.0
1595 529003.0
1596 577069.0
1597 587373.0
1598 515439.0
1599 540454.0
1600 545086.0
1601 547216.0
1602 547774.0
1603 555457.0
1604 543932.0
1605 551627.0
1606 560878.0
1607 552123.0
1608 552729.0
1609 547400.0
1610 544264.0
1611 551924.0
1612 560243.0
1613 548603.0
1614 556995.0
1615 549282.0
1616 561386.0
1617 577908.0
1618 565911.0
1619 534284.0
1620 543514.0
1621 566737.0
1622 541204.0
1623 536826.0
1624 551451.0
1625 538879.0
1626 554227.0
1627 562339.0
1628 552622.0
1629 536842.0
1630 558767.0
1631 550567.0
1632 550930.0
1633 551858.0
1634 552518.0
1635 557501.0
1636 550561.0
1637 583703.0
1638 557127.0
1639 538522.0
1640 548628.0
1641 549576.0
1642 558966.0
1643 557350.0
1644 536911.0
1645 569790.0
1646 532718.0
1647 597521.0
1648 531873.0
1649 543849.0
1650 550680.0
1651 551753.0
1652 549837.0
1653 540166.0
1654 550919.0
1655 549052.0
1656 549624.0
1657 572519.0
1658 580587.0
1659 532758.0
1660 535428.0
1661 548469.0
1662 544493.0
1663 544382.0
1664 550428.0
1665 549092.0
1666 567063.0
1667 553426.0
1668 548028.0
1669 560371.0
1670 551100.0
1671 529480.0
1672 554113.0
1673 549691.0
1674 555252.0
1675 555056.0
1676 565480.0
1677 553727.0
1678 557048.0
1679 549617.0
1680 552003.0
1681 554444.0
1682 554040.0
1683 558379.0
1684 566154.0
1685 558184.0
1686 556464.0
1687 570632.0
1688 556419.0
1689 544739.0
1690 549969.0
1691 553414.0
1692 545677.0
1693 557842.0
1694 550951.0
1695 548304.0
1696 544752.0
1697 556348.0
1698 558281.0
1699 553835.0
1700 549392.0
1701 559131.0
1702 543606.0
1703 559681.0
1704 552015.0
1705 562119.0
1706 547095.0
1707 571076.0
1708 574425.0
1709 542661.0
1710 549874.0
1711 546848.0
1712 551269.0
1713 547285.0
1714 553462.0
1715 556547.0
1716 564972.0
1717 555848.0
1718 574112.0
1719 531258.0
1720 551829.0
1721 530012.0
1722 558365.0
1723 552159.0
1724 552645.0
1725 542625.0
1726 553858.0
1727 548164.0
1728 578274.0
1729 533504.0
1730 554856.0
1731 556633.0
1732 534168.0
1733 561561.0
1734 556022.0
1735 542003.0
1736 551967.0
1737 555228.0
1738 580503.0
1739 531020.0
1740 553347.0
1741 550432.0
1742 553832.0
1743 553022.0
1744 567781.0
1745 548708.0
1746 550767.0
1747 552604.0
1748 557117.0
1749 549051.0
1750 566204.0
1751 565205.0
1752 550838.0
1753 549965.0
1754 549229.0
1755 556684.0
1756 551367.0
1757 548058.0
1758 572459.0
1759 570547.0
1760 526714.0
1761 548004.0
1762 550407.0
1763 540577.0
1764 555508.0
1765 535433.0
1766 566456.0
1767 532675.0
1768 602724.0
1769 559157.0
1770 556030.0
1771 535252.0
1772 511497.0
1773 548433.0
1774 540095.0
1775 550927.0
1776 543634.0
1777 551746.0
1778 594271.0
1779 571152.0
1780 538950.0
1781 526978.0
1782 546784.0
1783 542714.0
1784 548488.0
1785 546674.0
1786 554343.0
1787 559910.0
1788 581284.0
1789 549422.0
1790 555155.0
1791 553518.0
1792 544295.0
1793 536877.0
1794 549583.0
1795 559710.0
1796 544098.0
1797 556443.0
1798 580189.0
1799 543497.0
1800 546265.0
1801 536015.0
1802 554206.0
1803 558355.0
1804 561717.0
1805 556827.0
1806 548346.0
1807 578223.0
1808 576365.0
1809 565432.0
1810 492163.0
1811 533179.0
1812 558452.0
1813 537203.0
1814 540026.0
1815 548405.0
1816 569503.0
1817 536893.0
1818 578406.0
1819 559216.0
1820 538766.0
1821 541207.0
1822 549540.0
1823 537675.0
1824 551916.0
1825 544210.0
1826 555745.0
1827 538817.0
1828 565329.0
1829 577381.0
1830 545379.0
1831 549068.0
1832 549924.0
1833 552882.0
1834 543667.0
1835 566689.0
1836 537984.0
1837 532490.0
1838 584835.0
1839 554827.0
1840 557286.0
1841 532993.0
1842 562175.0
1843 552167.0
1844 555886.0
1845 546034.0
1846 557489.0
1847 536313.0
1848 583930.0
1849 552300.0
1850 555146.0
1851 545050.0
1852 541464.0
1853 553290.0
1854 556879.0
1855 557202.0
1856 551654.0
1857 549894.0
1858 559726.0
1859 570448.0
1860 541116.0
1861 549817.0
1862 551385.0
1863 548140.0
1864 557551.0
1865 550239.0
1866 561720.0
1867 521258.0
1868 565405.0
1869 565854.0
1870 544303.0
1871 563042.0
1872 537296.0
1873 562240.0
1874 555038.0
1875 551948.0
1876 538279.0
1877 565294.0
1878 548319.0
1879 553158.0
1880 548890.0
1881 553531.0
1882 553595.0
1883 545790.0
1884 558712.0
1885 540878.0
1886 566661.0
1887 550223.0
1888 549868.0
1889 571542.0
1890 564112.0
1891 534635.0
1892 555998.0
1893 549335.0
1894 557262.0
1895 553395.0
1896 547022.0
1897 554735.0
1898 549427.0
1899 573268.0
1900 545919.0
1901 547681.0
1902 547442.0
1903 563879.0
1904 541821.0
1905 556954.0
1906 556761.0
1907 551420.0
1908 544734.0
1909 579304.0
1910 539886.0
1911 559578.0
1912 546039.0
1913 565938.0
1914 559591.0
1915 556017.0
1916 547302.0
1917 550078.0
1918 531109.0
1919 606072.0
1920 574179.0
1921 540851.0
1922 531038.0
1923 541790.0
1924 541912.0
1925 532646.0
1926 550764.0
1927 545536.0
1928 543617.0
1929 559676.0
1930 577365.0
1931 567472.0
1932 533256.0
1933 546624.0
1934 546188.0
1935 556338.0
1936 553767.0
1937 541855.0
1938 559083.0
1939 560653.0
1940 602422.0
1941 525601.0
1942 534252.0
1943 548804.0
1944 553994.0
1945 560097.0
1946 537910.0
1947 556488.0
1948 547039.0
1949 562366.0
1950 593778.0
1951 547653.0
1952 538725.0
1953 531762.0
1954 538355.0
1955 543327.0
1956 550550.0
1957 546931.0
1958 547823.0
1959 562796.0
1960 565608.0
1961 559503.0
1962 554258.0
1963 556942.0
1964 541021.0
1965 552986.0
1966 545948.0
1967 545878.0
1968 557162.0
1969 548518.0
1970 581457.0
1971 555302.0
1972 534518.0
1973 544863.0
1974 546798.0
1975 548442.0
1976 546296.0
1977 547148.0
1978 556540.0
1979 566241.0
1980 576910.0
1981 577697.0
1982 527178.0
1983 542335.0
1984 529758.0
1985 565631.0
1986 535740.0
1987 550288.0
1988 545295.0
1989 516405.0
1990 595887.0
1991 543338.0
1992 548054.0
1993 544498.0
1994 554044.0
1995 558904.0
1996 546945.0
1997 551305.0
1998 551145.0
1999 532421.0
2000 575475.0
2001 604769.0
2002 533897.0
2003 546016.0
2004 532551.0
2005 553268.0
2006 545537.0
2007 549509.0
2008 552989.0
2009 533782.0
2010 598799.0
2011 562119.0
2012 550655.0
2013 534580.0
2014 541256.0
2015 558418.0
2016 545061.0
2017 549861.0
2018 551316.0
2019 554979.0
2020 551994.0
2021 569375.0
2022 542914.0
2023 549692.0
2024 550397.0
2025 543892.0
2026 573262.0
2027 553974.0
2028 550409.0
2029 548158.0
2030 555305.0
2031 562420.0
2032 560705.0
2033 536347.0
2034 570187.0
2035 544515.0
2036 547418.0
2037 551863.0
2038 558786.0
2039 545766.0
2040 549575.0
2041 562138.0
2042 543246.0
2043 551407.0
2044 550461.0
2045 554775.0
2046 556129.0
2047 557775.0
2048 550101.0
2049 555263.0
2050 548764.0
2051 576829.0
2052 547938.0
2053 547687.0
2054 555830.0
2055 557802.0
2056 549717.0
2057 547194.0
2058 567200.0
2059 536496.0
2060 573814.0
2061 567933.0
2062 559553.0
2063 541288.0
2064 542571.0
2065 543535.0
2066 548088.0
2067 556052.0
2068 563161.0
2069 548851.0
2070 548289.0
2071 556488.0
2072 548653.0
2073 560341.0
2074 552361.0
2075 552568.0
2076 558331.0
2077 556649.0
2078 541946.0
2079 552661.0
2080 571664.0
2081 552411.0
2082 575821.0
2083 532542.0
2084 553982.0
2085 546456.0
2086 557178.0
2087 554433.0
2088 548971.0
2089 544094.0
2090 553588.0
2091 557496.0
2092 575419.0
2093 536038.0
2094 557912.0
2095 547097.0
2096 564058.0
2097 542975.0
2098 553455.0
2099 539880.0
2100 563726.0
2101 567180.0
2102 585308.0
2103 553935.0
2104 522396.0
2105 541866.0
2106 552803.0
2107 544326.0
2108 546745.0
2109 554917.0
2110 557363.0
2111 544282.0
2112 591407.0
2113 529729.0
2114 538434.0
2115 549047.0
2116 545133.0
2117 561787.0
2118 554232.0
2119 547131.0
2120 553375.0
2121 546907.0
2122 567417.0
2123 542688.0
2124 551564.0
2125 549617.0
2126 548077.0
2127 559076.0
2128 542726.0
2129 565918.0
2130 536100.0
2131 562674.0
2132 587978.0
2133 539243.0
2134 543975.0
2135 543672.0
2136 553296.0
2137 546838.0
2138 557529.0
2139 535064.0
2140 550333.0
2141 547621.0
2142 565892.0
2143 554377.0
2144 545090.0
2145 547302.0
2146 569170.0
2147 554788.0
2148 534693.0
2149 552977.0
2150 546953.0
2151 505386.0
2152 202148.0
2153 148221.0
2154 277948.0
2155 354551.0
2156 493091.0
2157 538151.0
2158 470310.0
2159 514770.0
2160 546859.0
2161 461250.0
2162 478913.0
2163 566754.0
2164 487563.0
2165 495329.0
2166 540940.0
2167 562970.0
2168 539097.0
2169 547789.0
2170 547000.0
2171 523658.0
2172 537224.0
2173 524825.0
2174 553809.0
2175 520185.0
2176 488701.0
2177 539772.0
2178 561424.0
2179 556371.0
2180 560434.0
2181 548478.0
2182 392874.0
2183 475635.0
2184 515354.0
2185 547582.0
2186 554676.0
2187 524996.0
2188 547370.0
2189 533060.0
2190 554402.0
2191 518719.0
2192 416646.0
2193 458308.0
2194 555065.0
2195 582553.0
2196 526154.0
2197 445616.0
2198 477625.0
2199 556824.0
2200 546143.0
2201 528018.0
2202 479162.0
2203 466516.0
2204 562039.0
2205 504198.0
2206 551700.0
2207 554476.0
2208 538452.0
2209 545073.0
2210 559566.0
2211 510621.0
2212 530703.0
2213 555791.0
2214 405684.0
2215 524665.0
2216 506249.0
2217 549515.0
2218 552909.0
2219 559210.0
2220 551794.0
2221 543370.0
2222 527213.0
2223 509172.0
2224 574523.0
2225 516471.0
2226 435789.0
2227 546470.0
2228 535170.0
2229 530845.0
2230 556288.0
2231 531897.0
2232 520977.0
2233 437027.0
2234 502693.0
2235 519036.0
2236 466062.0
2237 531533.0
2238 520325.0
2239 553491.0
2240 574398.0
2241 537885.0
2242 530647.0
2243 498794.0
2244 576814.0
2245 536692.0
2246 553256.0
2247 461996.0
2248 486867.0
2249 546041.0
2250 537060.0
2251 591987.0
2252 523222.0
2253 435876.0
2254 462461.0
2255 494684.0
2256 563414.0
2257 548188.0
2258 452680.0
2259 488492.0
2260 535035.0
2261 538595.0
2262 520273.0
2263 454681.0
2264 468355.0
2265 520529.0
2266 534736.0
2267 483608.0
2268 549232.0
2269 543830.0
2270 497222.0
2271 578882.0
2272 478528.0
2273 507452.0
2274 555212.0
2275 481584.0
2276 428937.0
2277 553295.0
2278 546413.0
2279 558715.0
2280 546562.0
2281 563009.0
2282 544752.0
2283 545952.0
2284 536583.0
2285 521884.0
2286 508872.0
2287 496540.0
2288 495745.0
2289 553763.0
2290 560403.0
2291 556769.0
2292 513960.0
2293 486484.0
2294 543937.0
2295 528738.0
2296 546763.0
2297 553442.0
2298 550624.0
2299 550441.0
2300 534657.0
2301 568520.0
2302 576381.0
2303 504592.0
2304 541651.0
2305 450917.0
2306 522833.0
2307 543329.0
2308 487463.0
2309 445071.0
2310 511445.0
2311 532024.0
2312 562970.0
2313 496238.0
2314 487331.0
2315 446003.0
2316 534449.0
2317 551201.0
2318 554048.0
2319 543939.0
2320 546108.0
2321 548779.0
2322 564862.0
2323 522811.0
2324 561768.0
2325 456773.0
2326 436417.0
2327 515370.0
2328 544946.0
2329 534668.0
2330 545330.0
2331 564496.0
2332 546194.0
2333 543986.0
2334 469628.0
2335 543055.0
2336 466373.0
2337 451701.0
2338 517501.0
2339 555228.0
2340 559260.0
2341 563224.0
2342 530494.0
2343 542447.0
2344 485542.0
2345 549448.0
2346 518244.0
2347 502091.0
2348 448500.0
2349 558656.0
2350 523392.0
2351 544264.0
2352 535022.0
2353 563611.0
2354 490143.0
2355 483960.0
2356 571351.0
2357 538116.0
2358 565519.0
2359 533622.0
2360 456054.0
2361 550226.0
2362 523762.0
2363 545188.0
2364 521263.0
2365 537346.0
2366 487329.0
2367 564799.0
2368 521381.0
2369 550049.0
2370 541805.0
2371 511161.0
2372 537891.0
2373 544401.0
2374 561566.0
2375 552812.0
2376 542997.0
2377 562912.0
2378 547365.0
2379 525356.0
2380 639353.0
2381 594709.0
2382 570454.0
2383 554602.0
2384 573515.0
2385 544532.0
2386 560721.0
2387 541799.0
2388 570171.0
2389 558964.0
2390 542945.0
2391 555604.0
2392 550069.0
2393 567623.0
2394 543218.0
2395 551460.0
2396 550858.0
2397 559609.0
2398 575208.0
2399 539027.0
2400 560646.0
2401 563914.0
2402 549901.0
2403 547052.0
2404 532372.0
2405 557228.0
2406 564765.0
2407 553044.0
2408 555498.0
2409 553337.0
2410 548267.0
2411 541602.0
2412 560275.0
2413 557614.0
2414 550587.0
2415 554073.0
2416 551390.0
2417 556445.0
2418 562610.0
2419 558265.0
2420 541003.0
2421 554023.0
2422 579455.0
2423 544617.0
2424 551157.0
2425 554106.0
2426 559470.0
2427 558942.0
2428 548536.0
2429 560474.0
2430 559258.0
2431 557381.0
2432 550957.0
2433 563482.0
2434 536264.0
2435 554408.0
2436 549138.0
2437 560237.0
2438 552831.0
2439 554022.0
2440 547666.0
2441 557666.0
2442 545712.0
2443 557149.0
2444 552539.0
2445 560386.0
2446 541948.0
2447 557474.0
2448 546506.0
2449 545815.0
2450 561071.0
2451 549817.0
2452 554068.0
2453 549762.0
2454 555682.0
2455 544746.0
2456 558359.0
2457 550263.0
2458 533314.0
2459 558532.0
2460 549066.0
2461 541591.0
2462 551994.0
2463 555719.0
2464 555361.0
2465 547550.0
2466 560275.0
2467 542223.0
2468 567599.0
2469 550997.0
2470 559823.0
2471 555899.0
2472 550238.0
2473 543139.0
2474 566604.0
2475 558456.0
2476 545760.0
2477 555401.0
2478 552184.0
2479 552367.0
2480 552704.0
2481 554071.0
2482 532999.0
2483 550967.0
2484 556740.0
2485 545807.0
2486 556082.0
2487 544702.0
2488 549683.0
2489 556933.0
2490 538342.0
2491 548709.0
2492 559078.0
2493 558810.0
2494 535420.0
2495 558175.0
2496 567639.0
2497 535841.0
2498 560191.0
2499 551485.0
2500 551572.0
2501 555194.0
2502 544674.0
2503 551918.0
2504 562255.0
2505 555078.0
2506 551033.0
2507 537519.0
2508 552526.0
2509 555047.0
2510 567408.0
2511 541844.0
2512 557629.0
2513 552839.0
2514 560599.0
2515 543298.0
2516 557975.0
2517 566780.0
2518 532395.0
2519 575130.0
2520 546639.0
2521 556469.0
2522 551763.0
2523 555329.0
2524 548374.0
2525 572590.0
2526 542572.0
2527 545050.0
2528 561451.0
2529 551416.0
2530 539287.0
2531 545596.0
2532 544010.0
2533 555849.0
2534 555426.0
2535 557455.0
2536 546009.0
2537 564643.0
2538 557420.0
2539 542046.0
2540 555715.0
2541 551469.0
2542 555226.0
2543 565973.0
2544 535046.0
2545 573250.0
2546 550070.0
2547 564753.0
2548 545503.0
2549 556544.0
2550 556160.0
2551 545617.0
2552 545062.0
2553 560459.0
2554 555385.0
2555 553102.0
2556 543787.0
2557 545633.0
2558 559257.0
2559 550779.0
2560 533746.0
2561 555546.0
2562 544247.0
2563 556278.0
2564 551809.0
2565 551136.0
2566 549898.0
2567 558687.0
2568 563167.0
2569 560050.0
2570 551876.0
2571 557045.0
2572 541647.0
2573 553047.0
2574 548573.0
2575 558293.0
2576 554781.0
2577 536913.0
2578 557734.0
2579 545398.0
2580 552049.0
2581 535712.0
2582 561000.0
2583 540558.0
2584 555174.0
2585 533157.0
2586 562882.0
2587 566076.0
2588 546195.0
2589 553020.0
2590 561377.0
2591 560070.0
2592 538331.0
2593 547415.0
2594 577506.0
2595 561500.0
2596 541474.0
2597 554372.0
2598 549232.0
2599 554568.0
2600 562110.0
2601 535928.0
2602 555172.0
2603 557656.0
2604 548178.0
2605 538545.0
2606 538870.0
2607 557194.0
2608 554809.0
2609 548494.0
2610 560388.0
2611 546687.0
2612 560980.0
2613 554817.0
2614 552433.0
2615 560964.0
2616 533585.0
2617 567348.0
2618 559432.0
2619 549168.0
2620 547955.0
2621 558592.0
2622 538741.0
2623 564191.0
2624 557058.0
2625 548668.0
2626 548693.0
2627 567249.0
2628 539545.0
2629 556703.0
2630 535043.0
2631 555149.0
2632 549152.0
2633 554825.0
2634 533926.0
2635 461632.0
2636 553830.0
2637 561456.0
2638 568623.0
2639 560882.0
2640 552839.0
2641 552499.0
2642 561697.0
2643 561662.0
2644 559251.0
2645 567978.0
2646 528229.0
2647 546531.0
2648 533465.0
2649 548845.0
2650 558765.0
2651 544264.0
2652 539092.0
2653 546452.0
2654 535256.0
2655 556296.0
2656 545346.0
2657 547996.0
2658 558948.0
2659 554154.0
2660 546289.0
2661 550195.0
2662 561570.0
2663 553583.0
2664 561781.0
2665 551144.0
2666 565996.0
2667 584633.0
2668 551898.0
2669 570446.0
2670 566919.0
2671 553328.0
2672 555840.0
2673 548017.0
2674 551183.0
2675 533340.0
2676 514687.0
2677 552669.0
2678 556505.0
2679 536234.0
2680 551183.0
2681 560100.0
2682 552317.0
2683 551808.0
2684 553147.0
2685 533645.0
2686 520374.0
2687 539915.0
2688 571945.0
2689 566650.0
2690 556917.0
2691 567330.0
2692 547683.0
2693 535579.0
2694 525571.0
2695 525347.0
2696 576008.0
2697 544460.0
2698 555487.0
2699 555820.0
2700 558302.0
2701 559292.0
2702 561155.0
2703 548373.0
2704 579228.0
2705 548708.0
2706 559847.0
2707 573676.0
2708 563272.0
2709 549775.0
2710 576047.0
2711 560944.0
2712 550185.0
2713 546258.0
2714 533257.0
2715 549754.0
2716 563034.0
2717 557388.0
2718 566954.0
2719 554361.0
2720 556284.0
2721 552253.0
2722 556069.0
2723 557785.0
2724 538921.0
2725 547026.0
2726 521365.0
2727 553120.0
2728 560085.0
2729 543227.0
2730 539016.0
2731 563276.0
2732 551616.0
2733 556308.0
2734 541191.0
2735 562639.0
2736 536766.0
2737 576767.0
2738 543859.0
2739 536356.0
2740 555785.0
2741 548673.0
2742 568839.0
2743 540972.0
2744 554583.0
2745 555981.0
2746 537610.0
2747 553544.0
2748 555276.0
2749 558285.0
2750 546289.0
2751 560159.0
2752 532080.0
2753 556673.0
2754 540539.0
2755 545673.0
2756 552585.0
2757 545182.0
2758 551898.0
2759 563463.0
2760 541900.0
2761 567001.0
2762 566860.0
2763 552861.0
2764 560493.0
2765 550217.0
2766 557295.0
2767 553162.0
2768 566285.0
2769 566300.0
2770 566019.0
2771 559179.0
2772 548099.0
2773 551405.0
2774 553592.0
2775 563855.0
2776 525920.0
2777 556897.0
2778 550249.0
2779 538439.0
2780 553922.0
2781 559406.0
2782 558168.0
2783 540762.0
2784 547900.0
2785 542389.0
2786 562370.0
2787 520502.0
2788 554802.0
2789 530385.0
2790 507438.0
2791 578974.0
2792 554536.0
2793 570214.0
2794 553252.0
2795 560127.0
2796 556426.0
2797 553723.0
2798 557382.0
2799 548086.0
2800 545687.0
2801 543526.0
2802 557097.0
2803 554894.0
2804 557562.0
2805 560070.0
2806 548910.0
2807 558848.0
2808 551168.0
2809 558220.0
2810 556096.0
2811 562617.0
2812 539315.0
2813 575446.0
2814 553613.0
2815 554857.0
2816 556845.0
2817 540928.0
2818 558450.0
2819 554876.0
2820 555303.0
2821 553400.0
2822 554669.0
2823 550787.0
2824 554781.0
2825 541263.0
2826 552842.0
2827 557947.0
2828 555735.0
2829 539199.0
2830 563604.0
2831 558057.0
2832 562421.0
2833 550485.0
2834 540574.0
2835 558593.0
2836 563121.0
2837 546591.0
2838 566746.0
2839 560036.0
2840 567460.0
2841 549134.0
2842 563038.0
2843 547334.0
2844 549334.0
2845 547740.0
2846 546541.0
2847 554752.0
2848 558819.0
2849 534524.0
2850 545338.0
2851 561897.0
2852 550202.0
2853 559217.0
2854 554044.0
2855 548342.0
2856 551713.0
2857 553900.0
2858 537278.0
2859 542805.0
2860 565608.0
2861 548706.0
2862 564096.0
2863 567845.0
2864 560694.0
2865 560445.0
2866 546549.0
2867 551278.0
2868 563663.0
2869 558830.0
2870 554663.0
2871 545757.0
2872 560412.0
2873 554914.0
2874 530019.0
2875 547035.0
2876 552691.0
2877 555827.0
2878 541065.0
2879 569079.0
2880 547809.0
2881 570427.0
2882 561321.0
2883 543184.0
2884 565436.0
2885 551932.0
2886 540302.0
2887 542913.0
2888 553224.0
2889 561918.0
2890 558226.0
2891 540405.0
2892 557379.0
2893 560140.0
2894 545982.0
2895 544489.0
2896 542950.0
2897 547830.0
2898 556166.0
2899 537397.0
2900 568901.0
2901 543713.0
2902 554613.0
2903 551941.0
2904 546973.0
2905 557376.0
2906 552211.0
2907 542830.0
2908 548124.0
2909 561249.0
2910 560337.0
2911 530587.0
2912 572615.0
2913 548106.0
2914 553981.0
2915 549854.0
2916 548565.0
2917 564281.0
2918 553370.0
2919 562534.0
2920 542122.0
2921 566151.0
2922 550883.0
2923 534636.0
2924 544797.0
2925 555296.0
2926 556384.0
2927 561300.0
2928 538456.0
2929 560904.0
2930 569838.0
2931 558417.0
2932 545103.0
2933 553660.0
2934 548882.0
2935 549020.0
2936 549343.0
2937 535332.0
2938 568646.0
2939 556556.0
2940 545266.0
2941 553171.0
2942 577517.0
2943 560459.0
2944 531425.0
2945 551765.0
2946 550229.0
2947 556478.0
2948 621558.0
2949 584179.0
2950 539723.0
2951 535820.0
2952 552910.0
2953 500713.0
2954 548018.0
2955 536298.0
2956 566529.0
2957 531956.0
2958 564258.0
2959 549815.0
2960 558131.0
2961 545149.0
2962 548946.0
2963 561606.0
2964 544961.0
2965 561398.0
2966 541440.0
2967 557303.0
2968 558372.0
2969 537264.0
2970 561674.0
2971 551715.0
2972 541282.0
2973 536287.0
2974 561986.0
2975 540941.0
2976 553271.0
2977 549717.0
2978 553780.0
2979 574784.0
2980 558025.0
2981 548936.0
2982 557442.0
2983 558056.0
2984 551406.0
2985 548063.0
2986 543490.0
2987 551954.0
2988 551777.0
2989 561156.0
2990 533495.0
2991 557677.0
2992 563357.0
2993 568213.0
2994 547534.0
2995 554677.0
2996 562745.0
2997 539213.0
2998 529038.0
2999 547207.0
3000 552978.0
3001 563422.0
3002 537411.0
3003 565067.0
3004 571357.0
3005 554928.0
3006 548325.0
3007 555354.0
3008 553750.0
3009 552294.0
3010 552569.0
3011 541720.0
3012 554565.0
3013 555638.0
3014 555075.0
3015 567143.0
3016 555475.0
3017 532154.0
3018 522470.0
3019 536874.0
3020 549773.0
3021 516840.0
3022 551091.0
3023 552726.0
3024 553113.0
3025 562285.0
3026 553952.0
3027 546213.0
3028 575921.0
3029 548082.0
3030 545281.0
3031 551767.0
3032 546046.0
3033 553541.0
3034 570732.0
3035 549820.0
3036 556013.0
3037 555863.0
3038 563648.0
3039 550975.0
3040 560220.0
3041 543133.0
3042 554542.0
3043 553916.0
3044 553705.0
3045 557473.0
3046 539628.0
3047 574149.0
3048 547300.0
3049 551948.0
3050 568106.0
3051 537577.0
3052 568027.0
3053 548635.0
3054 558211.0
3055 550700.0
3056 564472.0
3057 554284.0
3058 547468.0
3059 565741.0
3060 559098.0
3061 552282.0
3062 553074.0
3063 556572.0
3064 551630.0
3065 547255.0
3066 556845.0
3067 561156.0
3068 535833.0
3069 565021.0
3070 542621.0
3071 557121.0
3072 538160.0
3073 551055.0
3074 557029.0
3075 571712.0
3076 543250.0
3077 567257.0
3078 546422.0
3079 561885.0
3080 554110.0
3081 544412.0
3082 564036.0
3083 553296.0
3084 556126.0
3085 553720.0
3086 568118.0
3087 553365.0
3088 559426.0
3089 549612.0
3090 555562.0
3091 556139.0
3092 554493.0
3093 556776.0
3094 558624.0
3095 540169.0
3096 555891.0
3097 551315.0
3098 556854.0
3099 560813.0
3100 569592.0
3101 560861.0
3102 558105.0
3103 553784.0
3104 534814.0
3105 562175.0
3106 539685.0
3107 571986.0
3108 553797.0
3109 562488.0
3110 545990.0
3111 557633.0
3112 561430.0
3113 555844.0
3114 554042.0
3115 551186.0
3116 549629.0
3117 553446.0
3118 548729.0
3119 560809.0
3120 539922.0
3121 553542.0
3122 545604.0
3123 563268.0
3124 555547.0
3125 539892.0
3126 555863.0
3127 566768.0
3128 561282.0
3129 566407.0
3130 543273.0
3131 559105.0
3132 554236.0
3133 555027.0
3134 550444.0
3135 551939.0
3136 554894.0
3137 552586.0
3138 556827.0
3139 561261.0
3140 561275.0
3141 555385.0
3142 557117.0
3143 540952.0
3144 553657.0
3145 545089.0
3146 552110.0
3147 558005.0
3148 554879.0
3149 567675.0
3150 546665.0
3151 559124.0
3152 572194.0
3153 546617.0
3154 549721.0
3155 533688.0
3156 568132.0
3157 550186.0
3158 563091.0
3159 544950.0
3160 572036.0
3161 558134.0
3162 550405.0
3163 557088.0
3164 555507.0
3165 538324.0
3166 541852.0
3167 560051.0
3168 538279.0
3169 560291.0
3170 555787.0
3171 559859.0
3172 556931.0
3173 553424.0
3174 561829.0
3175 557776.0
3176 543740.0
3177 556934.0
3178 550173.0
3179 548090.0
3180 561779.0
3181 560703.0
3182 566919.0
3183 554336.0
3184 533084.0
3185 550327.0
3186 552813.0
3187 554249.0
3188 560080.0
3189 554236.0
3190 561230.0
3191 554857.0
3192 551574.0
3193 537844.0
3194 551372.0
3195 556592.0
3196 559802.0
3197 558812.0
3198 541367.0
3199 558095.0
3200 564874.0
3201 569983.0
3202 556508.0
3203 554101.0
3204 550795.0
3205 549383.0
3206 556650.0
3207 560139.0
3208 557461.0
3209 549856.0
3210 559944.0
3211 557457.0
3212 562002.0
3213 545641.0
3214 559995.0
3215 553516.0
3216 553391.0
3217 557352.0
3218 557121.0
3219 557385.0
3220 543857.0
3221 569600.0
3222 551445.0
3223 545200.0
3224 560432.0
3225 557930.0
3226 544655.0
3227 568053.0
3228 552987.0
3229 544728.0
3230 565984.0
3231 553323.0
3232 553132.0
3233 551477.0
3234 556370.0
3235 556108.0
3236 555568.0
3237 554564.0
3238 548696.0
3239 550756.0
3240 559076.0
3241 558454.0
3242 560854.0
3243 545935.0
3244 549228.0
3245 540889.0
3246 563954.0
3247 547486.0
3248 555814.0
3249 565308.0
3250 550562.0
3251 565224.0
3252 565408.0
3253 552611.0
3254 540786.0
3255 565271.0
3256 542761.0
3257 567730.0
3258 553871.0
3259 555815.0
3260 561018.0
3261 554688.0
3262 561028.0
3263 553686.0
3264 555246.0
3265 557735.0
3266 554261.0
3267 546870.0
3268 558439.0
3269 544136.0
3270 579537.0
3271 543255.0
3272 552780.0
3273 562902.0
3274 567608.0
3275 552046.0
3276 544951.0
3277 564016.0
3278 553688.0
3279 554796.0
3280 562592.0
3281 550693.0
3282 550178.0
3283 558757.0
3284 562768.0
3285 554964.0
3286 555904.0
3287 548925.0
3288 549731.0
3289 551022.0
3290 550245.0
3291 561858.0
3292 559104.0
3293 539206.0
3294 548442.0
3295 566481.0
3296 537048.0
3297 566669.0
3298 564105.0
3299 558578.0
3300 546309.0
3301 560978.0
3302 538398.0
3303 571063.0
3304 555229.0
3305 551250.0
3306 559781.0
3307 558114.0
3308 557036.0
3309 557278.0
3310 555583.0
3311 561017.0
3312 553459.0
3313 556489.0
3314 560878.0
3315 551972.0
3316 540724.0
3317 538061.0
3318 568882.0
3319 546667.0
3320 549943.0
3321 568997.0
3322 566478.0
3323 544680.0
3324 564614.0
3325 557756.0
3326 560220.0
3327 547464.0
3328 567236.0
3329 551343.0
3330 555129.0
3331 563068.0
3332 555838.0
3333 551617.0
3334 557891.0
3335 556975.0
3336 670075.0
3337 669406.0
3338 491123.0
3339 481319.0
3340 542972.0
3341 541285.0
3342 520348.0
3343 560463.0
3344 555087.0
3345 543546.0
3346 545133.0
3347 567445.0
3348 543348.0
3349 544566.0
3350 562570.0
3351 548649.0
3352 558715.0
3353 555318.0
3354 552801.0
3355 556920.0
3356 544224.0
3357 549337.0
3358 558471.0
3359 554485.0
3360 549699.0
3361 547419.0
3362 535456.0
3363 568925.0
3364 555336.0
3365 559213.0
3366 540470.0
3367 528963.0
3368 558282.0
3369 558358.0
3370 540811.0
3371 546354.0
3372 542703.0
3373 566935.0
3374 541770.0
3375 570402.0
3376 553759.0
3377 565482.0
3378 547702.0
3379 548415.0
3380 545136.0
3381 547694.0
3382 549216.0
3383 556045.0
3384 555087.0
3385 559015.0
3386 542197.0
3387 561604.0
3388 547057.0
3389 552009.0
3390 535528.0
3391 550351.0
3392 548192.0
3393 549366.0
3394 538225.0
3395 561106.0
3396 546143.0
3397 568759.0
3398 551612.0
3399 539268.0
3400 554007.0
3401 551778.0
3402 546482.0
3403 549897.0
3404 552127.0
3405 552585.0
3406 556033.0
3407 553190.0
3408 551662.0
3409 554095.0
3410 555171.0
3411 547000.0
3412 551600.0
3413 556689.0
3414 554788.0
3415 542729.0
3416 546224.0
3417 565319.0
3418 551015.0
3419 542819.0
3420 571626.0
3421 535459.0
3422 564785.0
3423 552763.0
3424 558696.0
3425 559892.0
3426 562037.0
3427 560724.0
3428 541935.0
3429 554220.0
3430 555394.0
3431 550630.0
3432 544233.0
3433 557369.0
3434 552348.0
3435 559170.0
3436 544263.0
3437 576254.0
3438 545074.0
3439 556138.0
3440 531836.0
3441 564367.0
3442 554085.0
3443 553099.0
3444 539918.0
3445 565274.0
3446 555307.0
3447 562728.0
3448 548412.0
3449 548044.0
3450 555691.0
3451 550678.0
3452 543865.0
3453 558452.0
3454 556416.0
3455 559034.0
3456 552781.0
3457 544055.0
3458 564738.0
3459 558324.0
3460 548656.0
3461 555061.0
3462 548959.0
3463 549662.0
3464 547756.0
3465 543472.0
3466 560025.0
3467 554496.0
3468 542134.0
3469 542987.0
3470 560378.0
3471 553572.0
3472 546575.0
3473 552278.0
3474 541776.0
3475 554464.0
3476 563792.0
3477 545382.0
3478 555911.0
3479 545503.0
3480 551326.0
3481 552094.0
3482 555907.0
3483 554625.0
3484 549680.0
3485 547003.0
3486 554993.0
3487 554442.0
3488 554873.0
3489 536785.0
3490 544553.0
3491 551837.0
3492 552295.0
3493 554850.0
3494 549198.0
3495 548829.0
3496 556734.0
3497 552222.0
3498 547251.0
3499 556569.0
3500 546184.0
3501 549944.0
3502 550170.0
3503 552213.0
3504 557979.0
3505 560717.0
3506 545178.0
3507 558090.0
3508 551487.0
3509 554846.0
3510 542504.0
3511 555168.0
3512 552376.0
3513 551290.0
3514 540856.0
3515 552372.0
3516 567567.0
3517 548302.0
3518 553471.0
3519 554916.0
3520 550906.0
3521 558294.0
3522 547124.0
3523 548614.0
3524 542852.0
3525 568195.0
3526 548493.0
3527 552850.0
3528 551106.0
3529 553295.0
3530 551866.0
3531 544771.0
3532 558175.0
3533 547524.0
3534 547045.0
3535 495945.0
3536 543082.0
3537 572936.0
3538 530010.0
3539 542062.0
3540 542060.0
3541 560630.0
3542 549078.0
3543 544854.0
3544 575447.0
3545 554463.0
3546 563361.0
3547 563496.0
3548 565988.0
3549 538853.0
3550 554131.0
3551 551452.0
3552 552324.0
3553 550809.0
3554 547468.0
3555 545531.0
3556 533733.0
3557 558127.0
3558 557487.0
3559 554101.0
3560 553692.0
3561 546424.0
3562 558984.0
3563 506482.0
3564 502560.0
3565 530091.0
3566 605666.0
3567 567013.0
3568 529617.0
3569 501103.0
3570 576271.0
3571 544438.0
3572 571613.0
3573 569327.0
3574 571470.0
3575 561369.0
3576 568057.0
3577 567427.0
3578 555873.0
3579 559652.0
3580 554985.0
3581 561722.0
3582 566739.0
3583 550909.0
3584 560725.0
3585 545823.0
3586 558707.0
3587 548021.0
3588 554803.0
3589 553707.0
3590 556272.0
3591 556719.0
3592 544408.0
3593 559707.0
3594 553589.0
3595 552252.0
3596 551183.0
3597 558921.0
3598 556623.0
3599 550171.0
3600 552108.0
3601 551813.0
3602 556134.0
3603 556092.0
3604 557255.0
3605 565016.0
3606 549433.0
3607 558020.0
3608 553235.0
3609 559144.0
3610 555288.0
3611 552968.0
3612 541234.0
3613 564221.0
3614 548196.0
3615 555701.0
3616 558211.0
3617 562755.0
3618 562455.0
3619 563002.0
3620 554763.0
3621 556886.0
3622 542795.0
3623 552739.0
3624 551309.0
3625 554120.0
3626 556163.0
3627 549103.0
3628 552917.0
3629 553137.0
3630 548580.0
3631 553413.0
3632 548556.0
3633 552672.0
3634 551468.0
3635 554373.0
3636 543571.0
3637 561149.0
3638 550173.0
3639 549523.0
3640 559056.0
3641 557722.0
3642 555196.0
3643 551806.0
3644 549702.0
3645 558226.0
3646 560046.0
3647 554195.0
3648 551762.0
3649 562516.0
3650 549242.0
3651 553809.0
3652 550307.0
3653 556061.0
3654 558235.0
3655 555069.0
3656 549358.0
3657 559733.0
3658 554336.0
3659 557024.0
3660 551353.0
3661 553121.0
3662 548150.0
3663 556022.0
3664 545014.0
3665 557930.0
3666 543758.0
3667 570991.0
3668 557330.0
3669 547976.0
3670 561659.0
3671 556881.0
3672 546086.0
3673 551316.0
3674 554351.0
3675 548092.0
3676 553260.0
3677 549897.0
3678 558804.0
3679 551569.0
3680 557291.0
3681 557424.0
3682 549959.0
3683 551279.0
3684 553425.0
3685 544394.0
3686 563879.0
3687 554450.0
3688 560027.0
3689 539670.0
3690 570672.0
3691 550629.0
3692 555494.0
3693 556539.0
3694 554253.0
3695 555854.0
3696 549138.0
3697 552307.0
3698 557264.0
3699 555612.0
3700 546729.0
3701 558209.0
3702 556608.0
3703 550710.0
3704 557394.0
3705 551781.0
3706 553438.0
3707 561078.0
3708 546337.0
3709 550201.0
3710 560267.0
3711 541108.0
3712 562388.0
3713 552601.0
3714 552651.0
3715 554975.0
3716 557179.0
3717 551789.0
3718 558383.0
3719 558173.0
3720 557740.0
3721 552799.0
3722 559686.0
3723 549715.0
3724 553675.0
3725 544856.0
3726 563529.0
3727 549777.0
3728 553036.0
3729 565426.0
3730 563714.0
3731 554882.0
3732 558422.0
3733 554483.0
3734 546856.0
3735 540542.0
3736 554871.0
3737 548852.0
3738 546014.0
3739 554902.0
3740 551671.0
3741 548092.0
3742 548963.0
3743 548952.0
3744 556829.0
3745 550007.0
3746 554082.0
3747 552069.0
3748 550862.0
3749 556655.0
3750 556166.0
3751 556623.0
3752 557380.0
3753 555724.0
3754 553391.0
3755 558788.0
3756 549311.0
3757 555418.0
3758 554508.0
3759 570678.0
3760 554348.0
3761 538635.0
3762 561416.0
3763 552372.0
3764 556645.0
3765 553275.0
