0 4554752.0
1 4554752.0
2 4554752.0
3 4554752.0
4 4554752.0
5 4554752.0
6 4554752.0
7 4554752.0
8 4554752.0
9 4554752.0
10 4554752.0
11 4554752.0
12 4554752.0
13 4554752.0
14 4554752.0
15 4554752.0
16 4554752.0
17 4554752.0
18 4554752.0
19 4554752.0
20 4554752.0
21 4554752.0
22 4554752.0
23 4554752.0
24 4554752.0
25 4554752.0
26 4554752.0
27 4554752.0
28 4554752.0
29 4554752.0
30 4554752.0
31 4554752.0
32 4554752.0
33 4554752.0
34 4554752.0
35 4554752.0
36 4554752.0
37 4554752.0
38 4554752.0
39 4554752.0
40 4554752.0
41 4554752.0
42 4554752.0
43 4554752.0
44 4554752.0
45 4554752.0
46 4554752.0
47 4554752.0
48 4554752.0
49 4554752.0
50 4554752.0
51 4554752.0
52 4554752.0
53 4554752.0
54 4554752.0
55 4554752.0
56 4554752.0
57 4554752.0
58 4554752.0
59 4554752.0
60 4554752.0
61 4554752.0
62 4554752.0
63 4554752.0
64 4554752.0
65 4554752.0
66 4554752.0
67 4554752.0
68 4554752.0
69 4554752.0
70 4554752.0
71 4554752.0
72 4554752.0
73 4554752.0
74 4554752.0
75 4554752.0
76 4554752.0
77 4554752.0
78 4554752.0
79 4554752.0
80 4554752.0
81 4554752.0
82 4554752.0
83 4554752.0
84 4554752.0
85 4554752.0
86 4554752.0
87 4554752.0
88 4554752.0
89 4554752.0
90 4554752.0
91 4554752.0
92 4554752.0
93 4554752.0
94 4554752.0
95 4554752.0
96 4554752.0
97 4554752.0
98 4554752.0
99 4554752.0
100 4554752.0
101 4554752.0
102 4554752.0
103 4554752.0
104 4554752.0
105 4554752.0
106 4554752.0
107 4554752.0
108 4554752.0
109 4554752.0
110 4554752.0
111 4554752.0
112 4554752.0
113 4554752.0
114 4554752.0
115 4554752.0
116 4554752.0
117 4554752.0
118 4554752.0
119 4554752.0
120 4554752.0
121 4554752.0
122 4554752.0
123 4554752.0
124 4554752.0
125 4554752.0
126 4554752.0
127 4554752.0
128 4554752.0
129 4554752.0
130 4554752.0
131 4554752.0
132 4554752.0
133 4554752.0
134 4554752.0
135 4554752.0
136 4554752.0
137 4554752.0
138 4554752.0
139 4554752.0
140 4554752.0
141 4554752.0
142 4554752.0
143 4554752.0
144 4554752.0
145 4554752.0
146 4554752.0
147 4554752.0
148 4554752.0
149 4554752.0
150 4554752.0
151 4554752.0
152 4554752.0
153 4554752.0
154 4554752.0
155 4554752.0
156 4554752.0
157 4554752.0
158 4554752.0
159 4554752.0
160 4554752.0
161 4554752.0
162 4554752.0
163 4554752.0
164 4554752.0
165 4554752.0
166 4554752.0
167 4554752.0
168 4554752.0
169 4554752.0
170 4554752.0
171 4554752.0
172 4554752.0
173 4554752.0
174 4554752.0
175 4554752.0
176 4554752.0
177 4554752.0
178 4554752.0
179 4554752.0
180 4554752.0
181 4554752.0
182 4554752.0
183 4554752.0
184 4554752.0
185 4554752.0
186 4554752.0
187 4554752.0
188 4554752.0
189 4554752.0
190 4554752.0
191 4554752.0
192 4554752.0
193 4554752.0
194 4554752.0
195 4554752.0
196 4554752.0
197 4554752.0
198 4554752.0
199 4554752.0
200 4554752.0
201 4554752.0
202 4554752.0
203 4554752.0
204 4554752.0
205 4554752.0
206 4554752.0
207 4554752.0
208 4554752.0
209 4554752.0
210 4554752.0
211 4554752.0
212 4554752.0
213 4554752.0
214 4554752.0
215 4554752.0
216 4554752.0
217 4554752.0
218 4554752.0
219 4554752.0
220 4554752.0
221 4554752.0
222 4554752.0
223 4554752.0
224 4554752.0
225 4554752.0
226 4554752.0
227 4554752.0
228 4554752.0
229 4554752.0
230 4554752.0
231 4554752.0
232 4554752.0
233 4554752.0
234 4554752.0
235 4554752.0
236 4554752.0
237 4554752.0
238 4554752.0
239 4554752.0
240 4554752.0
241 4554752.0
242 4554752.0
243 4554752.0
244 4554752.0
245 4554752.0
246 4554752.0
247 4554752.0
248 4554752.0
249 4554752.0
250 4554752.0
251 4554752.0
252 4554752.0
253 4554752.0
254 4554752.0
255 4554752.0
256 4554752.0
257 4554752.0
258 4554752.0
259 4554752.0
260 4554752.0
261 4554752.0
262 4554752.0
263 4554752.0
264 4554752.0
265 4554752.0
266 4554752.0
267 4554752.0
268 4554752.0
269 4554752.0
270 4554752.0
271 4554752.0
272 4554752.0
273 4554752.0
274 4554752.0
275 4554752.0
276 4554752.0
277 4554752.0
278 4554752.0
279 4554752.0
280 4554752.0
281 4554752.0
282 4554752.0
283 4554752.0
284 4554752.0
285 4554752.0
286 4554752.0
287 4554752.0
288 4554752.0
289 4554752.0
290 4554752.0
291 4554752.0
292 4554752.0
293 4554752.0
294 4554752.0
295 4554752.0
296 4554752.0
297 4554752.0
298 4554752.0
299 4554752.0
300 4554752.0
301 4554752.0
302 4554752.0
303 4554752.0
304 4554752.0
305 4554752.0
306 4554752.0
307 4554752.0
308 4554752.0
309 4554752.0
310 4554752.0
311 4554752.0
312 4554752.0
313 4554752.0
314 4554752.0
315 4554752.0
316 4554752.0
317 4554752.0
318 4554752.0
319 4554752.0
320 4554752.0
321 4554752.0
322 4554752.0
323 4554752.0
324 4554752.0
325 4554752.0
326 4554752.0
327 4554752.0
328 4554752.0
329 4554752.0
330 4554752.0
331 4554752.0
332 4554752.0
333 4554752.0
334 4554752.0
335 4554752.0
336 4554752.0
337 4554752.0
338 4554752.0
339 4554752.0
340 4554752.0
341 4554752.0
342 4554752.0
343 4554752.0
344 4554752.0
345 4554752.0
346 4554752.0
347 4554752.0
348 4554752.0
349 4554752.0
350 4554752.0
351 4554752.0
352 4554752.0
353 4554752.0
354 4554752.0
355 4554752.0
356 4554752.0
357 4554752.0
358 4554752.0
359 4554752.0
360 4554752.0
361 4554752.0
362 4554752.0
363 4554752.0
364 4554752.0
365 4554752.0
366 4554752.0
367 4554752.0
368 4554752.0
369 4554752.0
370 4554752.0
371 4554752.0
372 4554752.0
373 4554752.0
374 4554752.0
375 4554752.0
376 4554752.0
377 4554752.0
378 4554752.0
379 4554752.0
380 4554752.0
381 4554752.0
382 4554752.0
383 4554752.0
384 4554752.0
385 4554752.0
386 4554752.0
387 4554752.0
388 4554752.0
389 4554752.0
390 4554752.0
391 4554752.0
392 4554752.0
393 4554752.0
394 4554752.0
395 4554752.0
396 4554752.0
397 4554752.0
398 4554752.0
399 4554752.0
400 4554752.0
401 4554752.0
402 4554752.0
403 4554752.0
404 4554752.0
405 4554752.0
406 4554752.0
407 4554752.0
408 4554752.0
409 4554752.0
410 4554752.0
411 4554752.0
412 4554752.0
413 4554752.0
414 4554752.0
415 4554752.0
416 4554752.0
417 4554752.0
418 4554752.0
419 4554752.0
420 4554752.0
421 4554752.0
422 4554752.0
423 4554752.0
424 4554752.0
425 4554752.0
426 4554752.0
427 4554752.0
428 4554752.0
429 4554752.0
430 4554752.0
431 4554752.0
432 4554752.0
433 4554752.0
434 4554752.0
435 4554752.0
436 4554752.0
437 4554752.0
438 4554752.0
439 4554752.0
440 4554752.0
441 4554752.0
442 4554752.0
443 4554752.0
444 4554752.0
445 4554752.0
446 4554752.0
447 4554752.0
448 4554752.0
449 4554752.0
450 4554752.0
451 4554752.0
452 4554752.0
453 4554752.0
454 4554752.0
455 4554752.0
456 4554752.0
457 4554752.0
458 4554752.0
459 4554752.0
460 4554752.0
461 4554752.0
462 4554752.0
463 4554752.0
464 4554752.0
465 4554752.0
466 4554752.0
467 4554752.0
468 4554752.0
469 4554752.0
470 4554752.0
471 4554752.0
472 4554752.0
473 4554752.0
474 4554752.0
475 4554752.0
476 4554752.0
477 4554752.0
478 4554752.0
479 4554752.0
480 4554752.0
481 4554752.0
482 4554752.0
483 4554752.0
484 4554752.0
485 4554752.0
486 4554752.0
487 4554752.0
488 4554752.0
489 4554752.0
490 4554752.0
491 4554752.0
492 4554752.0
493 4554752.0
494 4554752.0
495 4554752.0
496 4554752.0
497 4554752.0
498 4554752.0
499 4554752.0
500 4554752.0
501 4554752.0
502 4554752.0
503 4554752.0
504 4554752.0
505 4554752.0
506 4554752.0
507 4554752.0
508 4554752.0
509 4554752.0
510 4554752.0
511 4554752.0
512 4554752.0
513 4554752.0
514 4554752.0
515 4554752.0
516 4554752.0
517 4554752.0
518 4554752.0
519 4554752.0
520 4554752.0
521 4554752.0
522 4554752.0
523 4554752.0
524 4554752.0
525 4554752.0
526 4554752.0
527 4554752.0
528 4554752.0
529 4554752.0
530 4554752.0
531 4554752.0
532 4554752.0
533 4554752.0
534 4554752.0
535 4554752.0
536 4554752.0
537 4554752.0
538 4554752.0
539 4554752.0
540 4554752.0
541 4554752.0
542 4554752.0
543 4554752.0
544 4554752.0
545 4554752.0
546 4554752.0
547 4554752.0
548 4554752.0
549 4554752.0
550 4554752.0
551 4554752.0
552 4554752.0
553 4554752.0
554 4554752.0
555 4554752.0
556 4554752.0
557 4554752.0
558 4554752.0
559 4554752.0
560 4554752.0
561 4554752.0
562 4554752.0
563 4554752.0
564 4554752.0
565 4554752.0
566 4554752.0
567 4554752.0
568 4554752.0
569 4554752.0
570 4554752.0
571 4554752.0
572 4554752.0
573 4554752.0
574 4554752.0
575 4554752.0
576 4554752.0
577 4554752.0
578 4554752.0
579 4554752.0
580 4554752.0
581 4554752.0
582 4554752.0
583 4554752.0
584 4554752.0
585 4554752.0
586 4554752.0
587 4554752.0
588 4554752.0
589 4554752.0
590 4554752.0
591 4554752.0
592 4554752.0
593 4554752.0
594 4554752.0
595 4554752.0
596 4554752.0
597 4554752.0
598 4554752.0
599 4554752.0
600 4554752.0
601 4554752.0
602 4554752.0
603 4554752.0
604 4554752.0
605 4554752.0
606 4554752.0
607 4554752.0
608 4554752.0
609 4554752.0
610 4554752.0
611 4554752.0
612 4554752.0
613 4554752.0
614 4554752.0
615 4554752.0
616 4554752.0
617 4554752.0
618 4554752.0
619 4554752.0
620 4554752.0
621 4554752.0
622 4554752.0
623 4554752.0
624 4554752.0
625 4554752.0
626 4554752.0
627 4554752.0
628 4554752.0
629 4554752.0
630 4554752.0
631 4554752.0
632 4554752.0
633 4554752.0
634 4554752.0
635 4554752.0
636 4554752.0
637 4554752.0
638 4554752.0
639 4554752.0
640 4554752.0
641 4554752.0
642 4554752.0
643 4554752.0
644 4554752.0
645 4554752.0
646 4554752.0
647 4554752.0
648 4554752.0
649 4554752.0
650 4554752.0
651 4554752.0
652 4554752.0
653 4554752.0
654 4554752.0
655 4554752.0
656 4554752.0
657 4554752.0
658 4554752.0
659 4554752.0
660 4554752.0
661 4554752.0
662 4554752.0
663 4554752.0
664 4554752.0
665 4554752.0
666 4554752.0
667 4554752.0
668 4554752.0
669 4554752.0
670 4554752.0
671 4554752.0
672 4554752.0
673 4554752.0
674 4554752.0
675 4554752.0
676 4554752.0
677 4554752.0
678 4554752.0
679 4554752.0
680 4554752.0
681 4554752.0
682 4554752.0
683 4554752.0
684 4554752.0
685 4554752.0
686 4554752.0
687 4554752.0
688 4554752.0
689 4554752.0
690 4554752.0
691 4554752.0
692 4554752.0
693 4554752.0
694 4554752.0
695 4554752.0
696 4554752.0
697 4554752.0
698 4554752.0
699 4554752.0
700 4554752.0
701 4554752.0
702 4554752.0
703 4554752.0
704 4554752.0
705 4554752.0
706 4554752.0
707 4554752.0
708 4554752.0
709 4554752.0
710 4554752.0
711 4554752.0
712 4554752.0
713 4554752.0
714 4554752.0
715 4554752.0
716 4554752.0
717 4554752.0
718 4554752.0
719 4554752.0
720 4554752.0
721 4554752.0
722 4554752.0
723 4554752.0
724 4554752.0
725 4554752.0
726 4554752.0
727 4554752.0
728 4554752.0
729 4554752.0
730 4554752.0
731 4554752.0
732 4554752.0
733 4554752.0
734 4554752.0
735 4554752.0
736 4554752.0
737 4554752.0
738 4554752.0
739 4554752.0
740 4554752.0
741 4554752.0
742 4554752.0
743 4554752.0
744 4554752.0
745 4554752.0
746 4554752.0
747 4554752.0
748 4554752.0
749 4554752.0
750 4554752.0
751 4554752.0
752 4554752.0
753 4554752.0
754 4554752.0
755 4554752.0
756 4554752.0
757 4554752.0
758 4554752.0
759 4554752.0
760 4554752.0
761 4554752.0
762 4554752.0
763 4554752.0
764 4554752.0
765 4554752.0
766 4554752.0
767 4554752.0
768 4554752.0
769 4554752.0
770 4554752.0
771 4554752.0
772 4554752.0
773 4554752.0
774 4554752.0
775 4554752.0
776 4554752.0
777 4554752.0
778 4554752.0
779 4554752.0
780 4554752.0
781 4554752.0
782 4554752.0
783 4554752.0
784 4554752.0
785 4554752.0
786 4554752.0
787 4554752.0
788 4554752.0
789 4554752.0
790 4554752.0
791 4554752.0
792 4554752.0
793 4554752.0
794 4554752.0
795 4554752.0
796 4554752.0
797 4554752.0
798 4554752.0
799 4554752.0
800 4554752.0
801 4554752.0
802 4554752.0
803 4554752.0
804 4554752.0
805 4554752.0
806 4554752.0
807 4554752.0
808 4554752.0
809 4554752.0
810 4554752.0
811 4554752.0
812 4554752.0
813 4554752.0
814 4554752.0
815 4554752.0
816 4554752.0
817 4554752.0
818 4554752.0
819 4554752.0
820 4554752.0
821 4554752.0
822 4554752.0
823 4554752.0
824 4554752.0
825 4554752.0
826 4554752.0
827 4554752.0
828 4554752.0
829 4554752.0
830 4554752.0
831 4554752.0
832 4554752.0
833 4554752.0
834 4554752.0
835 4554752.0
836 4554752.0
837 4554752.0
838 4554752.0
839 4554752.0
840 4554752.0
841 4554752.0
842 4554752.0
843 4554752.0
844 4554752.0
845 4554752.0
846 4554752.0
847 4554752.0
848 4554752.0
849 4554752.0
850 4554752.0
851 4554752.0
852 4554752.0
853 4554752.0
854 4554752.0
855 4554752.0
856 4554752.0
857 4554752.0
858 4554752.0
859 4554752.0
860 4554752.0
861 4554752.0
862 4554752.0
863 4554752.0
864 4554752.0
865 4554752.0
866 4554752.0
867 4554752.0
868 4554752.0
869 4554752.0
870 4554752.0
871 4554752.0
872 4554752.0
873 4554752.0
874 4554752.0
875 4554752.0
876 4554752.0
877 4554752.0
878 4554752.0
879 4554752.0
880 4554752.0
881 4554752.0
882 4554752.0
883 4554752.0
884 4554752.0
885 4554752.0
886 4554752.0
887 4554752.0
888 4554752.0
889 4554752.0
890 4554752.0
891 4554752.0
892 4554752.0
893 4554752.0
894 4554752.0
895 4554752.0
896 4554752.0
897 4554752.0
898 4554752.0
899 4554752.0
900 4554752.0
901 4554752.0
902 4554752.0
903 4554752.0
904 4554752.0
905 4554752.0
906 4554752.0
907 4554752.0
908 4554752.0
909 4554752.0
910 4554752.0
911 4554752.0
912 4554752.0
913 4554752.0
914 4554752.0
915 4554752.0
916 4554752.0
917 4554752.0
918 4554752.0
919 4554752.0
920 4554752.0
921 4554752.0
922 4554752.0
923 4554752.0
924 4554752.0
925 4554752.0
926 4554752.0
927 4554752.0
928 4554752.0
929 4554752.0
930 4554752.0
931 4554752.0
932 4554752.0
933 4554752.0
934 4554752.0
935 4554752.0
936 4554752.0
937 4554752.0
938 4554752.0
939 4554752.0
940 4554752.0
941 4554752.0
942 4554752.0
943 4554752.0
944 4554752.0
945 4554752.0
946 4554752.0
947 4554752.0
948 4554752.0
949 4554752.0
950 4554752.0
951 4554752.0
952 4554752.0
953 4554752.0
954 4554752.0
955 4554752.0
956 4554752.0
957 4554752.0
958 4554752.0
959 4554752.0
960 4554752.0
961 4554752.0
962 4554752.0
963 4554752.0
964 4554752.0
965 4554752.0
966 4554752.0
967 4554752.0
968 4554752.0
969 4554752.0
970 4554752.0
971 4554752.0
972 4554752.0
973 4554752.0
974 4554752.0
975 4554752.0
976 4554752.0
977 4554752.0
978 4554752.0
979 4554752.0
980 4554752.0
981 4554752.0
982 4554752.0
983 4554752.0
984 4554752.0
985 4554752.0
986 4554752.0
987 4554752.0
988 4554752.0
989 4554752.0
990 4554752.0
991 4554752.0
992 4554752.0
993 4554752.0
994 4554752.0
995 4554752.0
996 4554752.0
997 4554752.0
998 4554752.0
999 4554752.0
1000 4554752.0
1001 4554752.0
1002 4554752.0
1003 4554752.0
1004 4554752.0
1005 4554752.0
1006 4554752.0
1007 4554752.0
1008 4554752.0
1009 4554752.0
1010 4554752.0
1011 4554752.0
1012 4554752.0
1013 4554752.0
1014 4554752.0
1015 4554752.0
1016 4554752.0
1017 4554752.0
1018 4554752.0
1019 4554752.0
1020 4554752.0
1021 4554752.0
1022 4554752.0
1023 4554752.0
1024 4554752.0
1025 4554752.0
1026 4554752.0
1027 4554752.0
1028 4554752.0
1029 4554752.0
1030 4554752.0
1031 4554752.0
1032 4554752.0
1033 4554752.0
1034 4554752.0
1035 4554752.0
1036 4554752.0
1037 4554752.0
1038 4554752.0
1039 4554752.0
1040 4554752.0
1041 4554752.0
1042 4554752.0
1043 4554752.0
1044 4554752.0
1045 4554752.0
1046 4554752.0
1047 4554752.0
1048 4554752.0
1049 4554752.0
1050 4554752.0
1051 4554752.0
1052 4554752.0
1053 4554752.0
1054 4554752.0
1055 4554752.0
1056 4554752.0
1057 4554752.0
1058 4554752.0
1059 4554752.0
1060 4554752.0
1061 4554752.0
1062 4554752.0
1063 4554752.0
1064 4554752.0
1065 4554752.0
1066 4554752.0
1067 4554752.0
1068 4554752.0
1069 4554752.0
1070 4554752.0
1071 4554752.0
1072 4554752.0
1073 4554752.0
1074 4554752.0
1075 4554752.0
1076 4554752.0
1077 4554752.0
1078 4554752.0
1079 4554752.0
1080 4554752.0
1081 4554752.0
1082 4554752.0
1083 4554752.0
1084 4554752.0
1085 4554752.0
1086 4554752.0
1087 4554752.0
1088 4554752.0
1089 4554752.0
1090 4554752.0
1091 4554752.0
1092 4554752.0
1093 4554752.0
1094 4554752.0
1095 4554752.0
1096 4554752.0
1097 4554752.0
1098 4554752.0
1099 4554752.0
1100 4554752.0
1101 4554752.0
1102 4554752.0
1103 4554752.0
1104 4554752.0
1105 4554752.0
1106 4554752.0
1107 4554752.0
1108 4554752.0
1109 4554752.0
1110 4554752.0
1111 4554752.0
1112 4554752.0
1113 4554752.0
1114 4554752.0
1115 4554752.0
1116 4554752.0
1117 4554752.0
1118 4554752.0
1119 4554752.0
1120 4554752.0
1121 4554752.0
1122 4554752.0
1123 4554752.0
1124 4554752.0
1125 4554752.0
1126 4554752.0
1127 4554752.0
1128 4554752.0
1129 4554752.0
1130 4554752.0
1131 4554752.0
1132 4554752.0
1133 4554752.0
1134 4554752.0
1135 4554752.0
1136 4554752.0
1137 4554752.0
1138 4554752.0
1139 4554752.0
1140 4554752.0
1141 4554752.0
1142 4554752.0
1143 4554752.0
1144 4554752.0
1145 4554752.0
1146 4554752.0
1147 4554752.0
1148 4554752.0
1149 4554752.0
1150 4554752.0
1151 4554752.0
1152 4554752.0
1153 4554752.0
1154 4554752.0
1155 4554752.0
1156 4554752.0
1157 4554752.0
1158 4554752.0
1159 4554752.0
1160 4554752.0
1161 4554752.0
1162 4554752.0
1163 4554752.0
1164 4554752.0
1165 4554752.0
1166 4554752.0
1167 4554752.0
1168 4554752.0
1169 4554752.0
1170 4554752.0
1171 4554752.0
1172 4554752.0
1173 4554752.0
1174 4554752.0
1175 4554752.0
1176 4554752.0
1177 4554752.0
1178 4554752.0
1179 4554752.0
1180 4554752.0
1181 4554752.0
1182 4554752.0
1183 4554752.0
1184 4554752.0
1185 4554752.0
1186 4554752.0
1187 4554752.0
1188 4554752.0
1189 4554752.0
1190 4554752.0
1191 4554752.0
1192 4554752.0
1193 4554752.0
1194 4554752.0
1195 4554752.0
1196 4554752.0
1197 4554752.0
1198 4554752.0
1199 4554752.0
1200 4554752.0
1201 4554752.0
1202 4554752.0
1203 4554752.0
1204 4554752.0
1205 4554752.0
1206 4554752.0
1207 4554752.0
1208 4554752.0
1209 4554752.0
1210 4554752.0
1211 4554752.0
1212 4554752.0
1213 4554752.0
1214 4554752.0
1215 4554752.0
1216 4554752.0
1217 4554752.0
1218 4554752.0
1219 4554752.0
1220 4554752.0
1221 4554752.0
1222 4554752.0
1223 4554752.0
1224 4554752.0
1225 4554752.0
1226 4554752.0
1227 4554752.0
1228 4554752.0
1229 4554752.0
1230 4554752.0
1231 4554752.0
1232 4554752.0
1233 4554752.0
1234 4554752.0
1235 4554752.0
1236 4554752.0
1237 4554752.0
1238 4554752.0
1239 4554752.0
1240 4554752.0
1241 4554752.0
1242 4554752.0
1243 4554752.0
1244 4554752.0
1245 4554752.0
1246 4554752.0
1247 4554752.0
1248 4554752.0
1249 4554752.0
1250 4554752.0
1251 4554752.0
1252 4554752.0
1253 4554752.0
1254 4554752.0
1255 4554752.0
1256 4554752.0
1257 4554752.0
1258 4554752.0
1259 4554752.0
1260 4554752.0
1261 4554752.0
1262 4554752.0
1263 4554752.0
1264 4554752.0
1265 4554752.0
1266 4554752.0
1267 4554752.0
1268 4554752.0
1269 4554752.0
1270 4554752.0
1271 4554752.0
1272 4554752.0
1273 4554752.0
1274 4554752.0
1275 4554752.0
1276 4554752.0
1277 4554752.0
1278 4554752.0
1279 4554752.0
1280 4554752.0
1281 4554752.0
1282 4554752.0
1283 4554752.0
1284 4554752.0
1285 4554752.0
1286 4554752.0
1287 4554752.0
1288 4554752.0
1289 4554752.0
1290 4554752.0
1291 4554752.0
1292 4554752.0
1293 4554752.0
1294 4554752.0
1295 4554752.0
1296 4554752.0
1297 4554752.0
1298 4554752.0
1299 4554752.0
1300 4554752.0
1301 4554752.0
1302 4554752.0
1303 4554752.0
1304 4554752.0
1305 4554752.0
1306 4554752.0
1307 4554752.0
1308 4554752.0
1309 4554752.0
1310 4554752.0
1311 4554752.0
1312 4554752.0
1313 4554752.0
1314 4554752.0
1315 4554752.0
1316 4554752.0
1317 4554752.0
1318 4554752.0
1319 4554752.0
1320 4554752.0
1321 4554752.0
1322 4554752.0
1323 4554752.0
1324 4554752.0
1325 4554752.0
1326 4554752.0
1327 4554752.0
1328 4554752.0
1329 4554752.0
1330 4554752.0
1331 4554752.0
1332 4554752.0
1333 4554752.0
1334 4554752.0
1335 4554752.0
1336 4554752.0
1337 4554752.0
1338 4554752.0
1339 4554752.0
1340 4554752.0
1341 4554752.0
1342 4554752.0
1343 4554752.0
1344 4554752.0
1345 4554752.0
1346 4554752.0
1347 4554752.0
1348 4554752.0
1349 4554752.0
1350 4554752.0
1351 4554752.0
1352 4554752.0
1353 4554752.0
1354 4554752.0
1355 4554752.0
1356 4554752.0
1357 4554752.0
1358 4554752.0
1359 4554752.0
1360 4554752.0
1361 4554752.0
1362 4554752.0
1363 4554752.0
1364 4554752.0
1365 4554752.0
1366 4554752.0
1367 4554752.0
1368 4554752.0
1369 4554752.0
1370 4554752.0
1371 4554752.0
1372 4554752.0
1373 4554752.0
1374 4554752.0
1375 4554752.0
1376 4554752.0
1377 4554752.0
1378 4554752.0
1379 4554752.0
1380 4554752.0
1381 4554752.0
1382 4554752.0
1383 4554752.0
1384 4554752.0
1385 4554752.0
1386 4554752.0
1387 4554752.0
1388 4554752.0
1389 4554752.0
1390 4554752.0
1391 4554752.0
1392 4554752.0
1393 4554752.0
1394 4554752.0
1395 4554752.0
1396 4554752.0
1397 4554752.0
1398 4554752.0
1399 4554752.0
1400 4554752.0
1401 4554752.0
1402 4554752.0
1403 4554752.0
1404 4554752.0
1405 4554752.0
1406 4554752.0
1407 4554752.0
1408 4554752.0
1409 4554752.0
1410 4554752.0
1411 4554752.0
1412 4554752.0
1413 4554752.0
1414 4554752.0
1415 4554752.0
1416 4554752.0
1417 4554752.0
1418 4554752.0
1419 4554752.0
1420 4554752.0
1421 4554752.0
1422 4554752.0
1423 4554752.0
1424 4554752.0
1425 4554752.0
1426 4554752.0
1427 4554752.0
1428 4554752.0
1429 4554752.0
1430 4554752.0
1431 4554752.0
1432 4554752.0
1433 4554752.0
1434 4554752.0
1435 4554752.0
1436 4554752.0
1437 4554752.0
1438 4554752.0
1439 4554752.0
1440 4554752.0
1441 4554752.0
1442 4554752.0
1443 4554752.0
1444 4554752.0
1445 4554752.0
1446 4554752.0
1447 4554752.0
1448 4554752.0
1449 4554752.0
1450 4554752.0
1451 4554752.0
1452 4554752.0
1453 4554752.0
1454 4554752.0
1455 4554752.0
1456 4554752.0
1457 4554752.0
1458 4554752.0
1459 4554752.0
1460 4554752.0
1461 4554752.0
1462 4554752.0
1463 4554752.0
1464 4554752.0
1465 4554752.0
1466 4554752.0
1467 4554752.0
1468 4554752.0
1469 4554752.0
1470 4554752.0
1471 4554752.0
1472 4554752.0
1473 4554752.0
1474 4554752.0
1475 4554752.0
1476 4554752.0
1477 4554752.0
1478 4554752.0
1479 4554752.0
1480 4554752.0
1481 4554752.0
1482 4554752.0
1483 4554752.0
1484 4554752.0
1485 4554752.0
1486 4554752.0
1487 4554752.0
1488 4554752.0
1489 4554752.0
1490 4554752.0
1491 4554752.0
1492 4554752.0
1493 4554752.0
1494 4554752.0
1495 4554752.0
1496 4554752.0
1497 4554752.0
1498 4554752.0
1499 4554752.0
1500 4554752.0
1501 4554752.0
1502 4554752.0
1503 4554752.0
1504 4554752.0
1505 4554752.0
1506 4554752.0
1507 4554752.0
1508 4554752.0
1509 4554752.0
1510 4554752.0
1511 4554752.0
1512 4554752.0
1513 4554752.0
1514 4554752.0
1515 4554752.0
1516 4554752.0
1517 4554752.0
1518 4554752.0
1519 4554752.0
1520 4554752.0
1521 4554752.0
1522 4554752.0
1523 4554752.0
1524 4554752.0
1525 4554752.0
1526 4554752.0
1527 4554752.0
1528 4554752.0
1529 4554752.0
1530 4554752.0
1531 4554752.0
1532 4554752.0
1533 4554752.0
1534 4554752.0
1535 4554752.0
1536 4554752.0
1537 4554752.0
1538 4554752.0
1539 4554752.0
1540 4554752.0
1541 4554752.0
1542 4554752.0
1543 4554752.0
1544 4554752.0
1545 4554752.0
1546 4554752.0
1547 4554752.0
1548 4554752.0
1549 4554752.0
1550 4554752.0
1551 4554752.0
1552 4554752.0
1553 4554752.0
1554 4554752.0
1555 4554752.0
1556 4554752.0
1557 4554752.0
1558 4554752.0
1559 4554752.0
1560 4554752.0
1561 4554752.0
1562 4554752.0
1563 4554752.0
1564 4554752.0
1565 4554752.0
1566 4554752.0
1567 4554752.0
1568 4554752.0
1569 4554752.0
1570 4554752.0
1571 4554752.0
1572 4554752.0
1573 4554752.0
1574 4554752.0
1575 4554752.0
1576 4554752.0
1577 4554752.0
1578 4554752.0
1579 4554752.0
1580 4554752.0
1581 4554752.0
1582 4554752.0
1583 4554752.0
1584 4554752.0
1585 4554752.0
1586 4554752.0
1587 4554752.0
1588 4554752.0
1589 4554752.0
1590 4554752.0
1591 4554752.0
1592 4554752.0
1593 4554752.0
1594 4554752.0
1595 4554752.0
1596 4554752.0
1597 4554752.0
1598 4554752.0
1599 4554752.0
1600 4554752.0
1601 4554752.0
1602 4554752.0
1603 4554752.0
1604 4554752.0
1605 4554752.0
1606 4554752.0
1607 4554752.0
1608 4554752.0
1609 4554752.0
1610 4554752.0
1611 4554752.0
1612 4554752.0
1613 4554752.0
1614 4554752.0
1615 4554752.0
1616 4554752.0
1617 4554752.0
1618 4554752.0
1619 4554752.0
1620 4554752.0
1621 4554752.0
1622 4554752.0
1623 4554752.0
1624 4554752.0
1625 4554752.0
1626 4554752.0
1627 4554752.0
1628 4554752.0
1629 4554752.0
1630 4554752.0
1631 4554752.0
1632 4554752.0
1633 4554752.0
1634 4554752.0
1635 4554752.0
1636 4554752.0
1637 4554752.0
1638 4554752.0
1639 4554752.0
1640 4554752.0
1641 4554752.0
1642 4554752.0
1643 4554752.0
1644 4554752.0
1645 4554752.0
1646 4554752.0
1647 4554752.0
1648 4554752.0
1649 4554752.0
1650 4554752.0
1651 4554752.0
1652 4554752.0
1653 4554752.0
1654 4554752.0
1655 4554752.0
1656 4554752.0
1657 4554752.0
1658 4554752.0
1659 4554752.0
1660 4554752.0
1661 4554752.0
1662 4554752.0
1663 4554752.0
1664 4554752.0
1665 4554752.0
1666 4554752.0
1667 4554752.0
1668 4554752.0
1669 4554752.0
1670 4554752.0
1671 4554752.0
1672 4554752.0
1673 4554752.0
1674 4554752.0
1675 4554752.0
1676 4554752.0
1677 4554752.0
1678 4554752.0
1679 4554752.0
1680 4554752.0
1681 4554752.0
1682 4554752.0
1683 4554752.0
1684 4554752.0
1685 4554752.0
1686 4554752.0
1687 4554752.0
1688 4554752.0
1689 4554752.0
1690 4554752.0
1691 4554752.0
1692 4554752.0
1693 4554752.0
1694 4554752.0
1695 4554752.0
1696 4554752.0
1697 4554752.0
1698 4554752.0
1699 4554752.0
1700 4554752.0
1701 4554752.0
1702 4554752.0
1703 4554752.0
1704 4554752.0
1705 4554752.0
1706 4554752.0
1707 4554752.0
1708 4554752.0
1709 4554752.0
1710 4554752.0
1711 4554752.0
1712 4554752.0
1713 4554752.0
1714 4554752.0
1715 4554752.0
1716 4554752.0
1717 4554752.0
1718 4554752.0
1719 4554752.0
1720 4554752.0
1721 4554752.0
1722 4554752.0
1723 4554752.0
1724 4554752.0
1725 4554752.0
1726 4554752.0
1727 4554752.0
1728 4554752.0
1729 4554752.0
1730 4554752.0
1731 4554752.0
1732 4554752.0
1733 4554752.0
1734 4554752.0
1735 4554752.0
1736 4554752.0
1737 4554752.0
1738 4554752.0
1739 4554752.0
1740 4554752.0
1741 4554752.0
1742 4554752.0
1743 4554752.0
1744 4554752.0
1745 4554752.0
1746 4554752.0
1747 4554752.0
1748 4554752.0
1749 4554752.0
1750 4554752.0
1751 4554752.0
1752 4554752.0
1753 4554752.0
1754 4554752.0
1755 4554752.0
1756 4554752.0
1757 4554752.0
1758 4554752.0
1759 4554752.0
1760 4554752.0
1761 4554752.0
1762 4554752.0
1763 4554752.0
1764 4554752.0
1765 4554752.0
1766 4554752.0
1767 4554752.0
1768 4554752.0
1769 4554752.0
1770 4554752.0
1771 4554752.0
1772 4554752.0
1773 4554752.0
1774 4554752.0
1775 4554752.0
1776 4554752.0
1777 4554752.0
1778 4554752.0
1779 4554752.0
1780 4554752.0
1781 4554752.0
1782 4554752.0
1783 4554752.0
1784 4554752.0
1785 4554752.0
1786 4554752.0
1787 4554752.0
1788 4554752.0
1789 4554752.0
1790 4554752.0
1791 4554752.0
1792 4554752.0
1793 4554752.0
1794 4554752.0
1795 4554752.0
1796 4554752.0
1797 4554752.0
1798 4554752.0
1799 4554752.0
1800 4554752.0
1801 4554752.0
1802 4554752.0
1803 4554752.0
1804 4554752.0
1805 4554752.0
1806 4554752.0
1807 4554752.0
1808 4554752.0
1809 4554752.0
1810 4554752.0
1811 4554752.0
1812 4554752.0
1813 4554752.0
1814 4554752.0
1815 4554752.0
1816 4554752.0
1817 4554752.0
1818 4554752.0
1819 4554752.0
1820 4554752.0
1821 4554752.0
1822 4554752.0
1823 4554752.0
1824 4554752.0
1825 4554752.0
1826 4554752.0
1827 4554752.0
1828 4554752.0
1829 4554752.0
1830 4554752.0
1831 4554752.0
1832 4554752.0
1833 4554752.0
1834 4554752.0
1835 4554752.0
1836 4554752.0
1837 4554752.0
1838 4554752.0
1839 4554752.0
1840 4554752.0
1841 4554752.0
1842 4554752.0
1843 4554752.0
1844 4554752.0
1845 4554752.0
1846 4554752.0
1847 4554752.0
1848 4554752.0
1849 4554752.0
1850 4554752.0
1851 4554752.0
1852 4554752.0
1853 4554752.0
1854 4554752.0
1855 4554752.0
1856 4554752.0
1857 4554752.0
1858 4554752.0
1859 4554752.0
1860 4554752.0
1861 4554752.0
1862 4554752.0
1863 4554752.0
1864 4554752.0
1865 4554752.0
1866 4554752.0
1867 4554752.0
1868 4554752.0
1869 4554752.0
1870 4554752.0
1871 4554752.0
1872 4554752.0
1873 4554752.0
1874 4554752.0
1875 4554752.0
1876 4554752.0
1877 4554752.0
1878 4554752.0
1879 4554752.0
1880 4554752.0
1881 4554752.0
1882 4554752.0
1883 4554752.0
1884 4554752.0
1885 4554752.0
1886 4554752.0
1887 4554752.0
1888 4554752.0
1889 4554752.0
1890 4554752.0
1891 4554752.0
1892 4554752.0
1893 4554752.0
1894 4554752.0
1895 4554752.0
1896 4554752.0
1897 4554752.0
1898 4554752.0
1899 4554752.0
1900 4554752.0
1901 4554752.0
1902 4554752.0
1903 4554752.0
1904 4554752.0
1905 4554752.0
1906 4554752.0
1907 4554752.0
1908 4554752.0
1909 4554752.0
1910 4554752.0
1911 4554752.0
1912 4554752.0
1913 4554752.0
1914 4554752.0
1915 4554752.0
1916 4554752.0
1917 4554752.0
1918 4554752.0
1919 4554752.0
1920 4554752.0
1921 4554752.0
1922 4554752.0
1923 4554752.0
1924 4554752.0
1925 4554752.0
1926 4554752.0
1927 4554752.0
1928 4554752.0
1929 4554752.0
1930 4554752.0
1931 4554752.0
1932 4554752.0
1933 4554752.0
1934 4554752.0
1935 4554752.0
1936 4554752.0
1937 4554752.0
1938 4554752.0
1939 4554752.0
1940 4554752.0
1941 4554752.0
1942 4554752.0
1943 4554752.0
1944 4554752.0
1945 4554752.0
1946 4554752.0
1947 4554752.0
1948 4554752.0
1949 4554752.0
1950 4554752.0
1951 4554752.0
1952 4554752.0
1953 4554752.0
1954 4554752.0
1955 4554752.0
1956 4554752.0
1957 4554752.0
1958 4554752.0
1959 4554752.0
1960 4554752.0
1961 4554752.0
1962 4554752.0
1963 4554752.0
1964 4554752.0
1965 4554752.0
1966 4554752.0
1967 4554752.0
1968 4554752.0
1969 4554752.0
1970 4554752.0
1971 4554752.0
1972 4554752.0
1973 4554752.0
1974 4554752.0
1975 4554752.0
1976 4554752.0
1977 4554752.0
1978 4554752.0
1979 4554752.0
1980 4554752.0
1981 4554752.0
1982 4554752.0
1983 4554752.0
1984 4554752.0
1985 4554752.0
1986 4554752.0
1987 4554752.0
1988 4554752.0
1989 4554752.0
1990 4554752.0
1991 4554752.0
1992 4554752.0
1993 4554752.0
1994 4554752.0
1995 4554752.0
1996 4554752.0
1997 4554752.0
1998 4554752.0
1999 4554752.0
2000 4554752.0
2001 4554752.0
2002 4554752.0
2003 4554752.0
2004 4554752.0
2005 4554752.0
2006 4554752.0
2007 4554752.0
2008 4554752.0
2009 4554752.0
2010 4554752.0
2011 4554752.0
2012 4554752.0
2013 4554752.0
2014 4554752.0
2015 4554752.0
2016 4554752.0
2017 4554752.0
2018 4554752.0
2019 4554752.0
2020 4554752.0
2021 4554752.0
2022 4554752.0
2023 4554752.0
2024 4554752.0
2025 4554752.0
2026 4554752.0
2027 4554752.0
2028 4554752.0
2029 4554752.0
2030 4554752.0
2031 4554752.0
2032 4554752.0
2033 4554752.0
2034 4554752.0
2035 4554752.0
2036 4554752.0
2037 4554752.0
2038 4554752.0
2039 4554752.0
2040 4554752.0
2041 4554752.0
2042 4554752.0
2043 4554752.0
2044 4554752.0
2045 4554752.0
2046 4554752.0
2047 4554752.0
2048 4554752.0
2049 4554752.0
2050 4554752.0
2051 4554752.0
2052 4554752.0
2053 4554752.0
2054 4554752.0
2055 4554752.0
2056 4554752.0
2057 4554752.0
2058 4554752.0
2059 4554752.0
2060 4554752.0
2061 4554752.0
2062 4554752.0
2063 4554752.0
2064 4554752.0
2065 4554752.0
2066 4554752.0
2067 4554752.0
2068 4554752.0
2069 4554752.0
2070 4554752.0
2071 4554752.0
2072 4554752.0
2073 4554752.0
2074 4554752.0
2075 4554752.0
2076 4554752.0
2077 4554752.0
2078 4554752.0
2079 4554752.0
2080 4554752.0
2081 4554752.0
2082 4554752.0
2083 4554752.0
2084 4554752.0
2085 4554752.0
2086 4554752.0
2087 4554752.0
2088 4554752.0
2089 4554752.0
2090 4554752.0
2091 4554752.0
2092 4554752.0
2093 4554752.0
2094 4554752.0
2095 4554752.0
2096 4554752.0
2097 4554752.0
2098 4554752.0
2099 4554752.0
2100 4554752.0
2101 4554752.0
2102 4554752.0
2103 4554752.0
2104 4554752.0
2105 4554752.0
2106 4554752.0
2107 4554752.0
2108 4554752.0
2109 4554752.0
2110 4554752.0
2111 4554752.0
2112 4554752.0
2113 4554752.0
2114 4554752.0
2115 4554752.0
2116 4554752.0
2117 4554752.0
2118 4554752.0
2119 4554752.0
2120 4554752.0
2121 4554752.0
2122 4554752.0
2123 4554752.0
2124 4554752.0
2125 4554752.0
2126 4554752.0
2127 4554752.0
2128 4554752.0
2129 4554752.0
2130 4554752.0
2131 4554752.0
2132 4554752.0
2133 4554752.0
2134 4554752.0
2135 4554752.0
2136 4554752.0
2137 4554752.0
2138 4554752.0
2139 4554752.0
2140 4554752.0
2141 4554752.0
2142 4554752.0
2143 4554752.0
2144 4554752.0
2145 4554752.0
2146 4554752.0
2147 4554752.0
2148 4554752.0
2149 4554752.0
2150 4554752.0
2151 4554752.0
2152 4554752.0
2153 4554752.0
2154 4554752.0
2155 4554752.0
2156 4554752.0
2157 4554752.0
2158 4554752.0
2159 4554752.0
2160 4554752.0
2161 4554752.0
2162 4554752.0
2163 4554752.0
2164 4554752.0
2165 4554752.0
2166 4554752.0
2167 4554752.0
2168 4554752.0
2169 4554752.0
2170 4554752.0
2171 4554752.0
2172 4554752.0
2173 4554752.0
2174 4554752.0
2175 4554752.0
2176 4554752.0
2177 4554752.0
2178 4554752.0
2179 4554752.0
2180 4554752.0
2181 4554752.0
2182 4554752.0
2183 4554752.0
2184 4554752.0
2185 4554752.0
2186 4554752.0
2187 4554752.0
2188 4554752.0
2189 4554752.0
2190 4554752.0
2191 4554752.0
2192 4554752.0
2193 4554752.0
2194 4554752.0
2195 4554752.0
2196 4554752.0
2197 4554752.0
2198 4554752.0
2199 4554752.0
2200 4554752.0
2201 4554752.0
2202 4554752.0
2203 4554752.0
2204 4554752.0
2205 4554752.0
2206 4554752.0
2207 4554752.0
2208 4554752.0
2209 4554752.0
2210 4554752.0
2211 4554752.0
2212 4554752.0
2213 4554752.0
2214 4554752.0
2215 4554752.0
2216 4554752.0
2217 4554752.0
2218 4554752.0
2219 4554752.0
2220 4554752.0
2221 4554752.0
2222 4554752.0
2223 4554752.0
2224 4554752.0
2225 4554752.0
2226 4554752.0
2227 4554752.0
2228 4554752.0
2229 4554752.0
2230 4554752.0
2231 4554752.0
2232 4554752.0
2233 4554752.0
2234 4554752.0
2235 4554752.0
2236 4554752.0
2237 4554752.0
2238 4554752.0
2239 4554752.0
2240 4554752.0
2241 4554752.0
2242 4554752.0
2243 4554752.0
2244 4554752.0
2245 4554752.0
2246 4554752.0
2247 4554752.0
2248 4554752.0
2249 4554752.0
2250 4554752.0
2251 4554752.0
2252 4554752.0
2253 4554752.0
2254 4554752.0
2255 4554752.0
2256 4554752.0
2257 4554752.0
2258 4554752.0
2259 4554752.0
2260 4554752.0
2261 4554752.0
2262 4554752.0
2263 4554752.0
2264 4554752.0
2265 4554752.0
2266 4554752.0
2267 4554752.0
2268 4554752.0
2269 4554752.0
2270 4554752.0
2271 4554752.0
2272 4554752.0
2273 4554752.0
2274 4554752.0
2275 4554752.0
2276 4554752.0
2277 4554752.0
2278 4554752.0
2279 4554752.0
2280 4554752.0
2281 4554752.0
2282 4554752.0
2283 4554752.0
2284 4554752.0
2285 4554752.0
2286 4554752.0
2287 4554752.0
2288 4554752.0
2289 4554752.0
2290 4554752.0
2291 4554752.0
2292 4554752.0
2293 4554752.0
2294 4554752.0
2295 4554752.0
2296 4554752.0
2297 4554752.0
2298 4554752.0
2299 4554752.0
2300 4554752.0
2301 4554752.0
2302 4554752.0
2303 4554752.0
2304 4554752.0
2305 4554752.0
2306 4554752.0
2307 4554752.0
2308 4554752.0
2309 4554752.0
2310 4554752.0
2311 4554752.0
2312 4554752.0
2313 4554752.0
2314 4554752.0
2315 4554752.0
2316 4554752.0
2317 4554752.0
2318 4554752.0
2319 4554752.0
2320 4554752.0
2321 4554752.0
2322 4554752.0
2323 4554752.0
2324 4554752.0
2325 4554752.0
2326 4554752.0
2327 4554752.0
2328 4554752.0
2329 4554752.0
2330 4554752.0
2331 4554752.0
2332 4554752.0
2333 4554752.0
2334 4554752.0
2335 4554752.0
2336 4554752.0
2337 4554752.0
2338 4554752.0
2339 4554752.0
2340 4554752.0
2341 4554752.0
2342 4554752.0
2343 4554752.0
2344 4554752.0
2345 4554752.0
2346 4554752.0
2347 4554752.0
2348 4554752.0
2349 4554752.0
2350 4554752.0
2351 4554752.0
2352 4554752.0
2353 4554752.0
2354 4554752.0
2355 4554752.0
2356 4554752.0
2357 4554752.0
2358 4554752.0
2359 4554752.0
2360 4554752.0
2361 4554752.0
2362 4554752.0
2363 4554752.0
2364 4554752.0
2365 4554752.0
2366 4554752.0
2367 4554752.0
2368 4554752.0
2369 4554752.0
2370 4554752.0
2371 4554752.0
2372 4554752.0
2373 4554752.0
2374 4554752.0
2375 4554752.0
2376 4554752.0
2377 4554752.0
2378 4554752.0
2379 4554752.0
2380 4554752.0
2381 4554752.0
2382 4554752.0
2383 4554752.0
2384 4554752.0
2385 4554752.0
2386 4554752.0
2387 4554752.0
2388 4554752.0
2389 4554752.0
2390 4554752.0
2391 4554752.0
2392 4554752.0
2393 4554752.0
2394 4554752.0
2395 4554752.0
2396 4554752.0
2397 4554752.0
2398 4554752.0
2399 4554752.0
2400 4554752.0
2401 4554752.0
2402 4554752.0
2403 4554752.0
2404 4554752.0
2405 4554752.0
2406 4554752.0
2407 4554752.0
2408 4554752.0
2409 4554752.0
2410 4554752.0
2411 4554752.0
2412 4554752.0
2413 4554752.0
2414 4554752.0
2415 4554752.0
2416 4554752.0
2417 4554752.0
2418 4554752.0
2419 4554752.0
2420 4554752.0
2421 4554752.0
2422 4554752.0
2423 4554752.0
2424 4554752.0
2425 4554752.0
2426 4554752.0
2427 4554752.0
2428 4554752.0
2429 4554752.0
2430 4554752.0
2431 4554752.0
2432 4554752.0
2433 4554752.0
2434 4554752.0
2435 4554752.0
2436 4554752.0
2437 4554752.0
2438 4554752.0
2439 4554752.0
2440 4554752.0
2441 4554752.0
2442 4554752.0
2443 4554752.0
2444 4554752.0
2445 4554752.0
2446 4554752.0
2447 4554752.0
2448 4554752.0
2449 4554752.0
2450 4554752.0
2451 4554752.0
2452 4554752.0
2453 4554752.0
2454 4554752.0
2455 4554752.0
2456 4554752.0
2457 4554752.0
2458 4554752.0
2459 4554752.0
2460 4554752.0
2461 4554752.0
2462 4554752.0
2463 4554752.0
2464 4554752.0
2465 4554752.0
2466 4554752.0
2467 4554752.0
2468 4554752.0
2469 4554752.0
2470 4554752.0
2471 4554752.0
2472 4554752.0
2473 4554752.0
2474 4554752.0
2475 4554752.0
2476 4554752.0
2477 4554752.0
2478 4554752.0
2479 4554752.0
2480 4554752.0
2481 4554752.0
2482 4554752.0
2483 4554752.0
2484 4554752.0
2485 4554752.0
2486 4554752.0
2487 4554752.0
2488 4554752.0
2489 4554752.0
2490 4554752.0
2491 4554752.0
2492 4554752.0
2493 4554752.0
2494 4554752.0
2495 4554752.0
2496 4554752.0
2497 4554752.0
2498 4554752.0
2499 4554752.0
2500 4554752.0
2501 4554752.0
2502 4554752.0
2503 4554752.0
2504 4554752.0
2505 4554752.0
2506 4554752.0
2507 4554752.0
2508 4554752.0
2509 4554752.0
2510 4554752.0
2511 4554752.0
2512 4554752.0
2513 4554752.0
2514 4554752.0
2515 4554752.0
2516 4554752.0
2517 4554752.0
2518 4554752.0
2519 4554752.0
2520 4554752.0
2521 4554752.0
2522 4554752.0
2523 4554752.0
2524 4554752.0
2525 4554752.0
2526 4554752.0
2527 4554752.0
2528 4554752.0
2529 4554752.0
2530 4554752.0
2531 4554752.0
2532 4554752.0
2533 4554752.0
2534 4554752.0
2535 4554752.0
2536 4554752.0
2537 4554752.0
2538 4554752.0
2539 4554752.0
2540 4554752.0
2541 4554752.0
2542 4554752.0
2543 4554752.0
2544 4554752.0
2545 4554752.0
2546 4554752.0
2547 4554752.0
2548 4554752.0
2549 4554752.0
2550 4554752.0
2551 4554752.0
2552 4554752.0
2553 4554752.0
2554 4554752.0
2555 4554752.0
2556 4554752.0
2557 4554752.0
2558 4554752.0
2559 4554752.0
2560 4554752.0
2561 4554752.0
2562 4554752.0
2563 4554752.0
2564 4554752.0
2565 4554752.0
2566 4554752.0
2567 4554752.0
2568 4554752.0
2569 4554752.0
2570 4554752.0
2571 4554752.0
2572 4554752.0
2573 4554752.0
2574 4554752.0
2575 4554752.0
2576 4554752.0
2577 4554752.0
2578 4554752.0
2579 4554752.0
2580 4554752.0
2581 4554752.0
2582 4554752.0
2583 4554752.0
2584 4554752.0
2585 4554752.0
2586 4554752.0
2587 4554752.0
2588 4554752.0
2589 4554752.0
2590 4554752.0
2591 4554752.0
2592 4554752.0
2593 4554752.0
2594 4554752.0
2595 4554752.0
2596 4554752.0
2597 4554752.0
2598 4554752.0
2599 4554752.0
2600 4554752.0
2601 4554752.0
2602 4554752.0
2603 4554752.0
2604 4554752.0
2605 4554752.0
2606 4554752.0
2607 4554752.0
2608 4554752.0
2609 4554752.0
2610 4554752.0
2611 4554752.0
2612 4554752.0
2613 4554752.0
2614 4554752.0
2615 4554752.0
2616 4554752.0
2617 4554752.0
2618 4554752.0
2619 4554752.0
2620 4554752.0
2621 4554752.0
2622 4554752.0
2623 4554752.0
2624 4554752.0
2625 4554752.0
2626 4554752.0
2627 4554752.0
2628 4554752.0
2629 4554752.0
2630 4554752.0
2631 4554752.0
2632 4554752.0
2633 4554752.0
2634 4554752.0
2635 4554752.0
2636 4554752.0
2637 4554752.0
2638 4554752.0
2639 4554752.0
2640 4554752.0
2641 4554752.0
2642 4554752.0
2643 4554752.0
2644 4554752.0
2645 4554752.0
2646 4554752.0
2647 4554752.0
2648 4554752.0
2649 4554752.0
2650 4554752.0
2651 4554752.0
2652 4554752.0
2653 4554752.0
2654 4554752.0
2655 4554752.0
2656 4554752.0
2657 4554752.0
2658 4554752.0
2659 4554752.0
2660 4554752.0
2661 4554752.0
2662 4554752.0
2663 4554752.0
2664 4554752.0
2665 4554752.0
2666 4554752.0
2667 4554752.0
2668 4554752.0
2669 4554752.0
2670 4554752.0
2671 4554752.0
2672 4554752.0
2673 4554752.0
2674 4554752.0
2675 4554752.0
2676 4554752.0
2677 4554752.0
2678 4554752.0
2679 4554752.0
2680 4554752.0
2681 4554752.0
2682 4554752.0
2683 4554752.0
2684 4554752.0
2685 4554752.0
2686 4554752.0
2687 4554752.0
2688 4554752.0
2689 4554752.0
2690 4554752.0
2691 4554752.0
2692 4554752.0
2693 4554752.0
2694 4554752.0
2695 4554752.0
2696 4554752.0
2697 4554752.0
2698 4554752.0
2699 4554752.0
2700 4554752.0
2701 4554752.0
2702 4554752.0
2703 4554752.0
2704 4554752.0
2705 4554752.0
2706 4554752.0
2707 4554752.0
2708 4554752.0
2709 4554752.0
2710 4554752.0
2711 4554752.0
2712 4554752.0
2713 4554752.0
2714 4554752.0
2715 4554752.0
2716 4554752.0
2717 4554752.0
2718 4554752.0
2719 4554752.0
2720 4554752.0
2721 4554752.0
2722 4554752.0
2723 4554752.0
2724 4554752.0
2725 4554752.0
2726 4554752.0
2727 4554752.0
2728 4554752.0
2729 4554752.0
2730 4554752.0
2731 4554752.0
2732 4554752.0
2733 4554752.0
2734 4554752.0
2735 4554752.0
2736 4554752.0
2737 4554752.0
2738 4554752.0
2739 4554752.0
2740 4554752.0
2741 4554752.0
2742 4554752.0
2743 4554752.0
2744 4554752.0
2745 4554752.0
2746 4554752.0
2747 4554752.0
2748 4554752.0
2749 4554752.0
2750 4554752.0
2751 4554752.0
2752 4554752.0
2753 4554752.0
2754 4554752.0
2755 4554752.0
2756 4554752.0
2757 4554752.0
2758 4554752.0
2759 4554752.0
2760 4554752.0
2761 4554752.0
2762 4554752.0
2763 4554752.0
2764 4554752.0
2765 4554752.0
2766 4554752.0
2767 4554752.0
2768 4554752.0
2769 4554752.0
2770 4554752.0
2771 4554752.0
2772 4554752.0
2773 4554752.0
2774 4554752.0
2775 4554752.0
2776 4554752.0
2777 4554752.0
2778 4554752.0
2779 4554752.0
2780 4554752.0
2781 4554752.0
2782 4554752.0
2783 4554752.0
2784 4554752.0
2785 4554752.0
2786 4554752.0
2787 4554752.0
2788 4554752.0
2789 4554752.0
2790 4554752.0
2791 4554752.0
2792 4554752.0
2793 4554752.0
2794 4554752.0
2795 4554752.0
2796 4554752.0
2797 4554752.0
2798 4554752.0
2799 4554752.0
2800 4554752.0
2801 4554752.0
2802 4554752.0
2803 4554752.0
2804 4554752.0
2805 4554752.0
2806 4554752.0
2807 4554752.0
2808 4554752.0
2809 4554752.0
2810 4554752.0
2811 4554752.0
2812 4554752.0
2813 4554752.0
2814 4554752.0
2815 4554752.0
2816 4554752.0
2817 4554752.0
2818 4554752.0
2819 4554752.0
2820 4554752.0
2821 4554752.0
2822 4554752.0
2823 4554752.0
2824 4554752.0
2825 4554752.0
2826 4554752.0
2827 4554752.0
2828 4554752.0
2829 4554752.0
2830 4554752.0
2831 4554752.0
2832 4554752.0
2833 4554752.0
2834 4554752.0
2835 4554752.0
2836 4554752.0
2837 4554752.0
2838 4554752.0
2839 4554752.0
2840 4554752.0
2841 4554752.0
2842 4554752.0
2843 4554752.0
2844 4554752.0
2845 4554752.0
2846 4554752.0
2847 4554752.0
2848 4554752.0
2849 4554752.0
2850 4554752.0
2851 4554752.0
2852 4554752.0
2853 4554752.0
2854 4554752.0
2855 4554752.0
2856 4554752.0
2857 4554752.0
2858 4554752.0
2859 4554752.0
2860 4554752.0
2861 4554752.0
2862 4554752.0
2863 4554752.0
2864 4554752.0
2865 4554752.0
2866 4554752.0
2867 4554752.0
2868 4554752.0
2869 4554752.0
2870 4554752.0
2871 4554752.0
2872 4554752.0
2873 4554752.0
2874 4554752.0
2875 4554752.0
2876 4554752.0
2877 4554752.0
2878 4554752.0
2879 4554752.0
2880 4554752.0
2881 4554752.0
2882 4554752.0
2883 4554752.0
2884 4554752.0
2885 4554752.0
2886 4554752.0
2887 4554752.0
2888 4554752.0
2889 4554752.0
2890 4554752.0
2891 4554752.0
2892 4554752.0
2893 4554752.0
2894 4554752.0
2895 4554752.0
2896 4554752.0
2897 4554752.0
2898 4554752.0
2899 4554752.0
2900 4554752.0
2901 4554752.0
2902 4554752.0
2903 4554752.0
2904 4554752.0
2905 4554752.0
2906 4554752.0
2907 4554752.0
2908 4554752.0
2909 4554752.0
2910 4554752.0
2911 4554752.0
2912 4554752.0
2913 4554752.0
2914 4554752.0
2915 4554752.0
2916 4554752.0
2917 4554752.0
2918 4554752.0
2919 4554752.0
2920 4554752.0
2921 4554752.0
2922 4554752.0
2923 4554752.0
2924 4554752.0
2925 4554752.0
2926 4554752.0
2927 4554752.0
2928 4554752.0
2929 4554752.0
2930 4554752.0
2931 4554752.0
2932 4554752.0
2933 4554752.0
2934 4554752.0
2935 4554752.0
2936 4554752.0
2937 4554752.0
2938 4554752.0
2939 4554752.0
2940 4554752.0
2941 4554752.0
2942 4554752.0
2943 4554752.0
2944 4554752.0
2945 4554752.0
2946 4554752.0
2947 4554752.0
2948 4554752.0
2949 4554752.0
2950 4554752.0
2951 4554752.0
2952 4554752.0
2953 4554752.0
2954 4554752.0
2955 4554752.0
2956 4554752.0
2957 4554752.0
2958 4554752.0
2959 4554752.0
2960 4554752.0
2961 4554752.0
2962 4554752.0
2963 4554752.0
2964 4554752.0
2965 4554752.0
2966 4554752.0
2967 4554752.0
2968 4554752.0
2969 4554752.0
2970 4554752.0
2971 4554752.0
2972 4554752.0
2973 4554752.0
2974 4554752.0
2975 4554752.0
2976 4554752.0
2977 4554752.0
2978 4554752.0
2979 4554752.0
2980 4554752.0
2981 4554752.0
2982 4554752.0
2983 4554752.0
2984 4554752.0
2985 4554752.0
2986 4554752.0
2987 4554752.0
2988 4554752.0
2989 4554752.0
2990 4554752.0
2991 4554752.0
2992 4554752.0
2993 4554752.0
2994 4554752.0
2995 4554752.0
2996 4554752.0
2997 4554752.0
2998 4554752.0
2999 4554752.0
3000 4554752.0
3001 4554752.0
3002 4554752.0
3003 4554752.0
3004 4554752.0
3005 4554752.0
3006 4554752.0
3007 4554752.0
3008 4554752.0
3009 4554752.0
3010 4554752.0
3011 4554752.0
3012 4554752.0
3013 4554752.0
3014 4554752.0
3015 4554752.0
3016 4554752.0
3017 4554752.0
3018 4554752.0
3019 4554752.0
3020 4554752.0
3021 4554752.0
3022 4554752.0
3023 4554752.0
3024 4554752.0
3025 4554752.0
3026 4554752.0
3027 4554752.0
3028 4554752.0
3029 4554752.0
3030 4554752.0
3031 4554752.0
3032 4554752.0
3033 4554752.0
3034 4554752.0
3035 4554752.0
3036 4554752.0
3037 4554752.0
3038 4554752.0
3039 4554752.0
3040 4554752.0
3041 4554752.0
3042 4554752.0
3043 4554752.0
3044 4554752.0
3045 4554752.0
3046 4554752.0
3047 4554752.0
3048 4554752.0
3049 4554752.0
3050 4554752.0
3051 4554752.0
3052 4554752.0
3053 4554752.0
3054 4554752.0
3055 4554752.0
3056 4554752.0
3057 4554752.0
3058 4554752.0
3059 4554752.0
3060 4554752.0
3061 4554752.0
3062 4554752.0
3063 4554752.0
3064 4554752.0
3065 4554752.0
3066 4554752.0
3067 4554752.0
3068 4554752.0
3069 4554752.0
3070 4554752.0
3071 4554752.0
3072 4554752.0
3073 4554752.0
3074 4554752.0
3075 4554752.0
3076 4554752.0
3077 4554752.0
3078 4554752.0
3079 4554752.0
3080 4554752.0
3081 4554752.0
3082 4554752.0
3083 4554752.0
3084 4554752.0
3085 4554752.0
3086 4554752.0
3087 4554752.0
3088 4554752.0
3089 4554752.0
3090 4554752.0
3091 4554752.0
3092 4554752.0
3093 4554752.0
3094 4554752.0
3095 4554752.0
3096 4554752.0
3097 4554752.0
3098 4554752.0
3099 4554752.0
3100 4554752.0
3101 4554752.0
3102 4554752.0
3103 4554752.0
3104 4554752.0
3105 4554752.0
3106 4554752.0
3107 4554752.0
3108 4554752.0
3109 4554752.0
3110 4554752.0
3111 4554752.0
3112 4554752.0
3113 4554752.0
3114 4554752.0
3115 4554752.0
3116 4554752.0
3117 4554752.0
3118 4554752.0
3119 4554752.0
3120 4554752.0
3121 4554752.0
3122 4554752.0
3123 4554752.0
3124 4554752.0
3125 4554752.0
3126 4554752.0
3127 4554752.0
3128 4554752.0
3129 4554752.0
3130 4554752.0
3131 4554752.0
3132 4554752.0
3133 4554752.0
3134 4554752.0
3135 4554752.0
3136 4554752.0
3137 4554752.0
3138 4554752.0
3139 4554752.0
3140 4554752.0
3141 4554752.0
3142 4554752.0
3143 4554752.0
3144 4554752.0
3145 4554752.0
3146 4554752.0
3147 4554752.0
3148 4554752.0
3149 4554752.0
3150 4554752.0
3151 4554752.0
3152 4554752.0
3153 4554752.0
3154 4554752.0
3155 4554752.0
3156 4554752.0
3157 4554752.0
3158 4554752.0
3159 4554752.0
3160 4554752.0
3161 4554752.0
3162 4554752.0
3163 4554752.0
3164 4554752.0
3165 4554752.0
3166 4554752.0
3167 4554752.0
3168 4554752.0
3169 4554752.0
3170 4554752.0
3171 4554752.0
3172 4554752.0
3173 4554752.0
3174 4554752.0
3175 4554752.0
3176 4554752.0
3177 4554752.0
3178 4554752.0
3179 4554752.0
3180 4554752.0
3181 4554752.0
3182 4554752.0
3183 4554752.0
3184 4554752.0
3185 4554752.0
3186 4554752.0
3187 4554752.0
3188 4554752.0
3189 4554752.0
3190 4554752.0
3191 4554752.0
3192 4554752.0
3193 4554752.0
3194 4554752.0
3195 4554752.0
3196 4554752.0
3197 4554752.0
3198 4554752.0
3199 4554752.0
3200 4554752.0
3201 4554752.0
3202 4554752.0
3203 4554752.0
3204 4554752.0
3205 4554752.0
3206 4554752.0
3207 4554752.0
3208 4554752.0
3209 4554752.0
3210 4554752.0
3211 4554752.0
3212 4554752.0
3213 4554752.0
3214 4554752.0
3215 4554752.0
3216 4554752.0
3217 4554752.0
3218 4554752.0
3219 4554752.0
3220 4554752.0
3221 4554752.0
3222 4554752.0
3223 4554752.0
3224 4554752.0
3225 4554752.0
3226 4554752.0
3227 4554752.0
3228 4554752.0
3229 4554752.0
3230 4554752.0
3231 4554752.0
3232 4554752.0
3233 4554752.0
3234 4554752.0
3235 4554752.0
3236 4554752.0
3237 4554752.0
3238 4554752.0
3239 4554752.0
3240 4554752.0
3241 4554752.0
3242 4554752.0
3243 4554752.0
3244 4554752.0
3245 4554752.0
3246 4554752.0
3247 4554752.0
3248 4554752.0
3249 4554752.0
3250 4554752.0
3251 4554752.0
3252 4554752.0
3253 4554752.0
3254 4554752.0
3255 4554752.0
3256 4554752.0
3257 4554752.0
3258 4554752.0
3259 4554752.0
3260 4554752.0
3261 4554752.0
3262 4554752.0
3263 4554752.0
3264 4554752.0
3265 4554752.0
3266 4554752.0
3267 4554752.0
3268 4554752.0
3269 4554752.0
3270 4554752.0
3271 4554752.0
3272 4554752.0
3273 4554752.0
3274 4554752.0
3275 4554752.0
3276 4554752.0
3277 4554752.0
3278 4554752.0
3279 4554752.0
3280 4554752.0
3281 4554752.0
3282 4554752.0
3283 4554752.0
3284 4554752.0
3285 4554752.0
3286 4554752.0
3287 4554752.0
3288 4554752.0
3289 4554752.0
3290 4554752.0
3291 4554752.0
3292 4554752.0
3293 4554752.0
3294 4554752.0
3295 4554752.0
3296 4554752.0
3297 4554752.0
3298 4554752.0
3299 4554752.0
3300 4554752.0
3301 4554752.0
3302 4554752.0
3303 4554752.0
3304 4554752.0
3305 4554752.0
3306 4554752.0
3307 4554752.0
3308 4554752.0
3309 4554752.0
3310 4554752.0
3311 4554752.0
3312 4554752.0
3313 4554752.0
3314 4554752.0
3315 4554752.0
3316 4554752.0
3317 4554752.0
3318 4554752.0
3319 4554752.0
3320 4554752.0
3321 4554752.0
3322 4554752.0
3323 4554752.0
3324 4554752.0
3325 4554752.0
3326 4554752.0
3327 4554752.0
3328 4554752.0
3329 4554752.0
3330 4554752.0
3331 4554752.0
3332 4554752.0
3333 4554752.0
3334 4554752.0
3335 4554752.0
3336 4554752.0
3337 4554752.0
3338 4554752.0
3339 4554752.0
3340 4554752.0
3341 4554752.0
3342 4554752.0
3343 4554752.0
3344 4554752.0
3345 4554752.0
3346 4554752.0
3347 4554752.0
3348 4554752.0
3349 4554752.0
3350 4554752.0
3351 4554752.0
3352 4554752.0
3353 4554752.0
3354 4554752.0
3355 4554752.0
3356 4554752.0
3357 4554752.0
3358 4554752.0
3359 4554752.0
3360 4554752.0
3361 4554752.0
3362 4554752.0
3363 4554752.0
3364 4554752.0
3365 4554752.0
3366 4554752.0
3367 4554752.0
3368 4554752.0
3369 4554752.0
3370 4554752.0
3371 4554752.0
3372 4554752.0
3373 4554752.0
3374 4554752.0
3375 4554752.0
3376 4554752.0
3377 4554752.0
3378 4554752.0
3379 4554752.0
3380 4554752.0
3381 4554752.0
3382 4554752.0
3383 4554752.0
3384 4554752.0
3385 4554752.0
3386 4554752.0
3387 4554752.0
3388 4554752.0
3389 4554752.0
3390 4554752.0
3391 4554752.0
3392 4554752.0
3393 4554752.0
3394 4554752.0
3395 4554752.0
3396 4554752.0
3397 4554752.0
3398 4554752.0
3399 4554752.0
3400 4554752.0
3401 4554752.0
3402 4554752.0
3403 4554752.0
3404 4554752.0
3405 4554752.0
3406 4554752.0
3407 4554752.0
3408 4554752.0
3409 4554752.0
3410 4554752.0
3411 4554752.0
3412 4554752.0
3413 4554752.0
3414 4554752.0
3415 4554752.0
3416 4554752.0
3417 4554752.0
3418 4554752.0
3419 4554752.0
3420 4554752.0
3421 4554752.0
3422 4554752.0
3423 4554752.0
3424 4554752.0
3425 4554752.0
3426 4554752.0
3427 4554752.0
3428 4554752.0
3429 4554752.0
3430 4554752.0
3431 4554752.0
3432 4554752.0
3433 4554752.0
3434 4554752.0
3435 4554752.0
3436 4554752.0
3437 4554752.0
3438 4554752.0
3439 4554752.0
3440 4554752.0
3441 4554752.0
3442 4554752.0
3443 4554752.0
3444 4554752.0
3445 4554752.0
3446 4554752.0
3447 4554752.0
3448 4554752.0
3449 4554752.0
3450 4554752.0
3451 4554752.0
3452 4554752.0
3453 4554752.0
3454 4554752.0
3455 4554752.0
3456 4554752.0
3457 4554752.0
3458 4554752.0
3459 4554752.0
3460 4554752.0
3461 4554752.0
3462 4554752.0
3463 4554752.0
3464 4554752.0
3465 4554752.0
3466 4554752.0
3467 4554752.0
3468 4554752.0
3469 4554752.0
3470 4554752.0
3471 4554752.0
3472 4554752.0
3473 4554752.0
3474 4554752.0
3475 4554752.0
3476 4554752.0
3477 4554752.0
3478 4554752.0
3479 4554752.0
3480 4554752.0
3481 4554752.0
3482 4554752.0
3483 4554752.0
3484 4554752.0
3485 4554752.0
3486 4554752.0
3487 4554752.0
3488 4554752.0
3489 4554752.0
3490 4554752.0
3491 4554752.0
3492 4554752.0
3493 4554752.0
3494 4554752.0
3495 4554752.0
3496 4554752.0
3497 4554752.0
3498 4554752.0
3499 4554752.0
3500 4554752.0
3501 4554752.0
3502 4554752.0
3503 4554752.0
3504 4554752.0
3505 4554752.0
3506 4554752.0
3507 4554752.0
3508 4554752.0
3509 4554752.0
3510 4554752.0
3511 4554752.0
3512 4554752.0
3513 4554752.0
3514 4554752.0
3515 4554752.0
3516 4554752.0
3517 4554752.0
3518 4554752.0
3519 4554752.0
3520 4554752.0
3521 4554752.0
3522 4554752.0
3523 4554752.0
3524 4554752.0
3525 4554752.0
3526 4554752.0
3527 4554752.0
3528 4554752.0
3529 4554752.0
3530 4554752.0
3531 4554752.0
3532 4554752.0
3533 4554752.0
3534 4554752.0
3535 4554752.0
3536 4554752.0
3537 4554752.0
3538 4554752.0
3539 4554752.0
3540 4554752.0
3541 4554752.0
3542 4554752.0
3543 4554752.0
3544 4554752.0
3545 4554752.0
3546 4554752.0
3547 4554752.0
3548 4554752.0
3549 4554752.0
3550 4554752.0
3551 4554752.0
3552 4554752.0
3553 4554752.0
3554 4554752.0
3555 4554752.0
3556 4554752.0
3557 4554752.0
3558 4554752.0
3559 4554752.0
3560 4554752.0
3561 4554752.0
3562 4554752.0
3563 4554752.0
3564 4554752.0
3565 4554752.0
3566 4554752.0
3567 4554752.0
3568 4554752.0
3569 4554752.0
3570 4554752.0
3571 4554752.0
3572 4554752.0
3573 4554752.0
3574 4554752.0
3575 4554752.0
3576 4554752.0
3577 4554752.0
3578 4554752.0
3579 4554752.0
3580 4554752.0
3581 4554752.0
3582 4554752.0
3583 4554752.0
3584 4554752.0
3585 4554752.0
3586 4554752.0
3587 4554752.0
3588 4554752.0
3589 4554752.0
3590 4554752.0
3591 4554752.0
3592 4554752.0
3593 4554752.0
3594 4554752.0
3595 4554752.0
3596 4554752.0
3597 4554752.0
3598 4554752.0
3599 4554752.0
3600 4554752.0
3601 4554752.0
3602 4554752.0
3603 4554752.0
3604 4554752.0
3605 4554752.0
3606 4554752.0
3607 4554752.0
3608 4554752.0
3609 4554752.0
3610 4554752.0
3611 4554752.0
3612 4554752.0
3613 4554752.0
3614 4554752.0
3615 4554752.0
3616 4554752.0
3617 4554752.0
3618 4554752.0
3619 4554752.0
3620 4554752.0
3621 4554752.0
3622 4554752.0
3623 4554752.0
3624 4554752.0
3625 4554752.0
3626 4554752.0
3627 4554752.0
3628 4554752.0
3629 4554752.0
3630 4554752.0
3631 4554752.0
3632 4554752.0
3633 4554752.0
3634 4554752.0
3635 4554752.0
3636 4554752.0
3637 4554752.0
3638 4554752.0
3639 4554752.0
3640 4554752.0
3641 4554752.0
3642 4554752.0
3643 4554752.0
3644 4554752.0
3645 4554752.0
3646 4554752.0
3647 4554752.0
3648 4554752.0
3649 4554752.0
3650 4554752.0
3651 4554752.0
3652 4554752.0
3653 4554752.0
3654 4554752.0
3655 4554752.0
3656 4554752.0
3657 4554752.0
3658 4554752.0
3659 4554752.0
3660 4554752.0
3661 4554752.0
3662 4554752.0
3663 4554752.0
3664 4554752.0
3665 4554752.0
3666 4554752.0
3667 4554752.0
3668 4554752.0
3669 4554752.0
3670 4554752.0
3671 4554752.0
3672 4554752.0
3673 4554752.0
3674 4554752.0
3675 4554752.0
3676 4554752.0
3677 4554752.0
3678 4554752.0
3679 4554752.0
3680 4554752.0
3681 4554752.0
3682 4554752.0
3683 4554752.0
3684 4554752.0
3685 4554752.0
3686 4554752.0
3687 4554752.0
3688 4554752.0
3689 4554752.0
3690 4554752.0
3691 4554752.0
3692 4554752.0
3693 4554752.0
3694 4554752.0
3695 4554752.0
3696 4554752.0
3697 4554752.0
3698 4554752.0
3699 4554752.0
3700 4554752.0
3701 4554752.0
3702 4554752.0
3703 4554752.0
3704 4554752.0
3705 4554752.0
3706 4554752.0
3707 4554752.0
3708 4554752.0
3709 4554752.0
3710 4554752.0
3711 4554752.0
3712 4554752.0
3713 4554752.0
3714 4554752.0
3715 4554752.0
3716 4554752.0
3717 4554752.0
3718 4554752.0
3719 4554752.0
3720 4554752.0
3721 4554752.0
3722 4554752.0
3723 4554752.0
3724 4554752.0
3725 4554752.0
3726 4554752.0
3727 4554752.0
3728 4554752.0
3729 4554752.0
3730 4554752.0
3731 4554752.0
3732 4554752.0
3733 4554752.0
3734 4554752.0
3735 4554752.0
3736 4554752.0
3737 4554752.0
3738 4554752.0
3739 4554752.0
3740 4554752.0
3741 4554752.0
3742 4554752.0
3743 4554752.0
3744 4554752.0
3745 4554752.0
3746 4554752.0
3747 4554752.0
3748 4554752.0
3749 4554752.0
3750 4554752.0
3751 4554752.0
3752 4554752.0
3753 4554752.0
3754 4554752.0
3755 4554752.0
3756 4554752.0
3757 4554752.0
3758 4554752.0
3759 4554752.0
3760 4554752.0
3761 4554752.0
3762 4554752.0
3763 4554752.0
3764 4554752.0
3765 4554752.0
