0 42217472.0
1 42217472.0
2 42217472.0
3 42217472.0
4 42217472.0
5 42217472.0
6 42217472.0
7 42217472.0
8 42217472.0
9 42217472.0
10 42217472.0
11 42217472.0
12 42217472.0
13 42217472.0
14 42217472.0
15 42217472.0
16 42217472.0
17 42217472.0
18 42217472.0
19 42217472.0
20 42217472.0
21 42217472.0
22 42217472.0
23 42217472.0
24 42217472.0
25 42217472.0
26 42217472.0
27 42217472.0
28 42217472.0
29 42217472.0
30 42217472.0
31 42217472.0
32 42217472.0
33 42217472.0
34 42217472.0
35 42217472.0
36 42217472.0
37 42217472.0
38 42217472.0
39 42217472.0
40 42217472.0
41 42217472.0
42 42217472.0
43 42217472.0
44 42217472.0
45 42217472.0
46 42217472.0
47 42217472.0
48 42217472.0
49 42217472.0
50 42217472.0
51 42217472.0
52 42217472.0
53 42217472.0
54 42217472.0
55 42217472.0
56 42217472.0
57 42217472.0
58 42217472.0
59 42217472.0
60 42217472.0
61 42217472.0
62 42217472.0
63 42217472.0
64 42217472.0
65 42217472.0
66 42217472.0
67 42217472.0
68 42217472.0
69 42217472.0
70 42217472.0
71 42217472.0
72 42217472.0
73 42217472.0
74 42217472.0
75 42217472.0
76 42217472.0
77 42217472.0
78 42217472.0
79 42217472.0
80 42217472.0
81 42217472.0
82 42217472.0
83 42217472.0
84 42217472.0
85 42217472.0
86 42217472.0
87 42217472.0
88 42217472.0
89 42217472.0
90 42217472.0
91 42217472.0
92 42217472.0
93 42217472.0
94 42217472.0
95 42217472.0
96 42217472.0
97 42217472.0
98 42217472.0
99 42217472.0
100 42217472.0
101 42217472.0
102 42217472.0
103 42217472.0
104 42217472.0
105 42217472.0
106 42217472.0
107 42217472.0
108 42217472.0
109 42217472.0
110 42217472.0
111 42217472.0
112 42217472.0
113 42217472.0
114 42217472.0
115 42217472.0
116 42217472.0
117 42217472.0
118 42217472.0
119 42217472.0
120 42217472.0
121 42217472.0
122 42217472.0
123 42217472.0
124 42217472.0
125 42217472.0
126 42217472.0
127 42217472.0
128 42217472.0
129 42217472.0
130 42217472.0
131 42217472.0
132 42217472.0
133 42217472.0
134 42217472.0
135 42217472.0
136 42217472.0
137 42217472.0
138 42217472.0
139 42217472.0
140 42217472.0
141 42217472.0
142 42217472.0
143 42217472.0
144 42217472.0
145 42217472.0
146 42217472.0
147 42217472.0
148 42217472.0
149 42217472.0
150 42217472.0
151 42217472.0
152 42217472.0
153 42217472.0
154 42217472.0
155 42217472.0
156 42217472.0
157 42217472.0
158 42217472.0
159 42217472.0
160 42217472.0
161 42217472.0
162 42217472.0
163 42217472.0
164 42217472.0
165 42217472.0
166 42217472.0
167 42217472.0
168 42217472.0
169 42217472.0
170 42217472.0
171 42217472.0
172 42217472.0
173 42217472.0
174 42217472.0
175 42217472.0
176 42217472.0
177 42217472.0
178 42217472.0
179 42217472.0
180 42217472.0
181 42217472.0
182 42217472.0
183 42217472.0
184 42217472.0
185 42217472.0
186 42217472.0
187 42217472.0
188 42217472.0
189 42217472.0
190 42217472.0
191 42217472.0
192 42217472.0
193 42217472.0
194 42217472.0
195 42217472.0
196 42217472.0
197 42217472.0
198 42217472.0
199 42217472.0
200 42217472.0
201 42217472.0
202 42217472.0
203 42217472.0
204 42217472.0
205 42217472.0
206 42217472.0
207 42217472.0
208 42217472.0
209 42217472.0
210 42217472.0
211 42217472.0
212 42217472.0
213 42217472.0
214 42217472.0
215 42217472.0
216 42217472.0
217 42217472.0
218 42217472.0
219 42217472.0
220 42217472.0
221 42217472.0
222 42217472.0
223 42217472.0
224 42217472.0
225 42217472.0
226 42217472.0
227 42217472.0
228 42217472.0
229 42217472.0
230 42217472.0
231 42217472.0
232 42217472.0
233 42217472.0
234 42217472.0
235 42217472.0
236 42217472.0
237 42217472.0
238 42217472.0
239 42217472.0
240 42217472.0
241 42217472.0
242 42217472.0
243 42217472.0
244 42217472.0
245 42217472.0
246 42217472.0
247 42217472.0
248 42217472.0
249 42217472.0
250 42217472.0
251 42217472.0
252 42217472.0
253 42217472.0
254 42217472.0
255 42217472.0
256 42217472.0
257 42217472.0
258 42217472.0
259 42217472.0
260 42217472.0
261 42217472.0
262 42217472.0
263 42217472.0
264 42217472.0
265 42217472.0
266 42217472.0
267 42217472.0
268 42217472.0
269 42217472.0
270 42217472.0
271 42217472.0
272 42217472.0
273 42217472.0
274 42217472.0
275 42217472.0
276 42217472.0
277 42217472.0
278 42217472.0
279 42217472.0
280 42217472.0
281 42217472.0
282 42217472.0
283 42217472.0
284 42217472.0
285 42217472.0
286 42217472.0
287 42217472.0
288 42217472.0
289 42217472.0
290 42217472.0
291 42217472.0
292 42217472.0
293 42217472.0
294 42217472.0
295 42217472.0
296 42217472.0
297 42217472.0
298 42217472.0
299 42217472.0
300 42217472.0
301 42217472.0
302 42217472.0
303 42217472.0
304 42217472.0
305 42217472.0
306 42217472.0
307 42217472.0
308 42217472.0
309 42217472.0
310 42217472.0
311 42217472.0
312 42217472.0
313 42217472.0
314 42217472.0
315 42217472.0
316 42217472.0
317 42217472.0
318 42217472.0
319 42217472.0
320 42217472.0
321 42217472.0
322 42217472.0
323 42217472.0
324 42217472.0
325 42217472.0
326 42217472.0
327 42217472.0
328 42217472.0
329 42217472.0
330 42217472.0
331 42217472.0
332 42217472.0
333 42217472.0
334 42217472.0
335 42217472.0
336 42217472.0
337 42217472.0
338 42217472.0
339 42217472.0
340 42217472.0
341 42217472.0
342 42217472.0
343 42217472.0
344 42217472.0
345 42217472.0
346 42217472.0
347 42217472.0
348 42217472.0
349 42217472.0
350 42217472.0
351 42217472.0
352 42217472.0
353 42217472.0
354 42217472.0
355 42217472.0
356 42217472.0
357 42217472.0
358 42217472.0
359 42217472.0
360 42217472.0
361 42217472.0
362 42217472.0
363 42217472.0
364 42217472.0
365 42217472.0
366 42217472.0
367 42217472.0
368 42217472.0
369 42217472.0
370 42217472.0
371 42217472.0
372 42217472.0
373 42217472.0
374 42217472.0
375 42217472.0
376 42217472.0
377 42217472.0
378 42217472.0
379 42217472.0
380 42217472.0
381 42217472.0
382 42217472.0
383 42217472.0
384 42217472.0
385 42217472.0
386 42217472.0
387 42217472.0
388 42217472.0
389 42217472.0
390 42217472.0
391 42217472.0
392 42217472.0
393 42217472.0
394 42217472.0
395 42217472.0
396 42217472.0
397 42217472.0
398 42217472.0
399 42217472.0
400 42217472.0
401 42217472.0
402 42217472.0
403 42217472.0
404 42217472.0
405 42217472.0
406 42217472.0
407 42217472.0
408 42217472.0
409 42217472.0
410 42217472.0
411 42217472.0
412 42217472.0
413 42217472.0
414 42217472.0
415 42217472.0
416 42217472.0
417 42217472.0
418 42217472.0
419 42217472.0
420 42217472.0
421 42217472.0
422 42217472.0
423 42217472.0
424 42217472.0
425 42217472.0
426 42217472.0
427 42217472.0
428 42217472.0
429 42217472.0
430 42217472.0
431 42217472.0
432 42217472.0
433 42217472.0
434 42217472.0
435 42217472.0
436 42217472.0
437 42217472.0
438 42217472.0
439 42217472.0
440 42217472.0
441 42217472.0
442 42217472.0
443 42217472.0
444 42217472.0
445 42217472.0
446 42217472.0
447 42217472.0
448 42217472.0
449 42217472.0
450 42217472.0
451 42217472.0
452 42217472.0
453 42217472.0
454 42217472.0
455 42217472.0
456 42217472.0
457 42217472.0
458 42217472.0
459 42217472.0
460 42217472.0
461 42217472.0
462 42217472.0
463 42217472.0
464 42217472.0
465 42217472.0
466 42217472.0
467 42217472.0
468 42217472.0
469 42217472.0
470 42217472.0
471 42217472.0
472 42217472.0
473 42217472.0
474 42217472.0
475 42217472.0
476 42217472.0
477 42217472.0
478 42217472.0
479 42217472.0
480 42217472.0
481 42217472.0
482 42217472.0
483 42217472.0
484 42217472.0
485 42217472.0
486 42217472.0
487 42217472.0
488 42217472.0
489 42217472.0
490 42217472.0
491 42217472.0
492 42217472.0
493 42217472.0
494 42217472.0
495 42217472.0
496 42217472.0
497 42217472.0
498 42217472.0
499 42217472.0
500 42217472.0
501 42217472.0
502 42217472.0
503 42217472.0
504 42217472.0
505 42217472.0
506 42217472.0
507 42217472.0
508 42217472.0
509 42217472.0
510 42217472.0
511 42217472.0
512 42217472.0
513 42217472.0
514 42217472.0
515 42217472.0
516 42217472.0
517 42217472.0
518 42217472.0
519 42217472.0
520 42217472.0
521 42217472.0
522 42217472.0
523 42217472.0
524 42217472.0
525 42217472.0
526 42217472.0
527 42217472.0
528 42217472.0
529 42217472.0
530 42217472.0
531 42217472.0
532 42217472.0
533 42217472.0
534 42217472.0
535 42217472.0
536 42217472.0
537 42217472.0
538 42217472.0
539 42217472.0
540 42217472.0
541 42217472.0
542 42217472.0
543 42217472.0
544 42217472.0
545 42217472.0
546 42217472.0
547 42217472.0
548 42217472.0
549 42217472.0
550 42217472.0
551 42217472.0
552 42217472.0
553 42217472.0
554 42217472.0
555 42217472.0
556 42217472.0
557 42217472.0
558 42217472.0
559 42217472.0
560 42217472.0
561 42217472.0
562 42217472.0
563 42217472.0
564 42217472.0
565 42217472.0
566 42217472.0
567 42217472.0
568 42217472.0
569 42217472.0
570 42217472.0
571 42217472.0
572 42217472.0
573 42217472.0
574 42217472.0
575 42217472.0
576 42217472.0
577 42217472.0
578 42217472.0
579 42217472.0
580 42217472.0
581 42217472.0
582 42217472.0
583 42217472.0
584 42217472.0
585 42217472.0
586 42217472.0
587 42217472.0
588 42217472.0
589 42217472.0
590 42217472.0
591 42217472.0
592 42217472.0
593 42217472.0
594 42217472.0
595 42217472.0
596 42217472.0
597 42217472.0
598 42217472.0
599 42217472.0
600 42217472.0
601 42217472.0
602 42217472.0
603 42217472.0
604 42217472.0
605 42217472.0
606 42217472.0
607 42217472.0
608 42217472.0
609 42217472.0
610 42217472.0
611 42217472.0
612 42217472.0
613 42217472.0
614 42217472.0
615 42217472.0
616 42217472.0
617 42217472.0
618 42217472.0
619 42217472.0
620 42217472.0
621 42217472.0
622 42217472.0
623 42217472.0
624 42217472.0
625 42217472.0
626 42217472.0
627 42217472.0
628 42217472.0
629 42217472.0
630 42217472.0
631 42217472.0
632 42217472.0
633 42217472.0
634 42217472.0
635 42217472.0
636 42217472.0
637 42217472.0
638 42217472.0
639 42217472.0
640 42217472.0
641 42217472.0
642 42217472.0
643 42217472.0
644 42217472.0
645 42217472.0
646 42217472.0
647 42217472.0
648 42217472.0
649 42217472.0
650 42217472.0
651 42217472.0
652 42217472.0
653 42217472.0
654 42217472.0
655 42217472.0
656 42217472.0
657 42217472.0
658 42217472.0
659 42217472.0
660 42217472.0
661 42217472.0
662 42217472.0
663 42217472.0
664 42217472.0
665 42217472.0
666 42217472.0
667 42217472.0
668 42217472.0
669 42217472.0
670 42217472.0
671 42217472.0
672 42217472.0
673 42217472.0
674 42217472.0
675 42217472.0
676 42217472.0
677 42217472.0
678 42217472.0
679 42217472.0
680 42217472.0
681 42217472.0
682 42217472.0
683 42217472.0
684 42217472.0
685 42217472.0
686 42217472.0
687 42217472.0
688 42217472.0
689 42217472.0
690 42217472.0
691 42217472.0
692 42217472.0
693 42217472.0
694 42217472.0
695 42217472.0
696 42217472.0
697 42217472.0
698 42217472.0
699 42217472.0
700 42217472.0
701 42217472.0
702 42217472.0
703 42217472.0
704 42217472.0
705 42217472.0
706 42217472.0
707 42217472.0
708 42217472.0
709 42217472.0
710 42217472.0
711 42217472.0
712 42217472.0
713 42217472.0
714 42217472.0
715 42217472.0
716 42217472.0
717 42217472.0
718 42217472.0
719 42217472.0
720 42217472.0
721 42217472.0
722 42217472.0
723 42217472.0
724 42217472.0
725 42217472.0
726 42217472.0
727 42217472.0
728 42217472.0
729 42217472.0
730 42217472.0
731 42217472.0
732 42217472.0
733 42217472.0
734 42217472.0
735 42217472.0
736 42217472.0
737 42217472.0
738 42217472.0
739 42217472.0
740 42217472.0
741 42217472.0
742 42217472.0
743 42217472.0
744 42217472.0
745 42217472.0
746 42217472.0
747 42217472.0
748 42217472.0
749 42217472.0
750 42217472.0
751 42217472.0
752 42217472.0
753 42217472.0
754 42217472.0
755 42217472.0
756 42217472.0
757 42217472.0
758 42217472.0
759 42217472.0
760 42217472.0
761 42217472.0
762 42217472.0
763 42217472.0
764 42217472.0
765 42217472.0
766 42217472.0
767 42217472.0
768 42217472.0
769 42217472.0
770 42217472.0
771 42217472.0
772 42217472.0
773 42217472.0
774 42217472.0
775 42217472.0
776 42217472.0
777 42217472.0
778 42217472.0
779 42217472.0
780 42217472.0
781 42217472.0
782 42217472.0
783 42217472.0
784 42217472.0
785 42217472.0
786 42217472.0
787 42217472.0
788 42217472.0
789 42217472.0
790 42217472.0
791 42217472.0
792 42217472.0
793 42217472.0
794 42217472.0
795 42217472.0
796 42217472.0
797 42217472.0
798 42217472.0
799 42217472.0
800 42217472.0
801 42217472.0
802 42217472.0
803 42217472.0
804 42217472.0
805 42217472.0
806 42217472.0
807 42217472.0
808 42217472.0
809 42217472.0
810 42217472.0
811 42217472.0
812 42217472.0
813 42217472.0
814 42217472.0
815 42217472.0
816 42217472.0
817 42217472.0
818 42217472.0
819 42217472.0
820 42217472.0
821 42217472.0
822 42217472.0
823 42217472.0
824 42217472.0
825 42217472.0
826 42217472.0
827 42217472.0
828 42217472.0
829 42217472.0
830 42217472.0
831 42217472.0
832 42217472.0
833 42217472.0
834 42217472.0
835 42217472.0
836 42217472.0
837 42217472.0
838 42217472.0
839 42217472.0
840 42217472.0
841 42217472.0
842 42217472.0
843 42217472.0
844 42217472.0
845 42217472.0
846 42217472.0
847 42217472.0
848 42217472.0
849 42217472.0
850 42217472.0
851 42217472.0
852 42217472.0
853 42217472.0
854 42217472.0
855 42217472.0
856 42217472.0
857 42217472.0
858 42217472.0
859 42217472.0
860 42217472.0
861 42217472.0
862 42217472.0
863 42217472.0
864 42217472.0
865 42217472.0
866 42217472.0
867 42217472.0
868 42217472.0
869 42217472.0
870 42217472.0
871 42217472.0
872 42217472.0
873 42217472.0
874 42217472.0
875 42217472.0
876 42217472.0
877 42217472.0
878 42217472.0
879 42217472.0
880 42217472.0
881 42217472.0
882 42217472.0
883 42217472.0
884 42217472.0
885 42217472.0
886 42217472.0
887 42217472.0
888 42217472.0
889 42217472.0
890 42217472.0
891 42217472.0
892 42217472.0
893 42217472.0
894 42217472.0
895 42217472.0
896 42217472.0
897 42217472.0
898 42217472.0
899 42217472.0
900 42217472.0
901 42217472.0
902 42217472.0
903 42217472.0
904 42217472.0
905 42217472.0
906 42217472.0
907 42217472.0
908 42217472.0
909 42217472.0
910 42217472.0
911 42217472.0
912 42217472.0
913 42217472.0
914 42217472.0
915 42217472.0
916 42217472.0
917 42217472.0
918 42217472.0
919 42217472.0
920 42217472.0
921 42217472.0
922 42217472.0
923 42217472.0
924 42217472.0
925 42217472.0
926 42217472.0
927 42217472.0
928 42217472.0
929 42217472.0
930 42217472.0
931 42217472.0
932 42217472.0
933 42217472.0
934 42217472.0
935 42217472.0
936 42217472.0
937 42217472.0
938 42217472.0
939 42217472.0
940 42217472.0
941 42217472.0
942 42217472.0
943 42217472.0
944 42217472.0
945 42217472.0
946 42217472.0
947 42217472.0
948 42217472.0
949 42217472.0
950 42217472.0
951 42217472.0
952 42217472.0
953 42217472.0
954 42217472.0
955 42217472.0
956 42217472.0
957 42217472.0
958 42217472.0
959 42217472.0
960 42217472.0
961 42217472.0
962 42217472.0
963 42217472.0
964 42217472.0
965 42217472.0
966 42217472.0
967 42217472.0
968 42217472.0
969 42217472.0
970 42217472.0
971 42217472.0
972 42217472.0
973 42217472.0
974 42217472.0
975 42217472.0
976 42217472.0
977 42217472.0
978 42217472.0
979 42217472.0
980 42217472.0
981 42217472.0
982 42217472.0
983 42217472.0
984 42217472.0
985 42217472.0
986 42217472.0
987 42217472.0
988 42217472.0
989 42217472.0
990 42217472.0
991 42217472.0
992 42217472.0
993 42217472.0
994 42217472.0
995 42217472.0
996 42217472.0
997 42217472.0
998 42217472.0
999 42217472.0
1000 42217472.0
1001 42217472.0
1002 42217472.0
1003 42217472.0
1004 42217472.0
1005 42217472.0
1006 42217472.0
1007 42217472.0
1008 42217472.0
1009 42217472.0
1010 42217472.0
1011 42217472.0
1012 42217472.0
1013 42217472.0
1014 42217472.0
1015 42217472.0
1016 42217472.0
1017 42217472.0
1018 42217472.0
1019 42217472.0
1020 42217472.0
1021 42217472.0
1022 42217472.0
1023 42217472.0
1024 42217472.0
1025 42217472.0
1026 42217472.0
1027 42217472.0
1028 42217472.0
1029 42217472.0
1030 42217472.0
1031 42217472.0
1032 42217472.0
1033 42217472.0
1034 42217472.0
1035 42217472.0
1036 42217472.0
1037 42217472.0
1038 42217472.0
1039 42217472.0
1040 42217472.0
1041 42217472.0
1042 42217472.0
1043 42217472.0
1044 42217472.0
1045 42217472.0
1046 42217472.0
1047 42217472.0
1048 42217472.0
1049 42217472.0
1050 42217472.0
1051 42217472.0
1052 42217472.0
1053 42217472.0
1054 42217472.0
1055 42217472.0
1056 42217472.0
1057 42217472.0
1058 42217472.0
1059 42217472.0
1060 42217472.0
1061 42217472.0
1062 42217472.0
1063 42217472.0
1064 42217472.0
1065 42217472.0
1066 42217472.0
1067 42217472.0
1068 42217472.0
1069 42217472.0
1070 42217472.0
1071 42217472.0
1072 42217472.0
1073 42217472.0
1074 42217472.0
1075 42217472.0
1076 42217472.0
1077 42217472.0
1078 42217472.0
1079 42217472.0
1080 42217472.0
1081 42217472.0
1082 42217472.0
1083 42217472.0
1084 42217472.0
1085 42217472.0
1086 42217472.0
1087 42217472.0
1088 42217472.0
1089 42217472.0
1090 42217472.0
1091 42217472.0
1092 42217472.0
1093 42217472.0
1094 42217472.0
1095 42217472.0
1096 42217472.0
1097 42217472.0
1098 42217472.0
1099 42217472.0
1100 42217472.0
1101 42217472.0
1102 42217472.0
1103 42217472.0
1104 42217472.0
1105 42217472.0
1106 42217472.0
1107 42217472.0
1108 42217472.0
1109 42217472.0
1110 42217472.0
1111 42217472.0
1112 42217472.0
1113 42217472.0
1114 42217472.0
1115 42217472.0
1116 42217472.0
1117 42217472.0
1118 42217472.0
1119 42217472.0
1120 42217472.0
1121 42217472.0
1122 42217472.0
1123 42217472.0
1124 42217472.0
1125 42217472.0
1126 42217472.0
1127 42217472.0
1128 42217472.0
1129 42217472.0
1130 42217472.0
1131 42217472.0
1132 42217472.0
1133 42217472.0
1134 42217472.0
1135 42217472.0
1136 42217472.0
1137 42217472.0
1138 42217472.0
1139 42217472.0
1140 42217472.0
1141 42217472.0
1142 42217472.0
1143 42217472.0
1144 42217472.0
1145 42217472.0
1146 42217472.0
1147 42217472.0
1148 42217472.0
1149 42217472.0
1150 42217472.0
1151 42217472.0
1152 42217472.0
1153 42217472.0
1154 42217472.0
1155 42217472.0
1156 42217472.0
1157 42217472.0
1158 42217472.0
1159 42217472.0
1160 42217472.0
1161 42217472.0
1162 42217472.0
1163 42217472.0
1164 42217472.0
1165 42217472.0
1166 42217472.0
1167 42217472.0
1168 42217472.0
1169 42217472.0
1170 42217472.0
1171 42217472.0
1172 42217472.0
1173 42217472.0
1174 42217472.0
1175 42217472.0
1176 42217472.0
1177 42217472.0
1178 42217472.0
1179 42217472.0
1180 42217472.0
1181 42217472.0
1182 42217472.0
1183 42217472.0
1184 42217472.0
1185 42217472.0
1186 42217472.0
1187 42217472.0
1188 42217472.0
1189 42217472.0
1190 42217472.0
1191 42217472.0
1192 42217472.0
1193 42217472.0
1194 42217472.0
1195 42217472.0
1196 42217472.0
1197 42217472.0
1198 42217472.0
1199 42217472.0
1200 42217472.0
1201 42217472.0
1202 42217472.0
1203 42217472.0
1204 42217472.0
1205 42217472.0
1206 42217472.0
1207 42217472.0
1208 42217472.0
1209 42217472.0
1210 42217472.0
1211 42217472.0
1212 42217472.0
1213 42217472.0
1214 42217472.0
1215 42217472.0
1216 42217472.0
1217 42217472.0
1218 42217472.0
1219 42217472.0
1220 42217472.0
1221 42217472.0
1222 42217472.0
1223 42217472.0
1224 42217472.0
1225 42217472.0
1226 42217472.0
1227 42217472.0
1228 42217472.0
1229 42217472.0
1230 42217472.0
1231 42217472.0
1232 42217472.0
1233 42217472.0
1234 42217472.0
1235 42217472.0
1236 42217472.0
1237 42217472.0
1238 42217472.0
1239 42217472.0
1240 42217472.0
1241 42217472.0
1242 42217472.0
1243 42217472.0
1244 42217472.0
1245 42217472.0
1246 42217472.0
1247 42217472.0
1248 42217472.0
1249 42217472.0
1250 42217472.0
1251 42217472.0
1252 42217472.0
1253 42217472.0
1254 42217472.0
1255 42217472.0
1256 42217472.0
1257 42217472.0
1258 42217472.0
1259 42217472.0
1260 42217472.0
1261 42217472.0
1262 42217472.0
1263 42217472.0
1264 42217472.0
1265 42217472.0
1266 42217472.0
1267 42217472.0
1268 42217472.0
1269 42217472.0
1270 42217472.0
1271 42217472.0
1272 42217472.0
1273 42217472.0
1274 42217472.0
1275 42217472.0
1276 42217472.0
1277 42217472.0
1278 42217472.0
1279 42217472.0
1280 42217472.0
1281 42217472.0
1282 42217472.0
1283 42217472.0
1284 42217472.0
1285 42217472.0
1286 42217472.0
1287 42217472.0
1288 42217472.0
1289 42217472.0
1290 42217472.0
1291 42217472.0
1292 42217472.0
1293 42217472.0
1294 42217472.0
1295 42217472.0
1296 42217472.0
1297 42217472.0
1298 42217472.0
1299 42217472.0
1300 42217472.0
1301 42217472.0
1302 42217472.0
1303 42217472.0
1304 42217472.0
1305 42217472.0
1306 42217472.0
1307 42217472.0
1308 42217472.0
1309 42217472.0
1310 42217472.0
1311 42217472.0
1312 42217472.0
1313 42217472.0
1314 42217472.0
1315 42217472.0
1316 42217472.0
1317 42217472.0
1318 42217472.0
1319 42217472.0
1320 42217472.0
1321 42217472.0
1322 42217472.0
1323 42217472.0
1324 42217472.0
1325 42217472.0
1326 42217472.0
1327 42217472.0
1328 42217472.0
1329 42217472.0
1330 42217472.0
1331 42217472.0
1332 42217472.0
1333 42217472.0
1334 42217472.0
1335 42217472.0
1336 42217472.0
1337 42217472.0
1338 42217472.0
1339 42217472.0
1340 42217472.0
1341 42217472.0
1342 42217472.0
1343 42217472.0
1344 42217472.0
1345 42217472.0
1346 42217472.0
1347 42217472.0
1348 42217472.0
1349 42217472.0
1350 42217472.0
1351 42217472.0
1352 42217472.0
1353 42217472.0
1354 42217472.0
1355 42217472.0
1356 42217472.0
1357 42217472.0
1358 42217472.0
1359 42217472.0
1360 42217472.0
1361 42217472.0
1362 42217472.0
1363 42217472.0
1364 42217472.0
1365 42217472.0
1366 42217472.0
1367 42217472.0
1368 42217472.0
1369 42217472.0
1370 42217472.0
1371 42217472.0
1372 42217472.0
1373 42217472.0
1374 42217472.0
1375 42217472.0
1376 42217472.0
1377 42217472.0
1378 42217472.0
1379 42217472.0
1380 42217472.0
1381 42217472.0
1382 42217472.0
1383 42217472.0
1384 42217472.0
1385 42217472.0
1386 42217472.0
1387 42217472.0
1388 42217472.0
1389 42217472.0
1390 42217472.0
1391 42217472.0
1392 42217472.0
1393 42217472.0
1394 42217472.0
1395 42217472.0
1396 42217472.0
1397 42217472.0
1398 42217472.0
1399 42217472.0
1400 42217472.0
1401 42217472.0
1402 42217472.0
1403 42217472.0
1404 42217472.0
1405 42217472.0
1406 42217472.0
1407 42217472.0
1408 42217472.0
1409 42217472.0
1410 42217472.0
1411 42217472.0
1412 42217472.0
1413 42217472.0
1414 42217472.0
1415 42217472.0
1416 42217472.0
1417 42217472.0
1418 42217472.0
1419 42217472.0
1420 42217472.0
1421 42217472.0
1422 42217472.0
1423 42217472.0
1424 42217472.0
1425 42217472.0
1426 42217472.0
1427 42217472.0
1428 42217472.0
1429 42217472.0
1430 42217472.0
1431 42217472.0
1432 42217472.0
1433 42217472.0
1434 42217472.0
1435 42217472.0
1436 42217472.0
1437 42217472.0
1438 42217472.0
1439 42217472.0
1440 42217472.0
1441 42217472.0
1442 42217472.0
1443 42217472.0
1444 42217472.0
1445 42217472.0
1446 42217472.0
1447 42217472.0
1448 42217472.0
1449 42217472.0
1450 42217472.0
1451 42217472.0
1452 42217472.0
1453 42217472.0
1454 42217472.0
1455 42217472.0
1456 42217472.0
1457 42217472.0
1458 42217472.0
1459 42217472.0
1460 42217472.0
1461 42217472.0
1462 42217472.0
1463 42217472.0
1464 42217472.0
1465 42217472.0
1466 42217472.0
1467 42217472.0
1468 42217472.0
1469 42217472.0
1470 42217472.0
1471 42217472.0
1472 42217472.0
1473 42217472.0
1474 42217472.0
1475 42217472.0
1476 42217472.0
1477 42217472.0
1478 42217472.0
1479 42217472.0
1480 42217472.0
1481 42217472.0
1482 42217472.0
1483 42217472.0
1484 42217472.0
1485 42217472.0
1486 42217472.0
1487 42217472.0
1488 42217472.0
1489 42217472.0
1490 42217472.0
1491 42217472.0
1492 42217472.0
1493 42217472.0
1494 42217472.0
1495 42217472.0
1496 42217472.0
1497 42217472.0
1498 42217472.0
1499 42217472.0
1500 42217472.0
1501 42217472.0
1502 42217472.0
1503 42217472.0
1504 42217472.0
1505 42217472.0
1506 42217472.0
1507 42217472.0
1508 42217472.0
1509 42217472.0
1510 42217472.0
1511 42217472.0
1512 42217472.0
1513 42217472.0
1514 42217472.0
1515 42217472.0
1516 42217472.0
1517 42217472.0
1518 42217472.0
1519 42217472.0
1520 42217472.0
1521 42217472.0
1522 42217472.0
1523 42217472.0
1524 42217472.0
1525 42217472.0
1526 42217472.0
1527 42217472.0
1528 42217472.0
1529 42217472.0
1530 42217472.0
1531 42217472.0
1532 42217472.0
1533 42217472.0
1534 42217472.0
1535 42217472.0
1536 42217472.0
1537 42217472.0
1538 42217472.0
1539 42217472.0
1540 42217472.0
1541 42217472.0
1542 42217472.0
1543 42217472.0
1544 42217472.0
1545 42217472.0
1546 42217472.0
1547 42217472.0
1548 42217472.0
1549 42217472.0
1550 42217472.0
1551 42217472.0
1552 42217472.0
1553 42217472.0
1554 42217472.0
1555 42217472.0
1556 42217472.0
1557 42217472.0
1558 42217472.0
1559 42217472.0
1560 42217472.0
1561 42217472.0
1562 42217472.0
1563 42217472.0
1564 42217472.0
1565 42217472.0
1566 42217472.0
1567 42217472.0
1568 42217472.0
1569 42217472.0
1570 42217472.0
1571 42217472.0
1572 42217472.0
1573 42217472.0
1574 42217472.0
1575 42217472.0
1576 42217472.0
1577 42217472.0
1578 42217472.0
1579 42217472.0
1580 42217472.0
1581 42217472.0
1582 42217472.0
1583 42217472.0
1584 42217472.0
1585 42217472.0
1586 42217472.0
1587 42217472.0
1588 42217472.0
1589 42217472.0
1590 42217472.0
1591 42217472.0
1592 42217472.0
1593 42217472.0
1594 42217472.0
1595 42217472.0
1596 42217472.0
1597 42217472.0
1598 42217472.0
1599 42217472.0
1600 42217472.0
1601 42217472.0
1602 42217472.0
1603 42217472.0
1604 42217472.0
1605 42217472.0
1606 42217472.0
1607 42217472.0
1608 42217472.0
1609 42217472.0
1610 42217472.0
1611 42217472.0
1612 42217472.0
1613 42217472.0
1614 42217472.0
1615 42217472.0
1616 42217472.0
1617 42217472.0
1618 42217472.0
1619 42217472.0
1620 42217472.0
1621 42217472.0
1622 42217472.0
1623 42217472.0
1624 42217472.0
1625 42217472.0
1626 42217472.0
1627 42217472.0
1628 42217472.0
1629 42217472.0
1630 42217472.0
1631 42217472.0
1632 42217472.0
1633 42217472.0
1634 42217472.0
1635 42217472.0
1636 42217472.0
1637 42217472.0
1638 42217472.0
1639 42217472.0
1640 42217472.0
1641 42217472.0
1642 42217472.0
1643 42217472.0
1644 42217472.0
1645 42217472.0
1646 42217472.0
1647 42217472.0
1648 42217472.0
1649 42217472.0
1650 42217472.0
1651 42217472.0
1652 42217472.0
1653 42217472.0
1654 42217472.0
1655 42217472.0
1656 42217472.0
1657 42217472.0
1658 42217472.0
1659 42217472.0
1660 42217472.0
1661 42217472.0
1662 42217472.0
1663 42217472.0
1664 42217472.0
1665 42217472.0
1666 42217472.0
1667 42217472.0
1668 42217472.0
1669 42217472.0
1670 42217472.0
1671 42217472.0
1672 42217472.0
1673 42217472.0
1674 42217472.0
1675 42217472.0
1676 42217472.0
1677 42217472.0
1678 42217472.0
1679 42217472.0
1680 42217472.0
1681 42217472.0
1682 42217472.0
1683 42217472.0
1684 42217472.0
1685 42217472.0
1686 42217472.0
1687 42217472.0
1688 42217472.0
1689 42217472.0
1690 42217472.0
1691 42217472.0
1692 42217472.0
1693 42217472.0
1694 42217472.0
1695 42217472.0
1696 42217472.0
1697 42217472.0
1698 42217472.0
1699 42217472.0
1700 42217472.0
1701 42217472.0
1702 42217472.0
1703 42217472.0
1704 42217472.0
1705 42217472.0
1706 42217472.0
1707 42217472.0
1708 42217472.0
1709 42217472.0
1710 42217472.0
1711 42217472.0
1712 42217472.0
1713 42217472.0
1714 42217472.0
1715 42217472.0
1716 42217472.0
1717 42217472.0
1718 42217472.0
1719 42217472.0
1720 42217472.0
1721 42217472.0
1722 42217472.0
1723 42217472.0
1724 42217472.0
1725 42217472.0
1726 42217472.0
1727 42217472.0
1728 42217472.0
1729 42217472.0
1730 42217472.0
1731 42217472.0
1732 42217472.0
1733 42217472.0
1734 42217472.0
1735 42217472.0
1736 42217472.0
1737 42217472.0
1738 42217472.0
1739 42217472.0
1740 42217472.0
1741 42217472.0
1742 42217472.0
1743 42217472.0
1744 42217472.0
1745 42217472.0
1746 42217472.0
1747 42217472.0
1748 42217472.0
1749 42217472.0
1750 42217472.0
1751 42217472.0
1752 42217472.0
1753 42217472.0
1754 42217472.0
1755 42217472.0
1756 42217472.0
1757 42217472.0
1758 42217472.0
1759 42217472.0
1760 42217472.0
1761 42217472.0
1762 42217472.0
1763 42217472.0
1764 42217472.0
1765 42217472.0
1766 42217472.0
1767 42217472.0
1768 42217472.0
1769 42217472.0
1770 42217472.0
1771 42217472.0
1772 42217472.0
1773 42217472.0
1774 42217472.0
1775 42217472.0
1776 42217472.0
1777 42217472.0
1778 42217472.0
1779 42217472.0
1780 42217472.0
1781 42217472.0
1782 42217472.0
1783 42217472.0
1784 42217472.0
1785 42217472.0
1786 42217472.0
1787 42217472.0
1788 42217472.0
1789 42217472.0
1790 42217472.0
1791 42217472.0
1792 42217472.0
1793 42217472.0
1794 42217472.0
1795 42217472.0
1796 42217472.0
1797 42217472.0
1798 42217472.0
1799 42217472.0
1800 42217472.0
1801 42217472.0
1802 42217472.0
1803 42217472.0
1804 42217472.0
1805 42217472.0
1806 42217472.0
1807 42217472.0
1808 42217472.0
1809 42217472.0
1810 42217472.0
1811 42217472.0
1812 42217472.0
1813 42217472.0
1814 42217472.0
1815 42217472.0
1816 42217472.0
1817 42217472.0
1818 42217472.0
1819 42217472.0
1820 42217472.0
1821 42217472.0
1822 42217472.0
1823 42217472.0
1824 42217472.0
1825 42217472.0
1826 42217472.0
1827 42217472.0
1828 42217472.0
1829 42217472.0
1830 42217472.0
1831 42217472.0
1832 42217472.0
1833 42217472.0
1834 42217472.0
1835 42217472.0
1836 42217472.0
1837 42217472.0
1838 42217472.0
1839 42217472.0
1840 42217472.0
1841 42217472.0
1842 42217472.0
1843 42217472.0
1844 42217472.0
1845 42217472.0
1846 42217472.0
1847 42217472.0
1848 42217472.0
1849 42217472.0
1850 42217472.0
1851 42217472.0
1852 42217472.0
1853 42217472.0
1854 42217472.0
1855 42217472.0
1856 42217472.0
1857 42217472.0
1858 42217472.0
1859 42217472.0
1860 42217472.0
1861 42217472.0
1862 42217472.0
1863 42217472.0
1864 42217472.0
1865 42217472.0
1866 42217472.0
1867 42217472.0
1868 42217472.0
1869 42217472.0
1870 42217472.0
1871 42217472.0
1872 42217472.0
1873 42217472.0
1874 42217472.0
1875 42217472.0
1876 42217472.0
1877 42217472.0
1878 42217472.0
1879 42217472.0
1880 42217472.0
1881 42217472.0
1882 42217472.0
1883 42217472.0
1884 42217472.0
1885 42217472.0
1886 42217472.0
1887 42217472.0
1888 42217472.0
1889 42217472.0
1890 42217472.0
1891 42217472.0
1892 42217472.0
1893 42217472.0
1894 42217472.0
1895 42217472.0
1896 42217472.0
1897 42217472.0
1898 42217472.0
1899 42217472.0
1900 42217472.0
1901 42217472.0
1902 42217472.0
1903 42217472.0
1904 42217472.0
1905 42217472.0
1906 42217472.0
1907 42217472.0
1908 42217472.0
1909 42217472.0
1910 42217472.0
1911 42217472.0
1912 42217472.0
1913 42217472.0
1914 42217472.0
1915 42217472.0
1916 42217472.0
1917 42217472.0
1918 42217472.0
1919 42217472.0
1920 42217472.0
1921 42217472.0
1922 42217472.0
1923 42217472.0
1924 42217472.0
1925 42217472.0
1926 42217472.0
1927 42217472.0
1928 42217472.0
1929 42217472.0
1930 42217472.0
1931 42217472.0
1932 42217472.0
1933 42217472.0
1934 42217472.0
1935 42217472.0
1936 42217472.0
1937 42217472.0
1938 42217472.0
1939 42217472.0
1940 42217472.0
1941 42217472.0
1942 42217472.0
1943 42217472.0
1944 42217472.0
1945 42217472.0
1946 42217472.0
1947 42217472.0
1948 42217472.0
1949 42217472.0
1950 42217472.0
1951 42217472.0
1952 42217472.0
1953 42217472.0
1954 42217472.0
1955 42217472.0
1956 42217472.0
1957 42217472.0
1958 42217472.0
1959 42217472.0
1960 42217472.0
1961 42217472.0
1962 42217472.0
1963 42217472.0
1964 42217472.0
1965 42217472.0
1966 42217472.0
1967 42217472.0
1968 42217472.0
1969 42217472.0
1970 42217472.0
1971 42217472.0
1972 42217472.0
1973 42217472.0
1974 42217472.0
1975 42217472.0
1976 42217472.0
1977 42217472.0
1978 42217472.0
1979 42217472.0
1980 42217472.0
1981 42217472.0
1982 42217472.0
1983 42217472.0
1984 42217472.0
1985 42217472.0
1986 42217472.0
1987 42217472.0
1988 42217472.0
1989 42217472.0
1990 42217472.0
1991 42217472.0
1992 42217472.0
1993 42217472.0
1994 42217472.0
1995 42217472.0
1996 42217472.0
1997 42217472.0
1998 42217472.0
1999 42217472.0
2000 42217472.0
2001 42217472.0
2002 42217472.0
2003 42217472.0
2004 42217472.0
2005 42217472.0
2006 42217472.0
2007 42217472.0
2008 42217472.0
2009 42217472.0
2010 42217472.0
2011 42217472.0
2012 42217472.0
2013 42217472.0
2014 42217472.0
2015 42217472.0
2016 42217472.0
2017 42217472.0
2018 42217472.0
2019 42217472.0
2020 42217472.0
2021 42217472.0
2022 42217472.0
2023 42217472.0
2024 42217472.0
2025 42217472.0
2026 42217472.0
2027 42217472.0
2028 42217472.0
2029 42217472.0
2030 42217472.0
2031 42217472.0
2032 42217472.0
2033 42217472.0
2034 42217472.0
2035 42217472.0
2036 42217472.0
2037 42217472.0
2038 42217472.0
2039 42217472.0
2040 42217472.0
2041 42217472.0
2042 42217472.0
2043 42217472.0
2044 42217472.0
2045 42217472.0
2046 42217472.0
2047 42217472.0
2048 42217472.0
2049 42217472.0
2050 42217472.0
2051 42217472.0
2052 42217472.0
2053 42217472.0
2054 42217472.0
2055 42217472.0
2056 42217472.0
2057 42217472.0
2058 42217472.0
2059 42217472.0
2060 42217472.0
2061 42217472.0
2062 42217472.0
2063 42217472.0
2064 42217472.0
2065 42217472.0
2066 42217472.0
2067 42217472.0
2068 42217472.0
2069 42217472.0
2070 42217472.0
2071 42217472.0
2072 42217472.0
2073 42217472.0
2074 42217472.0
2075 42217472.0
2076 42217472.0
2077 42217472.0
2078 42217472.0
2079 42217472.0
2080 42217472.0
2081 42217472.0
2082 42217472.0
2083 42217472.0
2084 42217472.0
2085 42217472.0
2086 42217472.0
2087 42217472.0
2088 42217472.0
2089 42217472.0
2090 42217472.0
2091 42217472.0
2092 42217472.0
2093 42217472.0
2094 42217472.0
2095 42217472.0
2096 42217472.0
2097 42217472.0
2098 42217472.0
2099 42217472.0
2100 42217472.0
2101 42217472.0
2102 42217472.0
2103 42217472.0
2104 42217472.0
2105 42217472.0
2106 42217472.0
2107 42217472.0
2108 42217472.0
2109 42217472.0
2110 42217472.0
2111 42217472.0
2112 42217472.0
2113 42217472.0
2114 42217472.0
2115 42217472.0
2116 42217472.0
2117 42217472.0
2118 42217472.0
2119 42217472.0
2120 42217472.0
2121 42217472.0
2122 42217472.0
2123 42217472.0
2124 42217472.0
2125 42217472.0
2126 42217472.0
2127 42217472.0
2128 42217472.0
2129 42217472.0
2130 42217472.0
2131 42217472.0
2132 42217472.0
2133 42217472.0
2134 42217472.0
2135 42217472.0
2136 42217472.0
2137 42217472.0
2138 42217472.0
2139 42217472.0
2140 42217472.0
2141 42217472.0
2142 42217472.0
2143 42217472.0
2144 42217472.0
2145 42217472.0
2146 42217472.0
2147 42217472.0
2148 42217472.0
2149 42217472.0
2150 42217472.0
2151 42217472.0
2152 42217472.0
2153 42217472.0
2154 42217472.0
2155 42217472.0
2156 42217472.0
2157 42217472.0
2158 42217472.0
2159 42217472.0
2160 42217472.0
2161 42217472.0
2162 42217472.0
2163 42217472.0
2164 42217472.0
2165 42217472.0
2166 42217472.0
2167 42217472.0
2168 42217472.0
2169 42217472.0
2170 42217472.0
2171 42217472.0
2172 42217472.0
2173 42217472.0
2174 42217472.0
2175 42217472.0
2176 42217472.0
2177 42217472.0
2178 42217472.0
2179 42217472.0
2180 42217472.0
2181 42217472.0
2182 42217472.0
2183 42217472.0
2184 42217472.0
2185 42217472.0
2186 42217472.0
2187 42217472.0
2188 42217472.0
2189 42217472.0
2190 42217472.0
2191 42217472.0
2192 42217472.0
2193 42217472.0
2194 42217472.0
2195 42217472.0
2196 42217472.0
2197 42217472.0
2198 42217472.0
2199 42217472.0
2200 42217472.0
2201 42217472.0
2202 42217472.0
2203 42217472.0
2204 42217472.0
2205 42217472.0
2206 42217472.0
2207 42217472.0
2208 42217472.0
2209 42217472.0
2210 42217472.0
2211 42217472.0
2212 42217472.0
2213 42217472.0
2214 42217472.0
2215 42217472.0
2216 42217472.0
2217 42217472.0
2218 42217472.0
2219 42217472.0
2220 42217472.0
2221 42217472.0
2222 42217472.0
2223 42217472.0
2224 42217472.0
2225 42217472.0
2226 42217472.0
2227 42217472.0
2228 42217472.0
2229 42217472.0
2230 42217472.0
2231 42217472.0
2232 42217472.0
2233 42217472.0
2234 42217472.0
2235 42217472.0
2236 42217472.0
2237 42217472.0
2238 42217472.0
2239 42217472.0
2240 42217472.0
2241 42217472.0
2242 42217472.0
2243 42217472.0
2244 42217472.0
2245 42217472.0
2246 42217472.0
2247 42217472.0
2248 42217472.0
2249 42217472.0
2250 42217472.0
2251 42217472.0
2252 42217472.0
2253 42217472.0
2254 42217472.0
2255 42217472.0
2256 42217472.0
2257 42217472.0
2258 42217472.0
2259 42217472.0
2260 42217472.0
2261 42217472.0
2262 42217472.0
2263 42217472.0
2264 42217472.0
2265 42217472.0
2266 42217472.0
2267 42217472.0
2268 42217472.0
2269 42217472.0
2270 42217472.0
2271 42217472.0
2272 42217472.0
2273 42217472.0
2274 42217472.0
2275 42217472.0
2276 42217472.0
2277 42217472.0
2278 42217472.0
2279 42217472.0
2280 42217472.0
2281 42217472.0
2282 42217472.0
2283 42217472.0
2284 42217472.0
2285 42217472.0
2286 42217472.0
2287 42217472.0
2288 42217472.0
2289 42217472.0
2290 42217472.0
2291 42217472.0
2292 42217472.0
2293 42217472.0
2294 42217472.0
2295 42217472.0
2296 42217472.0
2297 42217472.0
2298 42217472.0
2299 42217472.0
2300 42217472.0
2301 42217472.0
2302 42217472.0
2303 42217472.0
2304 42217472.0
2305 42217472.0
2306 42217472.0
2307 42217472.0
2308 42217472.0
2309 42217472.0
2310 42217472.0
2311 42217472.0
2312 42217472.0
2313 42217472.0
2314 42217472.0
2315 42217472.0
2316 42217472.0
2317 42217472.0
2318 42217472.0
2319 42217472.0
2320 42217472.0
2321 42217472.0
2322 42217472.0
2323 42217472.0
2324 42217472.0
2325 42217472.0
2326 42217472.0
2327 42217472.0
2328 42217472.0
2329 42217472.0
2330 42217472.0
2331 42217472.0
2332 42217472.0
2333 42217472.0
2334 42217472.0
2335 42217472.0
2336 42217472.0
2337 42217472.0
2338 42217472.0
2339 42217472.0
2340 42217472.0
2341 42217472.0
2342 42217472.0
2343 42217472.0
2344 42217472.0
2345 42217472.0
2346 42217472.0
2347 42217472.0
2348 42217472.0
2349 42217472.0
2350 42217472.0
2351 42217472.0
2352 42217472.0
2353 42217472.0
2354 42217472.0
2355 42217472.0
2356 42217472.0
2357 42217472.0
2358 42217472.0
2359 42217472.0
2360 42217472.0
2361 42217472.0
2362 42217472.0
2363 42217472.0
2364 42217472.0
2365 42217472.0
2366 42217472.0
2367 42217472.0
2368 42217472.0
2369 42217472.0
2370 42217472.0
2371 42217472.0
2372 42217472.0
2373 42217472.0
2374 42217472.0
2375 42217472.0
2376 42217472.0
2377 42217472.0
2378 42217472.0
2379 42217472.0
2380 42217472.0
2381 42217472.0
2382 42217472.0
2383 42217472.0
2384 42217472.0
2385 42217472.0
2386 42217472.0
2387 42217472.0
2388 42217472.0
2389 42217472.0
2390 42217472.0
2391 42217472.0
2392 42217472.0
2393 42217472.0
2394 42217472.0
2395 42217472.0
2396 42217472.0
2397 42217472.0
2398 42217472.0
2399 42217472.0
2400 42217472.0
2401 42217472.0
2402 42217472.0
2403 42217472.0
2404 42217472.0
2405 42217472.0
2406 42217472.0
2407 42217472.0
2408 42217472.0
2409 42217472.0
2410 42217472.0
2411 42217472.0
2412 42217472.0
2413 42217472.0
2414 42217472.0
2415 42217472.0
2416 42217472.0
2417 42217472.0
2418 42217472.0
2419 42217472.0
2420 42217472.0
2421 42217472.0
2422 42217472.0
2423 42217472.0
2424 42217472.0
2425 42217472.0
2426 42217472.0
2427 42217472.0
2428 42217472.0
2429 42217472.0
2430 42217472.0
2431 42217472.0
2432 42217472.0
2433 42217472.0
2434 42217472.0
2435 42217472.0
2436 42217472.0
2437 42217472.0
2438 42217472.0
2439 42217472.0
2440 42217472.0
2441 42217472.0
2442 42217472.0
2443 42217472.0
2444 42217472.0
2445 42217472.0
2446 42217472.0
2447 42217472.0
2448 42217472.0
2449 42217472.0
2450 42217472.0
2451 42217472.0
2452 42217472.0
2453 42217472.0
2454 42217472.0
2455 42217472.0
2456 42217472.0
2457 42217472.0
2458 42217472.0
2459 42217472.0
2460 42217472.0
2461 42217472.0
2462 42217472.0
2463 42217472.0
2464 42217472.0
2465 42217472.0
2466 42217472.0
2467 42217472.0
2468 42217472.0
2469 42217472.0
2470 42217472.0
2471 42217472.0
2472 42217472.0
2473 42217472.0
2474 42217472.0
2475 42217472.0
2476 42217472.0
2477 42217472.0
2478 42217472.0
2479 42217472.0
2480 42217472.0
2481 42217472.0
2482 42217472.0
2483 42217472.0
2484 42217472.0
2485 42217472.0
2486 42217472.0
2487 42217472.0
2488 42217472.0
2489 42217472.0
2490 42217472.0
2491 42217472.0
2492 42217472.0
2493 42217472.0
2494 42217472.0
2495 42217472.0
2496 42217472.0
2497 42217472.0
2498 42217472.0
2499 42217472.0
2500 42217472.0
2501 42217472.0
2502 42217472.0
2503 42217472.0
2504 42217472.0
2505 42217472.0
2506 42217472.0
2507 42217472.0
2508 42217472.0
2509 42217472.0
2510 42217472.0
2511 42217472.0
2512 42217472.0
2513 42217472.0
2514 42217472.0
2515 42217472.0
2516 42217472.0
2517 42217472.0
2518 42217472.0
2519 42217472.0
2520 42217472.0
2521 42217472.0
2522 42217472.0
2523 42217472.0
2524 42217472.0
2525 42217472.0
2526 42217472.0
2527 42217472.0
2528 42217472.0
2529 42217472.0
2530 42217472.0
2531 42217472.0
2532 42217472.0
2533 42217472.0
2534 42217472.0
2535 42217472.0
2536 42217472.0
2537 42217472.0
2538 42217472.0
2539 42217472.0
2540 42217472.0
2541 42217472.0
2542 42217472.0
2543 42217472.0
2544 42217472.0
2545 42217472.0
2546 42217472.0
2547 42217472.0
2548 42217472.0
2549 42217472.0
2550 42217472.0
2551 42217472.0
2552 42217472.0
2553 42217472.0
2554 42217472.0
2555 42217472.0
2556 42217472.0
2557 42217472.0
2558 42217472.0
2559 42217472.0
2560 42217472.0
2561 42217472.0
2562 42217472.0
2563 42217472.0
2564 42217472.0
2565 42217472.0
2566 42217472.0
2567 42217472.0
2568 42217472.0
2569 42217472.0
2570 42217472.0
2571 42217472.0
2572 42217472.0
2573 42217472.0
2574 42217472.0
2575 42217472.0
2576 42217472.0
2577 42217472.0
2578 42217472.0
2579 42217472.0
2580 42217472.0
2581 42217472.0
2582 42217472.0
2583 42217472.0
2584 42217472.0
2585 42217472.0
2586 42217472.0
2587 42217472.0
2588 42217472.0
2589 42217472.0
2590 42217472.0
2591 42217472.0
2592 42217472.0
2593 42217472.0
2594 42217472.0
2595 42217472.0
2596 42217472.0
2597 42217472.0
2598 42217472.0
2599 42217472.0
2600 42217472.0
2601 42217472.0
2602 42217472.0
2603 42217472.0
2604 42217472.0
2605 42217472.0
2606 42217472.0
2607 42217472.0
2608 42217472.0
2609 42217472.0
2610 42217472.0
2611 42217472.0
2612 42217472.0
2613 42217472.0
2614 42217472.0
2615 42217472.0
2616 42217472.0
2617 42217472.0
2618 42217472.0
2619 42217472.0
2620 42217472.0
2621 42217472.0
2622 42217472.0
2623 42217472.0
2624 42217472.0
2625 42217472.0
2626 42217472.0
2627 42217472.0
2628 42217472.0
2629 42217472.0
2630 42217472.0
2631 42217472.0
2632 42217472.0
2633 42217472.0
2634 42217472.0
2635 42217472.0
2636 42217472.0
2637 42217472.0
2638 42217472.0
2639 42217472.0
2640 42217472.0
2641 42217472.0
2642 42217472.0
2643 42217472.0
2644 42217472.0
2645 42217472.0
2646 42217472.0
2647 42217472.0
2648 42217472.0
2649 42217472.0
2650 42217472.0
2651 42217472.0
2652 42217472.0
2653 42217472.0
2654 42217472.0
2655 42217472.0
2656 42217472.0
2657 42217472.0
2658 42217472.0
2659 42217472.0
2660 42217472.0
2661 42217472.0
2662 42217472.0
2663 42217472.0
2664 42217472.0
2665 42217472.0
2666 42217472.0
2667 42217472.0
2668 42217472.0
2669 42217472.0
2670 42217472.0
2671 42217472.0
2672 42217472.0
2673 42217472.0
2674 42217472.0
2675 42217472.0
2676 42217472.0
2677 42217472.0
2678 42217472.0
2679 42217472.0
2680 42217472.0
2681 42217472.0
2682 42217472.0
2683 42217472.0
2684 42217472.0
2685 42217472.0
2686 42217472.0
2687 42217472.0
2688 42217472.0
2689 42217472.0
2690 42217472.0
2691 42217472.0
2692 42217472.0
2693 42217472.0
2694 42217472.0
2695 42217472.0
2696 42217472.0
2697 42217472.0
2698 42217472.0
2699 42217472.0
2700 42217472.0
2701 42217472.0
2702 42217472.0
2703 42217472.0
2704 42217472.0
2705 42217472.0
2706 42217472.0
2707 42217472.0
2708 42217472.0
2709 42217472.0
2710 42217472.0
2711 42217472.0
2712 42217472.0
2713 42217472.0
2714 42217472.0
2715 42217472.0
2716 42217472.0
2717 42217472.0
2718 42217472.0
2719 42217472.0
2720 42217472.0
2721 42217472.0
2722 42217472.0
2723 42217472.0
2724 42217472.0
2725 42217472.0
2726 42217472.0
2727 42217472.0
2728 42217472.0
2729 42217472.0
2730 42217472.0
2731 42217472.0
2732 42217472.0
2733 42217472.0
2734 42217472.0
2735 42217472.0
2736 42217472.0
2737 42217472.0
2738 42217472.0
2739 42217472.0
2740 42217472.0
2741 42217472.0
2742 42217472.0
2743 42217472.0
2744 42217472.0
2745 42217472.0
2746 42217472.0
2747 42217472.0
2748 42217472.0
2749 42217472.0
2750 42217472.0
2751 42217472.0
2752 42217472.0
2753 42217472.0
2754 42217472.0
2755 42217472.0
2756 42217472.0
2757 42217472.0
2758 42217472.0
2759 42217472.0
2760 42217472.0
2761 42217472.0
2762 42217472.0
2763 42217472.0
2764 42217472.0
2765 42217472.0
2766 42217472.0
2767 42217472.0
2768 42217472.0
2769 42217472.0
2770 42217472.0
2771 42217472.0
2772 42217472.0
2773 42217472.0
2774 42217472.0
2775 42217472.0
2776 42217472.0
2777 42217472.0
2778 42217472.0
2779 42217472.0
2780 42217472.0
2781 42217472.0
2782 42217472.0
2783 42217472.0
2784 42217472.0
2785 42217472.0
2786 42217472.0
2787 42217472.0
2788 42217472.0
2789 42217472.0
2790 42217472.0
2791 42217472.0
2792 42217472.0
2793 42217472.0
2794 42217472.0
2795 42217472.0
2796 42217472.0
2797 42217472.0
2798 42217472.0
2799 42217472.0
2800 42217472.0
2801 42217472.0
2802 42217472.0
2803 42217472.0
2804 42217472.0
2805 42217472.0
2806 42217472.0
2807 42217472.0
2808 42217472.0
2809 42217472.0
2810 42217472.0
2811 42217472.0
2812 42217472.0
2813 42217472.0
2814 42217472.0
2815 42217472.0
2816 42217472.0
2817 42217472.0
2818 42217472.0
2819 42217472.0
2820 42217472.0
2821 42217472.0
2822 42217472.0
2823 42217472.0
2824 42217472.0
2825 42217472.0
2826 42217472.0
2827 42217472.0
2828 42217472.0
2829 42217472.0
2830 42217472.0
2831 42217472.0
2832 42217472.0
2833 42217472.0
2834 42217472.0
2835 42217472.0
2836 42217472.0
2837 42217472.0
2838 42217472.0
2839 42217472.0
2840 42217472.0
2841 42217472.0
2842 42217472.0
2843 42217472.0
2844 42217472.0
2845 42217472.0
2846 42217472.0
2847 42217472.0
2848 42217472.0
2849 42217472.0
2850 42217472.0
2851 42217472.0
2852 42217472.0
2853 42217472.0
2854 42217472.0
2855 42217472.0
2856 42217472.0
2857 42217472.0
2858 42217472.0
2859 42217472.0
2860 42217472.0
2861 42217472.0
2862 42217472.0
2863 42217472.0
2864 42217472.0
2865 42217472.0
2866 42217472.0
2867 42217472.0
2868 42217472.0
2869 42217472.0
2870 42217472.0
2871 42217472.0
2872 42217472.0
2873 42217472.0
2874 42217472.0
2875 42217472.0
2876 42217472.0
2877 42217472.0
2878 42217472.0
2879 42217472.0
2880 42217472.0
2881 42217472.0
2882 42217472.0
2883 42217472.0
2884 42217472.0
2885 42217472.0
2886 42217472.0
2887 42217472.0
2888 42217472.0
2889 42217472.0
2890 42217472.0
2891 42217472.0
2892 42217472.0
2893 42217472.0
2894 42217472.0
2895 42217472.0
2896 42217472.0
2897 42217472.0
2898 42217472.0
2899 42217472.0
2900 42217472.0
2901 42217472.0
2902 42217472.0
2903 42217472.0
2904 42217472.0
2905 42217472.0
2906 42217472.0
2907 42217472.0
2908 42217472.0
2909 42217472.0
2910 42217472.0
2911 42217472.0
2912 42217472.0
2913 42217472.0
2914 42217472.0
2915 42217472.0
2916 42217472.0
2917 42217472.0
2918 42217472.0
2919 42217472.0
2920 42217472.0
2921 42217472.0
2922 42217472.0
2923 42217472.0
2924 42217472.0
2925 42217472.0
2926 42217472.0
2927 42217472.0
2928 42217472.0
2929 42217472.0
2930 42217472.0
2931 42217472.0
2932 42217472.0
2933 42217472.0
2934 42217472.0
2935 42217472.0
2936 42217472.0
2937 42217472.0
2938 42217472.0
2939 42217472.0
2940 42217472.0
2941 42217472.0
2942 42217472.0
2943 42217472.0
2944 42217472.0
2945 42217472.0
2946 42217472.0
2947 42217472.0
2948 42217472.0
2949 42217472.0
2950 42217472.0
2951 42217472.0
2952 42217472.0
2953 42217472.0
2954 42217472.0
2955 42217472.0
2956 42217472.0
2957 42217472.0
2958 42217472.0
2959 42217472.0
2960 42217472.0
2961 42217472.0
2962 42217472.0
2963 42217472.0
2964 42217472.0
2965 42217472.0
2966 42217472.0
2967 42217472.0
2968 42217472.0
2969 42217472.0
2970 42217472.0
2971 42217472.0
2972 42217472.0
2973 42217472.0
2974 42217472.0
2975 42217472.0
2976 42217472.0
2977 42217472.0
2978 42217472.0
2979 42217472.0
2980 42217472.0
2981 42217472.0
2982 42217472.0
2983 42217472.0
2984 42217472.0
2985 42217472.0
2986 42217472.0
2987 42217472.0
2988 42217472.0
2989 42217472.0
2990 42217472.0
2991 42217472.0
2992 42217472.0
2993 42217472.0
2994 42217472.0
2995 42217472.0
2996 42217472.0
2997 42217472.0
2998 42217472.0
2999 42217472.0
3000 42217472.0
3001 42217472.0
3002 42217472.0
3003 42217472.0
3004 42217472.0
3005 42217472.0
3006 42217472.0
3007 42217472.0
3008 42217472.0
3009 42217472.0
3010 42217472.0
3011 42217472.0
3012 42217472.0
3013 42217472.0
3014 42217472.0
3015 42217472.0
3016 42217472.0
3017 42217472.0
3018 42217472.0
3019 42217472.0
3020 42217472.0
3021 42217472.0
3022 42217472.0
3023 42217472.0
3024 42217472.0
3025 42217472.0
3026 42217472.0
3027 42217472.0
3028 42217472.0
3029 42217472.0
3030 42217472.0
3031 42217472.0
3032 42217472.0
3033 42217472.0
3034 42217472.0
3035 42217472.0
3036 42217472.0
3037 42217472.0
3038 42217472.0
3039 42217472.0
3040 42217472.0
3041 42217472.0
3042 42217472.0
3043 42217472.0
3044 42217472.0
3045 42217472.0
3046 42217472.0
3047 42217472.0
3048 42217472.0
3049 42217472.0
3050 42217472.0
3051 42217472.0
3052 42217472.0
3053 42217472.0
3054 42217472.0
3055 42217472.0
3056 42217472.0
3057 42217472.0
3058 42217472.0
3059 42217472.0
3060 42217472.0
3061 42217472.0
3062 42217472.0
3063 42217472.0
3064 42217472.0
3065 42217472.0
3066 42217472.0
3067 42217472.0
3068 42217472.0
3069 42217472.0
3070 42217472.0
3071 42217472.0
3072 42217472.0
3073 42217472.0
3074 42217472.0
3075 42217472.0
3076 42217472.0
3077 42217472.0
3078 42217472.0
3079 42217472.0
3080 42217472.0
3081 42217472.0
3082 42217472.0
3083 42217472.0
3084 42217472.0
3085 42217472.0
3086 42217472.0
3087 42217472.0
3088 42217472.0
3089 42217472.0
3090 42217472.0
3091 42217472.0
3092 42217472.0
3093 42217472.0
3094 42217472.0
3095 42217472.0
3096 42217472.0
3097 42217472.0
3098 42217472.0
3099 42217472.0
3100 42217472.0
3101 42217472.0
3102 42217472.0
3103 42217472.0
3104 42217472.0
3105 42217472.0
3106 42217472.0
3107 42217472.0
3108 42217472.0
3109 42217472.0
3110 42217472.0
3111 42217472.0
3112 42217472.0
3113 42217472.0
3114 42217472.0
3115 42217472.0
3116 42217472.0
3117 42217472.0
3118 42217472.0
3119 42217472.0
3120 42217472.0
3121 42217472.0
3122 42217472.0
3123 42217472.0
3124 42217472.0
3125 42217472.0
3126 42217472.0
3127 42217472.0
3128 42217472.0
3129 42217472.0
3130 42217472.0
3131 42217472.0
3132 42217472.0
3133 42217472.0
3134 42217472.0
3135 42217472.0
3136 42217472.0
3137 42217472.0
3138 42217472.0
3139 42217472.0
3140 42217472.0
3141 42217472.0
3142 42217472.0
3143 42217472.0
3144 42217472.0
3145 42217472.0
3146 42217472.0
3147 42217472.0
3148 42217472.0
3149 42217472.0
3150 42217472.0
3151 42217472.0
3152 42217472.0
3153 42217472.0
3154 42217472.0
3155 42217472.0
3156 42217472.0
3157 42217472.0
3158 42217472.0
3159 42217472.0
3160 42217472.0
3161 42217472.0
3162 42217472.0
3163 42217472.0
3164 42217472.0
3165 42217472.0
3166 42217472.0
3167 42217472.0
3168 42217472.0
3169 42217472.0
3170 42217472.0
3171 42217472.0
3172 42217472.0
3173 42217472.0
3174 42217472.0
3175 42217472.0
3176 42217472.0
3177 42217472.0
3178 42217472.0
3179 42217472.0
3180 42217472.0
3181 42217472.0
3182 42217472.0
3183 42217472.0
3184 42217472.0
3185 42217472.0
3186 42217472.0
3187 42217472.0
3188 42217472.0
3189 42217472.0
3190 42217472.0
3191 42217472.0
3192 42217472.0
3193 42217472.0
3194 42217472.0
3195 42217472.0
3196 42217472.0
3197 42217472.0
3198 42217472.0
3199 42217472.0
3200 42217472.0
3201 42217472.0
3202 42217472.0
3203 42217472.0
3204 42217472.0
3205 42217472.0
3206 42217472.0
3207 42217472.0
3208 42217472.0
3209 42217472.0
3210 42217472.0
3211 42217472.0
3212 42217472.0
3213 42217472.0
3214 42217472.0
3215 42217472.0
3216 42217472.0
3217 42217472.0
3218 42217472.0
3219 42217472.0
3220 42217472.0
3221 42217472.0
3222 42217472.0
3223 42217472.0
3224 42217472.0
3225 42217472.0
3226 42217472.0
3227 42217472.0
3228 42217472.0
3229 42217472.0
3230 42217472.0
3231 42217472.0
3232 42217472.0
3233 42217472.0
3234 42217472.0
3235 42217472.0
3236 42217472.0
3237 42217472.0
3238 42217472.0
3239 42217472.0
3240 42217472.0
3241 42217472.0
3242 42217472.0
3243 42217472.0
3244 42217472.0
3245 42217472.0
3246 42217472.0
3247 42217472.0
3248 42217472.0
3249 42217472.0
3250 42217472.0
3251 42217472.0
3252 42217472.0
3253 42217472.0
3254 42217472.0
3255 42217472.0
3256 42217472.0
3257 42217472.0
3258 42217472.0
3259 42217472.0
3260 42217472.0
3261 42217472.0
3262 42217472.0
3263 42217472.0
3264 42217472.0
3265 42217472.0
3266 42217472.0
3267 42217472.0
3268 42217472.0
3269 42217472.0
3270 42217472.0
3271 42217472.0
3272 42217472.0
3273 42217472.0
3274 42217472.0
3275 42217472.0
3276 42217472.0
3277 42217472.0
3278 42217472.0
3279 42217472.0
3280 42217472.0
3281 42217472.0
3282 42217472.0
3283 42217472.0
3284 42217472.0
3285 42217472.0
3286 42217472.0
3287 42217472.0
3288 42217472.0
3289 42217472.0
3290 42217472.0
3291 42217472.0
3292 42217472.0
3293 42217472.0
3294 42217472.0
3295 42217472.0
3296 42217472.0
3297 42217472.0
3298 42217472.0
3299 42217472.0
3300 42217472.0
3301 42217472.0
3302 42217472.0
3303 42217472.0
3304 42217472.0
3305 42217472.0
3306 42217472.0
3307 42217472.0
3308 42217472.0
3309 42217472.0
3310 42217472.0
3311 42217472.0
3312 42217472.0
3313 42217472.0
3314 42217472.0
3315 42217472.0
3316 42217472.0
3317 42217472.0
3318 42217472.0
3319 42217472.0
3320 42217472.0
3321 42217472.0
3322 42217472.0
3323 42217472.0
3324 42217472.0
3325 42217472.0
3326 42217472.0
3327 42217472.0
3328 42217472.0
3329 42217472.0
3330 42217472.0
3331 42217472.0
3332 42217472.0
3333 42217472.0
3334 42217472.0
3335 42217472.0
3336 42217472.0
3337 42217472.0
3338 42217472.0
3339 42217472.0
3340 42217472.0
3341 42217472.0
3342 42217472.0
3343 42217472.0
3344 42217472.0
3345 42217472.0
3346 42217472.0
3347 42217472.0
3348 42217472.0
3349 42217472.0
3350 42217472.0
3351 42217472.0
3352 42217472.0
3353 42217472.0
3354 42217472.0
3355 42217472.0
3356 42217472.0
3357 42217472.0
3358 42217472.0
3359 42217472.0
3360 42217472.0
3361 42217472.0
3362 42217472.0
3363 42217472.0
3364 42217472.0
3365 42217472.0
3366 42217472.0
3367 42217472.0
3368 42217472.0
3369 42217472.0
3370 42217472.0
3371 42217472.0
3372 42217472.0
3373 42217472.0
3374 42217472.0
3375 42217472.0
3376 42217472.0
3377 42217472.0
3378 42217472.0
3379 42217472.0
3380 42217472.0
3381 42217472.0
3382 42217472.0
3383 42217472.0
3384 42217472.0
3385 42217472.0
3386 42217472.0
3387 42217472.0
3388 42217472.0
3389 42217472.0
3390 42217472.0
3391 42217472.0
3392 42217472.0
3393 42217472.0
3394 42217472.0
3395 42217472.0
3396 42217472.0
3397 42217472.0
3398 42217472.0
3399 42217472.0
3400 42217472.0
3401 42217472.0
3402 42217472.0
3403 42217472.0
3404 42217472.0
3405 42217472.0
3406 42217472.0
3407 42217472.0
3408 42217472.0
3409 42217472.0
3410 42217472.0
3411 42217472.0
3412 42217472.0
3413 42217472.0
3414 42217472.0
3415 42217472.0
3416 42217472.0
3417 42217472.0
3418 42217472.0
3419 42217472.0
3420 42217472.0
3421 42217472.0
3422 42217472.0
3423 42217472.0
3424 42217472.0
3425 42217472.0
3426 42217472.0
3427 42217472.0
3428 42217472.0
3429 42217472.0
3430 42217472.0
3431 42217472.0
3432 42217472.0
3433 42217472.0
3434 42217472.0
3435 42217472.0
3436 42217472.0
3437 42217472.0
3438 42217472.0
3439 42217472.0
3440 42217472.0
3441 42217472.0
3442 42217472.0
3443 42217472.0
3444 42217472.0
3445 42217472.0
3446 42217472.0
3447 42217472.0
3448 42217472.0
3449 42217472.0
3450 42217472.0
3451 42217472.0
3452 42217472.0
3453 42217472.0
3454 42217472.0
3455 42217472.0
3456 42217472.0
3457 42217472.0
3458 42217472.0
3459 42217472.0
3460 42217472.0
3461 42217472.0
3462 42217472.0
3463 42217472.0
3464 42217472.0
3465 42217472.0
3466 42217472.0
3467 42217472.0
3468 42217472.0
3469 42217472.0
3470 42217472.0
3471 42217472.0
3472 42217472.0
3473 42217472.0
3474 42217472.0
3475 42217472.0
3476 42217472.0
3477 42217472.0
3478 42217472.0
3479 42217472.0
3480 42217472.0
3481 42217472.0
3482 42217472.0
3483 42217472.0
3484 42217472.0
3485 42217472.0
3486 42217472.0
3487 42217472.0
3488 42217472.0
3489 42217472.0
3490 42217472.0
3491 42217472.0
3492 42217472.0
3493 42217472.0
3494 42217472.0
3495 42217472.0
3496 42217472.0
3497 42217472.0
3498 42217472.0
3499 42217472.0
3500 42217472.0
3501 42217472.0
3502 42217472.0
3503 42217472.0
3504 42217472.0
3505 42217472.0
3506 42217472.0
3507 42217472.0
3508 42217472.0
3509 42217472.0
3510 42217472.0
3511 42217472.0
3512 42217472.0
3513 42217472.0
3514 42217472.0
3515 42217472.0
3516 42217472.0
3517 42217472.0
3518 42217472.0
3519 42217472.0
3520 42217472.0
3521 42217472.0
3522 42217472.0
3523 42217472.0
3524 42217472.0
3525 42217472.0
3526 42217472.0
3527 42217472.0
3528 42217472.0
3529 42217472.0
3530 42217472.0
3531 42217472.0
3532 42217472.0
3533 42217472.0
3534 42217472.0
3535 42217472.0
3536 42217472.0
3537 42217472.0
3538 42217472.0
3539 42217472.0
3540 42217472.0
3541 42217472.0
3542 42217472.0
3543 42217472.0
3544 42217472.0
3545 42217472.0
3546 42217472.0
3547 42217472.0
3548 42217472.0
3549 42217472.0
3550 42217472.0
3551 42217472.0
3552 42217472.0
3553 42217472.0
3554 42217472.0
3555 42217472.0
3556 42217472.0
3557 42217472.0
3558 42217472.0
3559 42217472.0
3560 42217472.0
3561 42217472.0
3562 42217472.0
3563 42217472.0
3564 42217472.0
3565 42217472.0
3566 42217472.0
3567 42217472.0
3568 42217472.0
3569 42217472.0
3570 42217472.0
3571 42217472.0
3572 42217472.0
3573 42217472.0
3574 42217472.0
3575 42217472.0
3576 42217472.0
3577 42217472.0
3578 42217472.0
3579 42217472.0
3580 42217472.0
3581 42217472.0
3582 42217472.0
3583 42217472.0
3584 42217472.0
3585 42217472.0
3586 42217472.0
3587 42217472.0
3588 42217472.0
3589 42217472.0
3590 42217472.0
3591 42217472.0
3592 42217472.0
3593 42217472.0
3594 42217472.0
3595 42217472.0
3596 42217472.0
3597 42217472.0
3598 42217472.0
3599 42217472.0
3600 42217472.0
3601 42217472.0
3602 42217472.0
3603 42217472.0
3604 42217472.0
3605 42217472.0
3606 42217472.0
3607 42217472.0
3608 42217472.0
3609 42217472.0
3610 42217472.0
3611 42217472.0
3612 42217472.0
3613 42217472.0
3614 42217472.0
3615 42217472.0
3616 42217472.0
3617 42217472.0
3618 42217472.0
3619 42217472.0
3620 42217472.0
3621 42217472.0
3622 42217472.0
3623 42217472.0
3624 42217472.0
3625 42217472.0
3626 42217472.0
3627 42217472.0
3628 42217472.0
3629 42217472.0
3630 42217472.0
3631 42217472.0
3632 42217472.0
3633 42217472.0
3634 42217472.0
3635 42217472.0
3636 42217472.0
3637 42217472.0
3638 42217472.0
3639 42217472.0
3640 42217472.0
3641 42217472.0
3642 42217472.0
3643 42217472.0
3644 42217472.0
3645 42217472.0
3646 42217472.0
3647 42217472.0
3648 42217472.0
3649 42217472.0
3650 42217472.0
3651 42217472.0
3652 42217472.0
3653 42217472.0
3654 42217472.0
3655 42217472.0
3656 42217472.0
3657 42217472.0
3658 42217472.0
3659 42217472.0
3660 42217472.0
3661 42217472.0
3662 42217472.0
3663 42217472.0
3664 42217472.0
3665 42217472.0
3666 42217472.0
3667 42217472.0
3668 42217472.0
3669 42217472.0
3670 42217472.0
3671 42217472.0
3672 42217472.0
3673 42217472.0
3674 42217472.0
3675 42217472.0
3676 42217472.0
3677 42217472.0
3678 42217472.0
3679 42217472.0
3680 42217472.0
3681 42217472.0
3682 42217472.0
3683 42217472.0
3684 42217472.0
3685 42217472.0
3686 42217472.0
3687 42217472.0
3688 42217472.0
3689 42217472.0
3690 42217472.0
3691 42217472.0
3692 42217472.0
3693 42217472.0
3694 42217472.0
3695 42217472.0
3696 42217472.0
3697 42217472.0
3698 42217472.0
3699 42217472.0
3700 42217472.0
3701 42217472.0
3702 42217472.0
3703 42217472.0
3704 42217472.0
3705 42217472.0
3706 42217472.0
3707 42217472.0
3708 42217472.0
3709 42217472.0
3710 42217472.0
3711 42217472.0
3712 42217472.0
3713 42217472.0
3714 42217472.0
3715 42217472.0
3716 42217472.0
3717 42217472.0
3718 42217472.0
3719 42217472.0
3720 42217472.0
3721 42217472.0
3722 42217472.0
3723 42217472.0
3724 42217472.0
3725 42217472.0
3726 42217472.0
3727 42217472.0
3728 42217472.0
3729 42217472.0
3730 42217472.0
3731 42217472.0
3732 42217472.0
3733 42217472.0
3734 42217472.0
3735 42217472.0
3736 42217472.0
3737 42217472.0
3738 42217472.0
3739 42217472.0
3740 42217472.0
3741 42217472.0
3742 42217472.0
3743 42217472.0
3744 42217472.0
3745 42217472.0
3746 42217472.0
3747 42217472.0
3748 42217472.0
3749 42217472.0
3750 42217472.0
3751 42217472.0
3752 42217472.0
3753 42217472.0
3754 42217472.0
3755 42217472.0
3756 42217472.0
3757 42217472.0
3758 42217472.0
3759 42217472.0
3760 42217472.0
3761 42217472.0
3762 42217472.0
3763 42217472.0
3764 42217472.0
3765 42217472.0
