0 4554752.0
1 4554752.0
2 38110121984.0
3 38121259008.0
4 38190465024.0
5 38194749440.0
6 38539751424.0
7 38539751424.0
8 38539751424.0
9 38539751424.0
10 38539751424.0
11 38539751424.0
12 38539751424.0
13 38539751424.0
14 38539751424.0
15 38539751424.0
16 38678171648.0
17 38678171648.0
18 38678171648.0
19 38678171648.0
20 38678171648.0
21 38678171648.0
22 38678171648.0
23 38678171648.0
24 38678171648.0
25 38678171648.0
26 38678171648.0
27 38678171648.0
28 38678171648.0
29 38678171648.0
30 38678171648.0
31 38678171648.0
32 38678171648.0
33 38678171648.0
34 38678171648.0
35 38678171648.0
36 38678171648.0
37 38678171648.0
38 38678171648.0
39 38678171648.0
40 38678171648.0
41 38678171648.0
42 38678171648.0
43 38678171648.0
44 38678171648.0
45 38678171648.0
46 38678171648.0
47 38678171648.0
48 38678171648.0
49 38678171648.0
50 38678171648.0
51 38678171648.0
52 38748430336.0
53 38816591872.0
54 38816591872.0
55 38816591872.0
56 38816591872.0
57 38952914944.0
58 39293722624.0
59 39293722624.0
60 39293722624.0
61 39293722624.0
62 39293722624.0
63 39293722624.0
64 39293722624.0
65 39293722624.0
66 39293722624.0
67 39293722624.0
68 39361884160.0
69 39361884160.0
70 39361884160.0
71 39361884160.0
72 39361884160.0
73 39361884160.0
74 39361884160.0
75 39361884160.0
76 39361884160.0
77 39361884160.0
78 39361884160.0
79 39361884160.0
80 39361884160.0
81 39361884160.0
82 39361884160.0
83 39361884160.0
84 39361884160.0
85 39361884160.0
86 39361884160.0
87 39361884160.0
88 39361884160.0
89 39361884160.0
90 39361884160.0
91 39361884160.0
92 39361884160.0
93 39361884160.0
94 39361884160.0
95 39361884160.0
96 39361884160.0
97 39361884160.0
98 39361884160.0
99 39361884160.0
100 39361884160.0
101 39361884160.0
102 39361884160.0
103 39361884160.0
104 39361884160.0
105 39361884160.0
106 39361884160.0
107 39361884160.0
108 39361884160.0
109 39430045696.0
110 39430045696.0
111 39430045696.0
112 39430045696.0
113 39430045696.0
114 39430045696.0
115 39430045696.0
116 39430045696.0
117 39430045696.0
118 39430045696.0
119 39634530304.0
120 39634530304.0
121 39634530304.0
122 39634530304.0
123 39634530304.0
124 39634530304.0
125 39634530304.0
126 39634530304.0
127 39634530304.0
128 39634530304.0
129 39634530304.0
130 39634530304.0
131 39634530304.0
132 39634530304.0
133 39634530304.0
134 39634530304.0
135 39634530304.0
136 39634530304.0
137 39634530304.0
138 39634530304.0
139 39770853376.0
140 39770853376.0
141 39770853376.0
142 39770853376.0
143 39770853376.0
144 39770853376.0
145 39770853376.0
146 39770853376.0
147 39770853376.0
148 39770853376.0
149 39770853376.0
150 39770853376.0
151 39770853376.0
152 39770853376.0
153 39770853376.0
154 39770853376.0
155 39770853376.0
156 39770853376.0
157 39770853376.0
158 39770853376.0
159 39770853376.0
160 39770853376.0
161 39770853376.0
162 39770853376.0
163 39770853376.0
164 39770853376.0
165 39770853376.0
166 39770853376.0
167 39770853376.0
168 39770853376.0
169 39772950528.0
170 39772950528.0
171 39772950528.0
172 39772950528.0
173 39772950528.0
174 39772950528.0
175 39772950528.0
176 39772950528.0
177 39772950528.0
178 39772950528.0
179 39772950528.0
180 39772950528.0
181 39772950528.0
182 39772950528.0
183 39772950528.0
184 39772950528.0
185 39772950528.0
186 39772950528.0
187 39772950528.0
188 39772950528.0
189 39772950528.0
190 39772950528.0
191 39772950528.0
192 39772950528.0
193 39772950528.0
194 39772950528.0
195 39772950528.0
196 39772950528.0
197 39772950528.0
198 39772950528.0
199 39772950528.0
200 39772950528.0
201 39772950528.0
202 39772950528.0
203 39772950528.0
204 39772950528.0
205 39772950528.0
206 39772950528.0
207 39772950528.0
208 39772950528.0
209 39772950528.0
210 39772950528.0
211 39772950528.0
212 39772950528.0
213 39772950528.0
214 39772950528.0
215 39772950528.0
216 39772950528.0
217 39772950528.0
218 39772950528.0
219 39772950528.0
220 39772950528.0
221 39772950528.0
222 39772950528.0
223 39772950528.0
224 39772950528.0
225 39772950528.0
226 39772950528.0
227 39772950528.0
228 39772950528.0
229 39772950528.0
230 39772950528.0
231 39772950528.0
232 39772950528.0
233 39772950528.0
234 39772950528.0
235 39772950528.0
236 39772950528.0
237 39772950528.0
238 39772950528.0
239 39772950528.0
240 39841112064.0
241 39841112064.0
242 39841112064.0
243 39841112064.0
244 39841112064.0
245 39841112064.0
246 39841112064.0
247 39841112064.0
248 39841112064.0
249 39841112064.0
250 39841112064.0
251 39841112064.0
252 39841112064.0
253 39841112064.0
254 39841112064.0
255 39841112064.0
256 39841112064.0
257 39841112064.0
258 39841112064.0
259 39841112064.0
260 39841112064.0
261 39841112064.0
262 39841112064.0
263 39841112064.0
264 39841112064.0
265 39841112064.0
266 39841112064.0
267 39841112064.0
268 39841112064.0
269 39841112064.0
270 39841112064.0
271 39841112064.0
272 39841112064.0
273 39841112064.0
274 39841112064.0
275 39841112064.0
276 39841112064.0
277 39841112064.0
278 39841112064.0
279 39841112064.0
280 39841112064.0
281 39841112064.0
282 39841112064.0
283 39841112064.0
284 39841112064.0
285 39841112064.0
286 39841112064.0
287 39841112064.0
288 39841112064.0
289 39841112064.0
290 39841112064.0
291 39841112064.0
292 39841112064.0
293 39841112064.0
294 39841112064.0
295 39841112064.0
296 39841112064.0
297 39841112064.0
298 39841112064.0
299 39841112064.0
300 39841112064.0
301 39841112064.0
302 39841112064.0
303 39841112064.0
304 39841112064.0
305 39841112064.0
306 39841112064.0
307 39841112064.0
308 39841112064.0
309 39841112064.0
310 39841112064.0
311 39841112064.0
312 39841112064.0
313 39841112064.0
314 39841112064.0
315 39841112064.0
316 39841112064.0
317 39841112064.0
318 39841112064.0
319 39841112064.0
320 39841112064.0
321 39841112064.0
322 39841112064.0
323 39841112064.0
324 39841112064.0
325 39841112064.0
326 39841112064.0
327 39841112064.0
328 39841112064.0
329 39841112064.0
330 39841112064.0
331 39841112064.0
332 39841112064.0
333 39841112064.0
334 39841112064.0
335 39841112064.0
336 39841112064.0
337 39841112064.0
338 39841112064.0
339 39841112064.0
340 39841112064.0
341 39841112064.0
342 39841112064.0
343 39841112064.0
344 39841112064.0
345 39841112064.0
346 39841112064.0
347 39841112064.0
348 39841112064.0
349 39841112064.0
350 39841112064.0
351 39841112064.0
352 39841112064.0
353 39841112064.0
354 39841112064.0
355 39841112064.0
356 39841112064.0
357 39841112064.0
358 39841112064.0
359 39841112064.0
360 39841112064.0
361 39841112064.0
362 39841112064.0
363 39841112064.0
364 39841112064.0
365 39841112064.0
366 39841112064.0
367 39841112064.0
368 39841112064.0
369 39841112064.0
370 39841112064.0
371 39841112064.0
372 39841112064.0
373 39841112064.0
374 39841112064.0
375 39841112064.0
376 39841112064.0
377 39841112064.0
378 39841112064.0
379 39841112064.0
380 39841112064.0
381 39841112064.0
382 39841112064.0
383 39841112064.0
384 39841112064.0
385 39841112064.0
386 39841112064.0
387 39841112064.0
388 39841112064.0
389 39841112064.0
390 39841112064.0
391 39841112064.0
392 39841112064.0
393 39841112064.0
394 39841112064.0
395 39841112064.0
396 39841112064.0
397 39841112064.0
398 39841112064.0
399 39841112064.0
400 39841112064.0
401 39841112064.0
402 39841112064.0
403 39841112064.0
404 39841112064.0
405 39841112064.0
406 39841112064.0
407 39841112064.0
408 39841112064.0
409 39841112064.0
410 39841112064.0
411 39841112064.0
412 39841112064.0
413 39841112064.0
414 39841112064.0
415 39841112064.0
416 39841112064.0
417 39841112064.0
418 39841112064.0
419 39841112064.0
420 39841112064.0
421 39841112064.0
422 39841112064.0
423 39841112064.0
424 39841112064.0
425 39841112064.0
426 39841112064.0
427 39841112064.0
428 39841112064.0
429 39841112064.0
430 39841112064.0
431 39841112064.0
432 39841112064.0
433 39841112064.0
434 39841112064.0
435 39841112064.0
436 39841112064.0
437 39841112064.0
438 39841112064.0
439 39841112064.0
440 39841112064.0
441 39841112064.0
442 39841112064.0
443 39841112064.0
444 39841112064.0
445 39841112064.0
446 39841112064.0
447 39841112064.0
448 39841112064.0
449 39841112064.0
450 39841112064.0
451 39841112064.0
452 39841112064.0
453 39841112064.0
454 39841112064.0
455 39841112064.0
456 39841112064.0
457 39841112064.0
458 39841112064.0
459 39841112064.0
460 39841112064.0
461 39841112064.0
462 39841112064.0
463 39841112064.0
464 39841112064.0
465 39841112064.0
466 39841112064.0
467 39841112064.0
468 39841112064.0
469 39841112064.0
470 39841112064.0
471 39841112064.0
472 39841112064.0
473 39841112064.0
474 39841112064.0
475 39841112064.0
476 39841112064.0
477 39841112064.0
478 39841112064.0
479 39841112064.0
480 39841112064.0
481 39841112064.0
482 39841112064.0
483 39841112064.0
484 39841112064.0
485 39841112064.0
486 39841112064.0
487 39841112064.0
488 39841112064.0
489 39841112064.0
490 39841112064.0
491 39841112064.0
492 39841112064.0
493 39841112064.0
494 39841112064.0
495 39841112064.0
496 39841112064.0
497 39841112064.0
498 39841112064.0
499 39841112064.0
500 39841112064.0
501 39841112064.0
502 39841112064.0
503 39841112064.0
504 39841112064.0
505 39841112064.0
506 39841112064.0
507 39841112064.0
508 39841112064.0
509 39841112064.0
510 39841112064.0
511 39841112064.0
512 39841112064.0
513 39841112064.0
514 39841112064.0
515 39841112064.0
516 39841112064.0
517 39841112064.0
518 39841112064.0
519 39841112064.0
520 39841112064.0
521 39841112064.0
522 39841112064.0
523 39841112064.0
524 39841112064.0
525 39841112064.0
526 39841112064.0
527 39841112064.0
528 39841112064.0
529 39841112064.0
530 39841112064.0
531 39841112064.0
532 39841112064.0
533 39841112064.0
534 39841112064.0
535 39841112064.0
536 39841112064.0
537 39841112064.0
538 39841112064.0
539 39841112064.0
540 39841112064.0
541 39841112064.0
542 39841112064.0
543 39841112064.0
544 39841112064.0
545 39841112064.0
546 39841112064.0
547 39841112064.0
548 39841112064.0
549 39841112064.0
550 39841112064.0
551 39841112064.0
552 39841112064.0
553 39841112064.0
554 39841112064.0
555 39841112064.0
556 39841112064.0
557 39841112064.0
558 39841112064.0
559 39841112064.0
560 39841112064.0
561 39841112064.0
562 39841112064.0
563 39841112064.0
564 39841112064.0
565 39841112064.0
566 39841112064.0
567 39841112064.0
568 39841112064.0
569 39841112064.0
570 39841112064.0
571 39841112064.0
572 39841112064.0
573 39841112064.0
574 39841112064.0
575 39841112064.0
576 39841112064.0
577 39841112064.0
578 39841112064.0
579 39841112064.0
580 39841112064.0
581 39841112064.0
582 39841112064.0
583 39841112064.0
584 39841112064.0
585 39841112064.0
586 39841112064.0
587 39841112064.0
588 39841112064.0
589 39841112064.0
590 39841112064.0
591 39841112064.0
592 39841112064.0
593 39841112064.0
594 39841112064.0
595 39841112064.0
596 39841112064.0
597 39841112064.0
598 39841112064.0
599 39841112064.0
600 39841112064.0
601 39841112064.0
602 39841112064.0
603 39841112064.0
604 39841112064.0
605 39841112064.0
606 39841112064.0
607 39841112064.0
608 39841112064.0
609 39841112064.0
610 39841112064.0
611 39841112064.0
612 39841112064.0
613 39841112064.0
614 39841112064.0
615 39841112064.0
616 39841112064.0
617 39841112064.0
618 39841112064.0
619 39841112064.0
620 39841112064.0
621 39841112064.0
622 39841112064.0
623 39841112064.0
624 39841112064.0
625 39841112064.0
626 39841112064.0
627 39841112064.0
628 39841112064.0
629 39841112064.0
630 39841112064.0
631 39841112064.0
632 39841112064.0
633 39841112064.0
634 39841112064.0
635 39841112064.0
636 39841112064.0
637 39841112064.0
638 39841112064.0
639 39841112064.0
640 39841112064.0
641 39841112064.0
642 39841112064.0
643 39841112064.0
644 39841112064.0
645 39841112064.0
646 39841112064.0
647 39841112064.0
648 39841112064.0
649 39841112064.0
650 39841112064.0
651 39841112064.0
652 39841112064.0
653 39841112064.0
654 39841112064.0
655 39841112064.0
656 39841112064.0
657 39841112064.0
658 39841112064.0
659 39841112064.0
660 39841112064.0
661 39841112064.0
662 39841112064.0
663 39841112064.0
664 39841112064.0
665 39841112064.0
666 39841112064.0
667 39841112064.0
668 39841112064.0
669 39841112064.0
670 39841112064.0
671 39841112064.0
672 39841112064.0
673 39841112064.0
674 39841112064.0
675 39841112064.0
676 39841112064.0
677 39841112064.0
678 39841112064.0
679 39841112064.0
680 39841112064.0
681 39841112064.0
682 39841112064.0
683 39841112064.0
684 39841112064.0
685 39841112064.0
686 39841112064.0
687 39841112064.0
688 39841112064.0
689 39841112064.0
690 39841112064.0
691 39841112064.0
692 39841112064.0
693 39841112064.0
694 39841112064.0
695 39841112064.0
696 39841112064.0
697 39841112064.0
698 39841112064.0
699 39841112064.0
700 39841112064.0
701 39841112064.0
702 39841112064.0
703 39841112064.0
704 39841112064.0
705 39841112064.0
706 39841112064.0
707 39841112064.0
708 39841112064.0
709 39841112064.0
710 39841112064.0
711 39841112064.0
712 39841112064.0
713 39841112064.0
714 39841112064.0
715 39841112064.0
716 39841112064.0
717 39841112064.0
718 39841112064.0
719 39841112064.0
720 39841112064.0
721 39841112064.0
722 39841112064.0
723 39841112064.0
724 39841112064.0
725 39841112064.0
726 39841112064.0
727 39841112064.0
728 39841112064.0
729 39841112064.0
730 39841112064.0
731 39841112064.0
732 39841112064.0
733 39841112064.0
734 39841112064.0
735 39841112064.0
736 39841112064.0
737 39841112064.0
738 39841112064.0
739 39841112064.0
740 39841112064.0
741 39841112064.0
742 39841112064.0
743 39841112064.0
744 39841112064.0
745 39841112064.0
746 39841112064.0
747 39841112064.0
748 39841112064.0
749 39841112064.0
750 39841112064.0
751 39841112064.0
752 39841112064.0
753 39841112064.0
754 39841112064.0
755 39841112064.0
756 39841112064.0
757 39841112064.0
758 39841112064.0
759 39841112064.0
760 39841112064.0
761 39841112064.0
762 39841112064.0
763 39841112064.0
764 39841112064.0
765 39841112064.0
766 39841112064.0
767 39841112064.0
768 39841112064.0
769 39841112064.0
770 39841112064.0
771 39841112064.0
772 39841112064.0
773 39841112064.0
774 39841112064.0
775 39841112064.0
776 39841112064.0
777 39841112064.0
778 39841112064.0
779 39841112064.0
780 39841112064.0
781 39841112064.0
782 39841112064.0
783 39841112064.0
784 39841112064.0
785 39841112064.0
786 39841112064.0
787 39841112064.0
788 39841112064.0
789 39841112064.0
790 39841112064.0
791 39841112064.0
792 39841112064.0
793 39841112064.0
794 39841112064.0
795 39841112064.0
796 39841112064.0
797 39841112064.0
798 39841112064.0
799 39841112064.0
800 39841112064.0
801 39841112064.0
802 39841112064.0
803 39841112064.0
804 39841112064.0
805 39841112064.0
806 39841112064.0
807 39841112064.0
808 39841112064.0
809 39841112064.0
810 39841112064.0
811 39841112064.0
812 39841112064.0
813 39841112064.0
814 39841112064.0
815 39841112064.0
816 39841112064.0
817 39841112064.0
818 39841112064.0
819 39841112064.0
820 39841112064.0
821 39841112064.0
822 39841112064.0
823 39841112064.0
824 39841112064.0
825 39841112064.0
826 39841112064.0
827 39841112064.0
828 39841112064.0
829 39841112064.0
830 39841112064.0
831 39841112064.0
832 39841112064.0
833 39841112064.0
834 39841112064.0
835 39841112064.0
836 39841112064.0
837 39841112064.0
838 39841112064.0
839 39841112064.0
840 39841112064.0
841 39841112064.0
842 39841112064.0
843 39841112064.0
844 39841112064.0
845 39841112064.0
846 39841112064.0
847 39841112064.0
848 39841112064.0
849 39841112064.0
850 39841112064.0
851 39841112064.0
852 39841112064.0
853 39841112064.0
854 39841112064.0
855 39841112064.0
856 39841112064.0
857 39841112064.0
858 39841112064.0
859 39841112064.0
860 39841112064.0
861 39841112064.0
862 39841112064.0
863 39841112064.0
864 39841112064.0
865 39841112064.0
866 39841112064.0
867 39841112064.0
868 39841112064.0
869 39841112064.0
870 39841112064.0
871 39841112064.0
872 39841112064.0
873 39841112064.0
874 39841112064.0
875 39841112064.0
876 39841112064.0
877 39841112064.0
878 39841112064.0
879 39841112064.0
880 39841112064.0
881 39841112064.0
882 39841112064.0
883 39841112064.0
884 39841112064.0
885 39841112064.0
886 39841112064.0
887 39841112064.0
888 39841112064.0
889 39841112064.0
890 39841112064.0
891 39841112064.0
892 39841112064.0
893 39841112064.0
894 39841112064.0
895 39841112064.0
896 39841112064.0
897 39841112064.0
898 39841112064.0
899 39841112064.0
900 39841112064.0
901 39841112064.0
902 39841112064.0
903 39841112064.0
904 39841112064.0
905 39841112064.0
906 39841112064.0
907 39841112064.0
908 39841112064.0
909 39841112064.0
910 39841112064.0
911 39841112064.0
912 39841112064.0
913 39841112064.0
914 39841112064.0
915 39841112064.0
916 39841112064.0
917 39841112064.0
918 39841112064.0
919 39841112064.0
920 39841112064.0
921 39841112064.0
922 39841112064.0
923 39841112064.0
924 39841112064.0
925 39841112064.0
926 39841112064.0
927 39841112064.0
928 39841112064.0
929 39841112064.0
930 39841112064.0
931 39841112064.0
932 39841112064.0
933 39841112064.0
934 39841112064.0
935 39841112064.0
936 39841112064.0
937 39841112064.0
938 39841112064.0
939 39841112064.0
940 39841112064.0
941 39841112064.0
942 39841112064.0
943 39841112064.0
944 39841112064.0
945 39841112064.0
946 39841112064.0
947 39841112064.0
948 39841112064.0
949 39841112064.0
950 39841112064.0
951 39841112064.0
952 39841112064.0
953 39841112064.0
954 39841112064.0
955 39841112064.0
956 39841112064.0
957 39841112064.0
958 39841112064.0
959 39841112064.0
960 39841112064.0
961 39841112064.0
962 39841112064.0
963 39841112064.0
964 39841112064.0
965 39841112064.0
966 39841112064.0
967 39841112064.0
968 39841112064.0
969 39841112064.0
970 39841112064.0
971 39841112064.0
972 39841112064.0
973 39841112064.0
974 39841112064.0
975 39841112064.0
976 39841112064.0
977 39841112064.0
978 39841112064.0
979 39841112064.0
980 39841112064.0
981 39841112064.0
982 39841112064.0
983 39841112064.0
984 39841112064.0
985 39841112064.0
986 39841112064.0
987 39841112064.0
988 39841112064.0
989 39841112064.0
990 39841112064.0
991 39841112064.0
992 39841112064.0
993 39841112064.0
994 39841112064.0
995 39841112064.0
996 39841112064.0
997 39841112064.0
998 39841112064.0
999 39841112064.0
1000 39841112064.0
1001 39841112064.0
1002 39841112064.0
1003 39841112064.0
1004 39841112064.0
1005 39841112064.0
1006 39841112064.0
1007 39841112064.0
1008 39841112064.0
1009 39841112064.0
1010 39841112064.0
1011 39841112064.0
1012 39841112064.0
1013 39841112064.0
1014 39841112064.0
1015 39841112064.0
1016 39841112064.0
1017 39841112064.0
1018 39841112064.0
1019 39841112064.0
1020 39841112064.0
1021 39841112064.0
1022 39841112064.0
1023 39841112064.0
1024 39841112064.0
1025 39841112064.0
1026 39841112064.0
1027 39841112064.0
1028 39841112064.0
1029 39841112064.0
1030 39841112064.0
1031 39841112064.0
1032 39841112064.0
1033 39841112064.0
1034 39841112064.0
1035 39841112064.0
1036 39841112064.0
1037 39841112064.0
1038 39841112064.0
1039 39841112064.0
1040 39841112064.0
1041 39841112064.0
1042 39841112064.0
1043 39841112064.0
1044 39841112064.0
1045 39841112064.0
1046 39841112064.0
1047 39841112064.0
1048 39841112064.0
1049 39841112064.0
1050 39841112064.0
1051 39841112064.0
1052 39841112064.0
1053 39841112064.0
1054 39841112064.0
1055 39841112064.0
1056 39841112064.0
1057 39841112064.0
1058 39841112064.0
1059 39841112064.0
1060 39841112064.0
1061 39841112064.0
1062 39841112064.0
1063 39841112064.0
1064 39841112064.0
1065 39841112064.0
1066 39841112064.0
1067 39841112064.0
1068 39841112064.0
1069 39841112064.0
1070 39841112064.0
1071 39841112064.0
1072 39841112064.0
1073 39841112064.0
1074 39841112064.0
1075 39841112064.0
1076 39841112064.0
1077 39841112064.0
1078 39841112064.0
1079 39841112064.0
1080 39841112064.0
1081 39841112064.0
1082 39841112064.0
1083 39841112064.0
1084 39841112064.0
1085 39841112064.0
1086 39841112064.0
1087 39841112064.0
1088 39841112064.0
1089 39841112064.0
1090 39841112064.0
1091 39841112064.0
1092 39841112064.0
1093 39841112064.0
1094 39841112064.0
1095 39841112064.0
1096 39841112064.0
1097 39841112064.0
1098 39841112064.0
1099 39841112064.0
1100 39841112064.0
1101 39841112064.0
1102 39841112064.0
1103 39841112064.0
1104 39841112064.0
1105 39841112064.0
1106 39841112064.0
1107 39841112064.0
1108 39841112064.0
1109 39841112064.0
1110 39841112064.0
1111 39841112064.0
1112 39841112064.0
1113 39841112064.0
1114 39841112064.0
1115 39841112064.0
1116 39841112064.0
1117 39841112064.0
1118 39841112064.0
1119 39841112064.0
1120 39841112064.0
1121 39841112064.0
1122 39841112064.0
1123 39841112064.0
1124 39841112064.0
1125 39841112064.0
1126 39841112064.0
1127 39841112064.0
1128 39841112064.0
1129 39841112064.0
1130 39841112064.0
1131 39841112064.0
1132 39841112064.0
1133 39841112064.0
1134 39841112064.0
1135 39841112064.0
1136 39841112064.0
1137 39841112064.0
1138 39841112064.0
1139 39841112064.0
1140 39841112064.0
1141 39841112064.0
1142 39841112064.0
1143 39841112064.0
1144 39841112064.0
1145 39841112064.0
1146 39841112064.0
1147 39841112064.0
1148 39841112064.0
1149 39841112064.0
1150 39841112064.0
1151 39841112064.0
1152 39841112064.0
1153 39841112064.0
1154 39841112064.0
1155 39841112064.0
1156 39841112064.0
1157 39841112064.0
1158 39841112064.0
1159 39841112064.0
1160 39841112064.0
1161 39841112064.0
1162 39841112064.0
1163 39841112064.0
1164 39841112064.0
1165 39841112064.0
1166 39841112064.0
1167 39841112064.0
1168 39841112064.0
1169 39841112064.0
1170 39841112064.0
1171 39841112064.0
1172 39841112064.0
1173 39841112064.0
1174 39841112064.0
1175 39841112064.0
1176 39841112064.0
1177 39841112064.0
1178 39841112064.0
1179 39841112064.0
1180 39841112064.0
1181 39841112064.0
1182 39841112064.0
1183 39841112064.0
1184 39841112064.0
1185 39841112064.0
1186 39841112064.0
1187 39841112064.0
1188 39841112064.0
1189 39841112064.0
1190 39841112064.0
1191 39841112064.0
1192 39841112064.0
1193 39841112064.0
1194 39841112064.0
1195 39841112064.0
1196 39841112064.0
1197 39841112064.0
1198 39841112064.0
1199 39841112064.0
1200 39841112064.0
1201 39841112064.0
1202 39841112064.0
1203 39841112064.0
1204 39841112064.0
1205 39841112064.0
1206 39841112064.0
1207 39841112064.0
1208 39841112064.0
1209 39841112064.0
1210 39841112064.0
1211 39841112064.0
1212 39841112064.0
1213 39841112064.0
1214 39841112064.0
1215 39841112064.0
1216 39841112064.0
1217 39841112064.0
1218 39841112064.0
1219 39841112064.0
1220 39841112064.0
1221 39841112064.0
1222 39841112064.0
1223 39841112064.0
1224 39841112064.0
1225 39841112064.0
1226 39841112064.0
1227 39841112064.0
1228 39841112064.0
1229 39841112064.0
1230 39841112064.0
1231 39841112064.0
1232 39841112064.0
1233 39841112064.0
1234 39841112064.0
1235 39841112064.0
1236 39841112064.0
1237 39841112064.0
1238 39841112064.0
1239 39841112064.0
1240 39841112064.0
1241 39841112064.0
1242 39841112064.0
1243 39841112064.0
1244 39841112064.0
1245 39841112064.0
1246 39841112064.0
1247 39841112064.0
1248 39841112064.0
1249 39841112064.0
1250 39841112064.0
1251 39841112064.0
1252 39841112064.0
1253 39841112064.0
1254 39841112064.0
1255 39841112064.0
1256 39841112064.0
1257 39841112064.0
1258 39841112064.0
1259 39841112064.0
1260 39841112064.0
1261 39841112064.0
1262 39841112064.0
1263 39841112064.0
1264 39841112064.0
1265 39841112064.0
1266 39841112064.0
1267 39841112064.0
1268 39841112064.0
1269 39841112064.0
1270 39841112064.0
1271 39841112064.0
1272 39841112064.0
1273 39841112064.0
1274 39841112064.0
1275 39841112064.0
1276 39841112064.0
1277 39841112064.0
1278 39841112064.0
1279 39841112064.0
1280 39841112064.0
1281 39841112064.0
1282 39841112064.0
1283 39841112064.0
1284 39841112064.0
1285 39841112064.0
1286 39841112064.0
1287 39841112064.0
1288 39841112064.0
1289 39841112064.0
1290 39841112064.0
1291 39841112064.0
1292 39841112064.0
1293 39841112064.0
1294 39841112064.0
1295 39841112064.0
1296 39841112064.0
1297 39841112064.0
1298 39841112064.0
1299 39841112064.0
1300 39841112064.0
1301 39841112064.0
1302 39841112064.0
1303 39841112064.0
1304 39841112064.0
1305 39841112064.0
1306 39841112064.0
1307 39841112064.0
1308 39841112064.0
1309 39841112064.0
1310 39841112064.0
1311 39841112064.0
1312 39841112064.0
1313 39841112064.0
1314 39841112064.0
1315 39841112064.0
1316 39841112064.0
1317 39841112064.0
1318 39841112064.0
1319 39841112064.0
1320 39841112064.0
1321 39841112064.0
1322 39841112064.0
1323 39841112064.0
1324 39841112064.0
1325 39841112064.0
1326 39841112064.0
1327 39841112064.0
1328 39841112064.0
1329 39841112064.0
1330 39841112064.0
1331 39841112064.0
1332 39841112064.0
1333 39841112064.0
1334 39841112064.0
1335 39841112064.0
1336 39841112064.0
1337 39841112064.0
1338 39841112064.0
1339 39841112064.0
1340 39841112064.0
1341 39841112064.0
1342 39841112064.0
1343 39841112064.0
1344 39841112064.0
1345 39841112064.0
1346 39841112064.0
1347 39841112064.0
1348 39841112064.0
1349 39841112064.0
1350 39841112064.0
1351 39841112064.0
1352 39841112064.0
1353 39841112064.0
1354 39841112064.0
1355 39841112064.0
1356 39841112064.0
1357 39841112064.0
1358 39841112064.0
1359 39841112064.0
1360 39841112064.0
1361 39841112064.0
1362 39841112064.0
1363 39841112064.0
1364 39841112064.0
1365 39841112064.0
1366 39841112064.0
1367 39841112064.0
1368 39841112064.0
1369 39841112064.0
1370 39841112064.0
1371 39841112064.0
1372 39841112064.0
1373 39841112064.0
1374 39841112064.0
1375 39841112064.0
1376 39841112064.0
1377 39841112064.0
1378 39841112064.0
1379 39841112064.0
1380 39841112064.0
1381 39841112064.0
1382 39841112064.0
1383 39841112064.0
1384 39841112064.0
1385 39841112064.0
1386 39841112064.0
1387 39841112064.0
1388 39841112064.0
1389 39841112064.0
1390 39841112064.0
1391 39841112064.0
1392 39841112064.0
1393 39841112064.0
1394 39841112064.0
1395 39841112064.0
1396 39841112064.0
1397 39841112064.0
1398 39841112064.0
1399 39841112064.0
1400 39841112064.0
1401 39841112064.0
1402 39841112064.0
1403 39841112064.0
1404 39841112064.0
1405 39841112064.0
1406 39841112064.0
1407 39841112064.0
1408 39841112064.0
1409 39841112064.0
1410 39841112064.0
1411 39841112064.0
1412 39841112064.0
1413 39841112064.0
1414 39841112064.0
1415 39841112064.0
1416 39841112064.0
1417 39841112064.0
1418 39841112064.0
1419 39841112064.0
1420 39841112064.0
1421 39841112064.0
1422 39841112064.0
1423 39841112064.0
1424 39841112064.0
1425 39841112064.0
1426 39841112064.0
1427 39841112064.0
1428 39841112064.0
1429 39841112064.0
1430 39841112064.0
1431 39841112064.0
1432 39841112064.0
1433 39841112064.0
1434 39841112064.0
1435 39841112064.0
1436 39841112064.0
1437 39841112064.0
1438 39841112064.0
1439 39841112064.0
1440 39841112064.0
1441 39841112064.0
1442 39841112064.0
1443 39841112064.0
1444 39841112064.0
1445 39841112064.0
1446 39841112064.0
1447 39841112064.0
1448 39841112064.0
1449 39841112064.0
1450 39841112064.0
1451 39841112064.0
1452 39841112064.0
1453 39841112064.0
1454 39841112064.0
1455 39841112064.0
1456 39841112064.0
1457 39841112064.0
1458 39841112064.0
1459 39841112064.0
1460 39841112064.0
1461 39841112064.0
1462 39841112064.0
1463 39841112064.0
1464 39841112064.0
1465 39841112064.0
1466 39841112064.0
1467 39841112064.0
1468 39841112064.0
1469 39841112064.0
1470 39841112064.0
1471 39841112064.0
1472 39841112064.0
1473 39841112064.0
1474 39841112064.0
1475 39841112064.0
1476 39841112064.0
1477 39841112064.0
1478 39841112064.0
1479 39841112064.0
1480 39841112064.0
1481 39841112064.0
1482 39841112064.0
1483 39841112064.0
1484 39841112064.0
1485 39841112064.0
1486 39841112064.0
1487 39841112064.0
1488 39841112064.0
1489 39841112064.0
1490 39841112064.0
1491 39841112064.0
1492 39841112064.0
1493 39841112064.0
1494 39841112064.0
1495 39841112064.0
1496 39841112064.0
1497 39841112064.0
1498 39841112064.0
1499 39841112064.0
1500 39841112064.0
1501 39841112064.0
1502 39841112064.0
1503 39841112064.0
1504 39841112064.0
1505 39841112064.0
1506 39841112064.0
1507 39841112064.0
1508 39841112064.0
1509 39841112064.0
1510 39841112064.0
1511 39841112064.0
1512 39841112064.0
1513 39841112064.0
1514 39841112064.0
1515 39841112064.0
1516 39841112064.0
1517 39841112064.0
1518 39841112064.0
1519 39841112064.0
1520 39841112064.0
1521 39841112064.0
1522 39841112064.0
1523 39841112064.0
1524 39841112064.0
1525 39841112064.0
1526 39841112064.0
1527 39841112064.0
1528 39841112064.0
1529 39841112064.0
1530 39841112064.0
1531 39841112064.0
1532 39841112064.0
1533 39841112064.0
1534 39841112064.0
1535 39841112064.0
1536 39841112064.0
1537 39841112064.0
1538 39841112064.0
1539 39841112064.0
1540 39841112064.0
1541 39841112064.0
1542 39841112064.0
1543 39841112064.0
1544 39841112064.0
1545 39841112064.0
1546 39841112064.0
1547 39841112064.0
1548 39841112064.0
1549 39841112064.0
1550 39841112064.0
1551 39841112064.0
1552 39841112064.0
1553 39841112064.0
1554 39841112064.0
1555 39841112064.0
1556 39841112064.0
1557 39841112064.0
1558 39841112064.0
1559 39841112064.0
1560 39841112064.0
1561 39841112064.0
1562 39841112064.0
1563 39841112064.0
1564 39841112064.0
1565 39841112064.0
1566 39841112064.0
1567 39841112064.0
1568 39841112064.0
1569 39841112064.0
1570 39841112064.0
1571 39841112064.0
1572 39841112064.0
1573 39841112064.0
1574 39841112064.0
1575 39841112064.0
1576 39841112064.0
1577 39841112064.0
1578 39841112064.0
1579 39841112064.0
1580 39841112064.0
1581 39841112064.0
1582 39841112064.0
1583 39841112064.0
1584 39841112064.0
1585 39841112064.0
1586 39841112064.0
1587 39841112064.0
1588 39841112064.0
1589 39841112064.0
1590 39841112064.0
1591 39841112064.0
1592 39841112064.0
1593 39841112064.0
1594 39841112064.0
1595 39841112064.0
1596 39841112064.0
1597 39841112064.0
1598 39841112064.0
1599 39841112064.0
1600 39841112064.0
1601 39841112064.0
1602 39841112064.0
1603 39841112064.0
1604 39841112064.0
1605 39841112064.0
1606 39841112064.0
1607 39841112064.0
1608 39841112064.0
1609 39841112064.0
1610 39841112064.0
1611 39841112064.0
1612 39841112064.0
1613 39841112064.0
1614 39841112064.0
1615 39841112064.0
1616 39841112064.0
1617 39841112064.0
1618 39841112064.0
1619 39841112064.0
1620 39841112064.0
1621 39841112064.0
1622 39841112064.0
1623 39841112064.0
1624 39841112064.0
1625 39841112064.0
1626 39841112064.0
1627 39841112064.0
1628 39841112064.0
1629 39841112064.0
1630 39841112064.0
1631 39841112064.0
1632 39841112064.0
1633 39841112064.0
1634 39841112064.0
1635 39841112064.0
1636 39841112064.0
1637 39841112064.0
1638 39841112064.0
1639 39841112064.0
1640 39841112064.0
1641 39841112064.0
1642 39841112064.0
1643 39841112064.0
1644 39841112064.0
1645 39841112064.0
1646 39841112064.0
1647 39841112064.0
1648 39841112064.0
1649 39841112064.0
1650 39841112064.0
1651 39841112064.0
1652 39841112064.0
1653 39841112064.0
1654 39841112064.0
1655 39841112064.0
1656 39841112064.0
1657 39841112064.0
1658 39841112064.0
1659 39841112064.0
1660 39841112064.0
1661 39841112064.0
1662 39841112064.0
1663 39841112064.0
1664 39841112064.0
1665 39841112064.0
1666 39841112064.0
1667 39841112064.0
1668 39841112064.0
1669 39841112064.0
1670 39841112064.0
1671 39841112064.0
1672 39841112064.0
1673 39841112064.0
1674 39841112064.0
1675 39841112064.0
1676 39841112064.0
1677 39841112064.0
1678 39841112064.0
1679 39841112064.0
1680 39841112064.0
1681 39841112064.0
1682 39841112064.0
1683 39841112064.0
1684 39841112064.0
1685 39841112064.0
1686 39841112064.0
1687 39841112064.0
1688 39841112064.0
1689 39841112064.0
1690 39841112064.0
1691 39841112064.0
1692 39841112064.0
1693 39841112064.0
1694 39841112064.0
1695 39841112064.0
1696 39841112064.0
1697 39841112064.0
1698 39841112064.0
1699 39841112064.0
1700 39841112064.0
1701 39841112064.0
1702 39841112064.0
1703 39841112064.0
1704 39841112064.0
1705 39841112064.0
1706 39841112064.0
1707 39841112064.0
1708 39841112064.0
1709 39841112064.0
1710 39841112064.0
1711 39841112064.0
1712 39841112064.0
1713 39841112064.0
1714 39841112064.0
1715 39841112064.0
1716 39841112064.0
1717 39841112064.0
1718 39841112064.0
1719 39841112064.0
1720 39841112064.0
1721 39841112064.0
1722 39841112064.0
1723 39841112064.0
1724 39841112064.0
1725 39841112064.0
1726 39841112064.0
1727 39841112064.0
1728 39841112064.0
1729 39841112064.0
1730 39841112064.0
1731 39841112064.0
1732 39841112064.0
1733 39841112064.0
1734 39841112064.0
1735 39841112064.0
1736 39841112064.0
1737 39841112064.0
1738 39841112064.0
1739 39841112064.0
1740 39841112064.0
1741 39841112064.0
1742 39841112064.0
1743 39841112064.0
1744 39841112064.0
1745 39841112064.0
1746 39841112064.0
1747 39841112064.0
1748 39841112064.0
1749 39841112064.0
1750 39841112064.0
1751 39841112064.0
1752 39841112064.0
1753 39841112064.0
1754 39841112064.0
1755 39841112064.0
1756 39841112064.0
1757 39841112064.0
1758 39841112064.0
1759 39841112064.0
1760 39841112064.0
1761 39841112064.0
1762 39841112064.0
1763 39841112064.0
1764 39841112064.0
1765 39841112064.0
1766 39841112064.0
1767 39841112064.0
1768 39841112064.0
1769 39841112064.0
1770 39841112064.0
1771 39841112064.0
1772 39841112064.0
1773 39841112064.0
1774 39841112064.0
1775 39841112064.0
1776 39841112064.0
1777 39841112064.0
1778 39841112064.0
1779 39841112064.0
1780 39841112064.0
1781 39841112064.0
1782 39841112064.0
1783 39841112064.0
1784 39841112064.0
1785 39841112064.0
1786 39841112064.0
1787 39841112064.0
1788 39841112064.0
1789 39841112064.0
1790 39841112064.0
1791 39841112064.0
1792 39841112064.0
1793 39841112064.0
1794 39841112064.0
1795 39841112064.0
1796 39841112064.0
1797 39841112064.0
1798 39841112064.0
1799 39841112064.0
1800 39841112064.0
1801 39841112064.0
1802 39841112064.0
1803 39841112064.0
1804 39841112064.0
1805 39841112064.0
1806 39841112064.0
1807 39841112064.0
1808 39841112064.0
1809 39841112064.0
1810 39841112064.0
1811 39841112064.0
1812 39841112064.0
1813 39841112064.0
1814 39841112064.0
1815 39841112064.0
1816 39841112064.0
1817 39841112064.0
1818 39841112064.0
1819 39841112064.0
1820 39841112064.0
1821 39841112064.0
1822 39841112064.0
1823 39841112064.0
1824 39841112064.0
1825 39841112064.0
1826 39841112064.0
1827 39841112064.0
1828 39841112064.0
1829 39841112064.0
1830 39841112064.0
1831 39841112064.0
1832 39841112064.0
1833 39841112064.0
1834 39841112064.0
1835 39841112064.0
1836 39841112064.0
1837 39841112064.0
1838 39841112064.0
1839 39841112064.0
1840 39841112064.0
1841 39841112064.0
1842 39841112064.0
1843 39841112064.0
1844 39841112064.0
1845 39841112064.0
1846 39841112064.0
1847 39841112064.0
1848 39841112064.0
1849 39841112064.0
1850 39841112064.0
1851 39841112064.0
1852 39841112064.0
1853 39841112064.0
1854 39841112064.0
1855 39841112064.0
1856 39841112064.0
1857 39841112064.0
1858 39841112064.0
1859 39841112064.0
1860 39841112064.0
1861 39841112064.0
1862 39841112064.0
1863 39841112064.0
1864 39841112064.0
1865 39841112064.0
1866 39841112064.0
1867 39841112064.0
1868 39841112064.0
1869 39841112064.0
1870 39841112064.0
1871 39841112064.0
1872 39841112064.0
1873 39841112064.0
1874 39841112064.0
1875 39841112064.0
1876 39841112064.0
1877 39841112064.0
1878 39841112064.0
1879 39841112064.0
1880 39841112064.0
1881 39841112064.0
1882 39841112064.0
1883 39841112064.0
1884 39841112064.0
1885 39841112064.0
1886 39841112064.0
1887 39841112064.0
1888 39841112064.0
1889 39841112064.0
1890 39841112064.0
1891 39841112064.0
1892 39841112064.0
1893 39841112064.0
1894 39841112064.0
1895 39841112064.0
1896 39841112064.0
1897 39841112064.0
1898 39841112064.0
1899 39841112064.0
1900 39841112064.0
1901 39841112064.0
1902 39841112064.0
1903 39841112064.0
1904 39841112064.0
1905 39841112064.0
1906 39841112064.0
1907 39841112064.0
1908 39841112064.0
1909 39841112064.0
1910 39841112064.0
1911 39841112064.0
1912 39841112064.0
1913 39841112064.0
1914 39841112064.0
1915 39841112064.0
1916 39841112064.0
1917 39841112064.0
1918 39841112064.0
1919 39841112064.0
1920 39841112064.0
1921 39841112064.0
1922 39841112064.0
1923 39841112064.0
1924 39841112064.0
1925 39841112064.0
1926 39841112064.0
1927 39841112064.0
1928 39841112064.0
1929 39841112064.0
1930 39841112064.0
1931 39841112064.0
1932 39841112064.0
1933 39841112064.0
1934 39841112064.0
1935 39841112064.0
1936 39841112064.0
1937 39841112064.0
1938 39841112064.0
1939 39841112064.0
1940 39841112064.0
1941 39841112064.0
1942 39841112064.0
1943 39841112064.0
1944 39841112064.0
1945 39841112064.0
1946 39841112064.0
1947 39841112064.0
1948 39841112064.0
1949 39841112064.0
1950 39841112064.0
1951 39841112064.0
1952 39841112064.0
1953 39841112064.0
1954 39841112064.0
1955 39841112064.0
1956 39841112064.0
1957 39841112064.0
1958 39841112064.0
1959 39841112064.0
1960 39841112064.0
1961 39841112064.0
1962 39841112064.0
1963 39841112064.0
1964 39841112064.0
1965 39841112064.0
1966 39841112064.0
1967 39841112064.0
1968 39841112064.0
1969 39841112064.0
1970 39841112064.0
1971 39841112064.0
1972 39841112064.0
1973 39841112064.0
1974 39841112064.0
1975 39841112064.0
1976 39841112064.0
1977 39841112064.0
1978 39841112064.0
1979 39841112064.0
1980 39841112064.0
1981 39841112064.0
1982 39841112064.0
1983 39841112064.0
1984 39841112064.0
1985 39841112064.0
1986 39841112064.0
1987 39841112064.0
1988 39841112064.0
1989 39841112064.0
1990 39841112064.0
1991 39841112064.0
1992 39841112064.0
1993 39841112064.0
1994 39841112064.0
1995 39841112064.0
1996 39841112064.0
1997 39841112064.0
1998 39841112064.0
1999 39841112064.0
2000 39841112064.0
2001 39841112064.0
2002 39841112064.0
2003 39841112064.0
2004 39841112064.0
2005 39841112064.0
2006 39841112064.0
2007 39841112064.0
2008 39841112064.0
2009 39841112064.0
2010 39841112064.0
2011 39841112064.0
2012 39841112064.0
2013 39841112064.0
2014 39841112064.0
2015 39841112064.0
2016 39841112064.0
2017 39841112064.0
2018 39841112064.0
2019 39841112064.0
2020 39841112064.0
2021 39841112064.0
2022 39841112064.0
2023 39841112064.0
2024 39841112064.0
2025 39841112064.0
2026 39841112064.0
2027 39841112064.0
2028 39841112064.0
2029 39841112064.0
2030 39841112064.0
2031 39841112064.0
2032 39841112064.0
2033 39841112064.0
2034 39841112064.0
2035 39841112064.0
2036 39841112064.0
2037 39841112064.0
2038 39841112064.0
2039 39841112064.0
2040 39841112064.0
2041 39841112064.0
2042 39841112064.0
2043 39841112064.0
2044 39841112064.0
2045 39841112064.0
2046 39841112064.0
2047 39841112064.0
2048 39841112064.0
2049 39841112064.0
2050 39841112064.0
2051 39841112064.0
2052 39841112064.0
2053 39841112064.0
2054 39841112064.0
2055 39841112064.0
2056 39841112064.0
2057 39841112064.0
2058 39841112064.0
2059 39841112064.0
2060 39841112064.0
2061 39841112064.0
2062 39841112064.0
2063 39841112064.0
2064 39841112064.0
2065 39841112064.0
2066 39841112064.0
2067 39841112064.0
2068 39841112064.0
2069 39841112064.0
2070 39841112064.0
2071 39841112064.0
2072 39841112064.0
2073 39841112064.0
2074 39841112064.0
2075 39841112064.0
2076 39841112064.0
2077 39841112064.0
2078 39841112064.0
2079 39841112064.0
2080 39841112064.0
2081 39841112064.0
2082 39841112064.0
2083 39841112064.0
2084 39841112064.0
2085 39841112064.0
2086 39841112064.0
2087 39841112064.0
2088 39841112064.0
2089 39841112064.0
2090 39841112064.0
2091 39841112064.0
2092 39841112064.0
2093 39841112064.0
2094 39841112064.0
2095 39841112064.0
2096 39841112064.0
2097 39841112064.0
2098 39841112064.0
2099 39841112064.0
2100 39841112064.0
2101 39841112064.0
2102 39841112064.0
2103 39841112064.0
2104 39841112064.0
2105 39841112064.0
2106 39841112064.0
2107 39841112064.0
2108 39841112064.0
2109 39841112064.0
2110 39841112064.0
2111 39841112064.0
2112 39841112064.0
2113 39841112064.0
2114 39841112064.0
2115 39841112064.0
2116 39841112064.0
2117 39841112064.0
2118 39841112064.0
2119 39841112064.0
2120 39841112064.0
2121 39841112064.0
2122 39841112064.0
2123 39841112064.0
2124 39841112064.0
2125 39841112064.0
2126 39841112064.0
2127 39841112064.0
2128 39841112064.0
2129 39841112064.0
2130 39841112064.0
2131 39841112064.0
2132 39841112064.0
2133 39841112064.0
2134 39841112064.0
2135 39841112064.0
2136 39841112064.0
2137 39841112064.0
2138 39841112064.0
2139 39841112064.0
2140 39841112064.0
2141 39841112064.0
2142 39841112064.0
2143 39841112064.0
2144 39841112064.0
2145 39841112064.0
2146 39841112064.0
2147 39841112064.0
2148 39841112064.0
2149 39841112064.0
2150 39841112064.0
2151 39841112064.0
2152 39841112064.0
2153 39841112064.0
2154 39841112064.0
2155 39841112064.0
2156 39841112064.0
2157 39841112064.0
2158 39841112064.0
2159 39841112064.0
2160 39841112064.0
2161 39841112064.0
2162 39841112064.0
2163 39841112064.0
2164 39841112064.0
2165 39841112064.0
2166 39841112064.0
2167 39841112064.0
2168 39841112064.0
2169 39841112064.0
2170 39841112064.0
2171 39841112064.0
2172 39841112064.0
2173 39841112064.0
2174 39841112064.0
2175 39841112064.0
2176 39841112064.0
2177 39841112064.0
2178 39841112064.0
2179 39841112064.0
2180 39841112064.0
2181 39841112064.0
2182 39841112064.0
2183 39841112064.0
2184 39841112064.0
2185 39841112064.0
2186 39841112064.0
2187 39841112064.0
2188 39841112064.0
2189 39841112064.0
2190 39841112064.0
2191 39841112064.0
2192 39841112064.0
2193 39841112064.0
2194 39841112064.0
2195 39841112064.0
2196 39841112064.0
2197 39841112064.0
2198 39841112064.0
2199 39841112064.0
2200 39841112064.0
2201 39841112064.0
2202 39841112064.0
2203 39841112064.0
2204 39841112064.0
2205 39841112064.0
2206 39841112064.0
2207 39841112064.0
2208 39841112064.0
2209 39841112064.0
2210 39841112064.0
2211 39841112064.0
2212 39841112064.0
2213 39841112064.0
2214 39841112064.0
2215 39841112064.0
2216 39841112064.0
2217 39841112064.0
2218 39841112064.0
2219 39841112064.0
2220 39841112064.0
2221 39841112064.0
2222 39841112064.0
2223 39841112064.0
2224 39841112064.0
2225 39841112064.0
2226 39841112064.0
2227 39841112064.0
2228 39841112064.0
2229 39841112064.0
2230 39841112064.0
2231 39841112064.0
2232 39841112064.0
2233 39841112064.0
2234 39841112064.0
2235 39841112064.0
2236 39841112064.0
2237 39841112064.0
2238 39841112064.0
2239 39841112064.0
2240 39841112064.0
2241 39841112064.0
2242 39841112064.0
2243 39841112064.0
2244 39841112064.0
2245 39841112064.0
2246 39841112064.0
2247 39841112064.0
2248 39841112064.0
2249 39841112064.0
2250 39841112064.0
2251 39841112064.0
2252 39841112064.0
2253 39841112064.0
2254 39841112064.0
2255 39841112064.0
2256 39841112064.0
2257 39841112064.0
2258 39841112064.0
2259 39841112064.0
2260 39841112064.0
2261 39841112064.0
2262 39841112064.0
2263 39841112064.0
2264 39841112064.0
2265 39841112064.0
2266 39841112064.0
2267 39841112064.0
2268 39841112064.0
2269 39841112064.0
2270 39841112064.0
2271 39841112064.0
2272 39841112064.0
2273 39841112064.0
2274 39841112064.0
2275 39841112064.0
2276 39841112064.0
2277 39841112064.0
2278 39841112064.0
2279 39841112064.0
2280 39841112064.0
2281 39841112064.0
2282 39841112064.0
2283 39841112064.0
2284 39841112064.0
2285 39841112064.0
2286 39841112064.0
2287 39841112064.0
2288 39841112064.0
2289 39841112064.0
2290 39841112064.0
2291 39841112064.0
2292 39841112064.0
2293 39841112064.0
2294 39841112064.0
2295 39841112064.0
2296 39841112064.0
2297 39841112064.0
2298 39841112064.0
2299 39841112064.0
2300 39841112064.0
2301 39841112064.0
2302 39841112064.0
2303 39841112064.0
2304 39841112064.0
2305 39841112064.0
2306 39841112064.0
2307 39841112064.0
2308 39841112064.0
2309 39841112064.0
2310 39841112064.0
2311 39841112064.0
2312 39841112064.0
2313 39841112064.0
2314 39841112064.0
2315 39841112064.0
2316 39841112064.0
2317 39841112064.0
2318 39841112064.0
2319 39841112064.0
2320 39841112064.0
2321 39841112064.0
2322 39841112064.0
2323 39841112064.0
2324 39841112064.0
2325 39841112064.0
2326 39841112064.0
2327 39841112064.0
2328 39841112064.0
2329 39841112064.0
2330 39841112064.0
2331 39841112064.0
2332 39841112064.0
2333 39841112064.0
2334 39841112064.0
2335 39841112064.0
2336 39841112064.0
2337 39841112064.0
2338 39841112064.0
2339 39841112064.0
2340 39841112064.0
2341 39841112064.0
2342 39841112064.0
2343 39841112064.0
2344 39841112064.0
2345 39841112064.0
2346 39841112064.0
2347 39841112064.0
2348 39841112064.0
2349 39841112064.0
2350 39841112064.0
2351 39841112064.0
2352 39841112064.0
2353 39841112064.0
2354 39841112064.0
2355 39841112064.0
2356 39841112064.0
2357 39841112064.0
2358 39841112064.0
2359 39841112064.0
2360 39841112064.0
2361 39841112064.0
2362 39841112064.0
2363 39841112064.0
2364 39841112064.0
2365 39841112064.0
2366 39841112064.0
2367 39841112064.0
2368 39841112064.0
2369 39841112064.0
2370 39841112064.0
2371 39841112064.0
2372 39841112064.0
2373 39841112064.0
2374 39841112064.0
2375 39841112064.0
2376 39841112064.0
2377 39841112064.0
2378 39841112064.0
2379 39841112064.0
2380 39841112064.0
2381 39841112064.0
2382 39841112064.0
2383 39841112064.0
2384 39841112064.0
2385 39841112064.0
2386 39841112064.0
2387 39841112064.0
2388 39841112064.0
2389 39841112064.0
2390 39841112064.0
2391 39841112064.0
2392 39841112064.0
2393 39841112064.0
2394 39841112064.0
2395 39841112064.0
2396 39841112064.0
2397 39841112064.0
2398 39841112064.0
2399 39841112064.0
2400 39841112064.0
2401 39841112064.0
2402 39841112064.0
2403 39841112064.0
2404 39841112064.0
2405 39841112064.0
2406 39841112064.0
2407 39841112064.0
2408 39841112064.0
2409 39841112064.0
2410 39841112064.0
2411 39841112064.0
2412 39841112064.0
2413 39841112064.0
2414 39841112064.0
2415 39841112064.0
2416 39841112064.0
2417 39841112064.0
2418 39841112064.0
2419 39841112064.0
2420 39841112064.0
2421 39841112064.0
2422 39841112064.0
2423 39841112064.0
2424 39841112064.0
2425 39841112064.0
2426 39841112064.0
2427 39841112064.0
2428 39841112064.0
2429 39841112064.0
2430 39841112064.0
2431 39841112064.0
2432 39841112064.0
2433 39841112064.0
2434 39841112064.0
2435 39841112064.0
2436 39841112064.0
2437 39841112064.0
2438 39841112064.0
2439 39841112064.0
2440 39841112064.0
2441 39841112064.0
2442 39841112064.0
2443 39841112064.0
2444 39841112064.0
2445 39841112064.0
2446 39841112064.0
2447 39841112064.0
2448 39841112064.0
2449 39841112064.0
2450 39841112064.0
2451 39841112064.0
2452 39841112064.0
2453 39841112064.0
2454 39841112064.0
2455 39841112064.0
2456 39841112064.0
2457 39841112064.0
2458 39841112064.0
2459 39841112064.0
2460 39841112064.0
2461 39841112064.0
2462 39841112064.0
2463 39841112064.0
2464 39841112064.0
2465 39841112064.0
2466 39841112064.0
2467 39841112064.0
2468 39841112064.0
2469 39841112064.0
2470 39841112064.0
2471 39841112064.0
2472 39841112064.0
2473 39841112064.0
2474 39841112064.0
2475 39841112064.0
2476 39841112064.0
2477 39841112064.0
2478 39841112064.0
2479 39841112064.0
2480 39841112064.0
2481 39841112064.0
2482 39841112064.0
2483 39841112064.0
2484 39841112064.0
2485 39841112064.0
2486 39841112064.0
2487 39841112064.0
2488 39841112064.0
2489 39841112064.0
2490 39841112064.0
2491 39841112064.0
2492 39841112064.0
2493 39841112064.0
2494 39841112064.0
2495 39841112064.0
2496 39841112064.0
2497 39841112064.0
2498 39841112064.0
2499 39841112064.0
2500 39841112064.0
2501 39841112064.0
2502 39841112064.0
2503 39841112064.0
2504 39841112064.0
2505 39841112064.0
2506 39841112064.0
2507 39841112064.0
2508 39841112064.0
2509 39841112064.0
2510 39841112064.0
2511 39841112064.0
2512 39841112064.0
2513 39841112064.0
2514 39841112064.0
2515 39841112064.0
2516 39841112064.0
2517 39841112064.0
2518 39841112064.0
2519 39841112064.0
2520 39841112064.0
2521 39841112064.0
2522 39841112064.0
2523 39841112064.0
2524 39841112064.0
2525 39841112064.0
2526 39841112064.0
2527 39841112064.0
2528 39841112064.0
2529 39841112064.0
2530 39841112064.0
2531 39841112064.0
2532 39841112064.0
2533 39841112064.0
2534 39841112064.0
2535 39841112064.0
2536 39841112064.0
2537 39841112064.0
2538 39841112064.0
2539 39841112064.0
2540 39841112064.0
2541 39841112064.0
2542 39841112064.0
2543 39841112064.0
2544 39841112064.0
2545 39841112064.0
2546 39841112064.0
2547 39841112064.0
2548 39841112064.0
2549 39841112064.0
2550 39841112064.0
2551 39841112064.0
2552 39841112064.0
2553 39841112064.0
2554 39841112064.0
2555 39841112064.0
2556 39841112064.0
2557 39841112064.0
2558 39841112064.0
2559 39841112064.0
2560 39841112064.0
2561 39841112064.0
2562 39841112064.0
2563 39841112064.0
2564 39841112064.0
2565 39841112064.0
2566 39841112064.0
2567 39841112064.0
2568 39841112064.0
2569 39841112064.0
2570 39841112064.0
2571 39841112064.0
2572 39841112064.0
2573 39841112064.0
2574 39841112064.0
2575 39841112064.0
2576 39841112064.0
2577 39841112064.0
2578 39841112064.0
2579 39841112064.0
2580 39841112064.0
2581 39841112064.0
2582 39841112064.0
2583 39841112064.0
2584 39841112064.0
2585 39841112064.0
2586 39841112064.0
2587 39841112064.0
2588 39841112064.0
2589 39841112064.0
2590 39841112064.0
2591 39841112064.0
2592 39841112064.0
2593 39841112064.0
2594 39841112064.0
2595 39841112064.0
2596 39841112064.0
2597 39841112064.0
2598 39841112064.0
2599 39841112064.0
2600 39841112064.0
2601 39841112064.0
2602 39841112064.0
2603 39841112064.0
2604 39841112064.0
2605 39841112064.0
2606 39841112064.0
2607 39841112064.0
2608 39841112064.0
2609 39841112064.0
2610 39841112064.0
2611 39841112064.0
2612 39841112064.0
2613 39841112064.0
2614 39841112064.0
2615 39841112064.0
2616 39841112064.0
2617 39841112064.0
2618 39841112064.0
2619 39841112064.0
2620 39841112064.0
2621 39841112064.0
2622 39841112064.0
2623 39841112064.0
2624 39841112064.0
2625 39841112064.0
2626 39841112064.0
2627 39841112064.0
2628 39841112064.0
2629 39841112064.0
2630 39841112064.0
2631 39841112064.0
2632 39841112064.0
2633 39841112064.0
2634 39841112064.0
2635 39841112064.0
2636 39841112064.0
2637 39841112064.0
2638 39841112064.0
2639 39841112064.0
2640 39841112064.0
2641 39841112064.0
2642 39841112064.0
2643 39841112064.0
2644 39841112064.0
2645 39841112064.0
2646 39841112064.0
2647 39841112064.0
2648 39841112064.0
2649 39841112064.0
2650 39841112064.0
2651 39841112064.0
2652 39841112064.0
2653 39841112064.0
2654 39841112064.0
2655 39841112064.0
2656 39841112064.0
2657 39841112064.0
2658 39841112064.0
2659 39841112064.0
2660 39841112064.0
2661 39841112064.0
2662 39841112064.0
2663 39841112064.0
2664 39841112064.0
2665 39841112064.0
2666 39841112064.0
2667 39841112064.0
2668 39841112064.0
2669 39841112064.0
2670 39841112064.0
2671 39841112064.0
2672 39841112064.0
2673 39841112064.0
2674 39841112064.0
2675 39841112064.0
2676 39841112064.0
2677 39841112064.0
2678 39841112064.0
2679 39841112064.0
2680 39841112064.0
2681 39841112064.0
2682 39841112064.0
2683 39841112064.0
2684 39841112064.0
2685 39841112064.0
2686 39841112064.0
2687 39841112064.0
2688 39841112064.0
2689 39841112064.0
2690 39841112064.0
2691 39841112064.0
2692 39841112064.0
2693 39841112064.0
2694 39841112064.0
2695 39841112064.0
2696 39841112064.0
2697 39841112064.0
2698 39841112064.0
2699 39841112064.0
2700 39841112064.0
2701 39841112064.0
2702 39841112064.0
2703 39841112064.0
2704 39841112064.0
2705 39841112064.0
2706 39841112064.0
2707 39841112064.0
2708 39841112064.0
2709 39841112064.0
2710 39841112064.0
2711 39841112064.0
2712 39841112064.0
2713 39841112064.0
2714 39841112064.0
2715 39841112064.0
2716 39841112064.0
2717 39841112064.0
2718 39841112064.0
2719 39841112064.0
2720 39841112064.0
2721 39841112064.0
2722 39841112064.0
2723 39841112064.0
2724 39841112064.0
2725 39841112064.0
2726 39841112064.0
2727 39841112064.0
2728 39841112064.0
2729 39841112064.0
2730 39841112064.0
2731 39841112064.0
2732 39841112064.0
2733 39841112064.0
2734 39841112064.0
2735 39841112064.0
2736 39841112064.0
2737 39841112064.0
2738 39841112064.0
2739 39841112064.0
2740 39841112064.0
2741 39841112064.0
2742 39841112064.0
2743 39841112064.0
2744 39841112064.0
2745 39841112064.0
2746 39841112064.0
2747 39841112064.0
2748 39841112064.0
2749 39841112064.0
2750 39841112064.0
2751 39841112064.0
2752 39841112064.0
2753 39841112064.0
2754 39841112064.0
2755 39841112064.0
2756 39841112064.0
2757 39841112064.0
2758 39841112064.0
2759 39841112064.0
2760 39841112064.0
2761 39841112064.0
2762 39841112064.0
2763 39841112064.0
2764 39841112064.0
2765 39841112064.0
2766 39841112064.0
2767 39841112064.0
2768 39841112064.0
2769 39841112064.0
2770 39841112064.0
2771 39841112064.0
2772 39841112064.0
2773 39841112064.0
2774 39841112064.0
2775 39841112064.0
2776 39841112064.0
2777 39841112064.0
2778 39841112064.0
2779 39841112064.0
2780 39841112064.0
2781 39841112064.0
2782 39841112064.0
2783 39841112064.0
2784 39841112064.0
2785 39841112064.0
2786 39841112064.0
2787 39841112064.0
2788 39841112064.0
2789 39841112064.0
2790 39841112064.0
2791 39841112064.0
2792 39841112064.0
2793 39841112064.0
2794 39841112064.0
2795 39841112064.0
2796 39841112064.0
2797 39841112064.0
2798 39841112064.0
2799 39841112064.0
2800 39841112064.0
2801 39841112064.0
2802 39841112064.0
2803 39841112064.0
2804 39841112064.0
2805 39841112064.0
2806 39841112064.0
2807 39841112064.0
2808 39841112064.0
2809 39841112064.0
2810 39841112064.0
2811 39841112064.0
2812 39841112064.0
2813 39841112064.0
2814 39841112064.0
2815 39841112064.0
2816 39841112064.0
2817 39841112064.0
2818 39841112064.0
2819 39841112064.0
2820 39841112064.0
2821 39841112064.0
2822 39841112064.0
2823 39841112064.0
2824 39841112064.0
2825 39841112064.0
2826 39841112064.0
2827 39841112064.0
2828 39841112064.0
2829 39841112064.0
2830 39841112064.0
2831 39841112064.0
2832 39841112064.0
2833 39841112064.0
2834 39841112064.0
2835 39841112064.0
2836 39841112064.0
2837 39841112064.0
2838 39841112064.0
2839 39841112064.0
2840 39841112064.0
2841 39841112064.0
2842 39841112064.0
2843 39841112064.0
2844 39841112064.0
2845 39841112064.0
2846 39841112064.0
2847 39841112064.0
2848 39841112064.0
2849 39841112064.0
2850 39841112064.0
2851 39841112064.0
2852 39841112064.0
2853 39841112064.0
2854 39841112064.0
2855 39841112064.0
2856 39841112064.0
2857 39841112064.0
2858 39841112064.0
2859 39841112064.0
2860 39841112064.0
2861 39841112064.0
2862 39841112064.0
2863 39841112064.0
2864 39841112064.0
2865 39841112064.0
2866 39841112064.0
2867 39841112064.0
2868 39841112064.0
2869 39841112064.0
2870 39841112064.0
2871 39841112064.0
2872 39841112064.0
2873 39841112064.0
2874 39841112064.0
2875 39841112064.0
2876 39841112064.0
2877 39841112064.0
2878 39841112064.0
2879 39841112064.0
2880 39841112064.0
2881 39841112064.0
2882 39841112064.0
2883 39841112064.0
2884 39841112064.0
2885 39841112064.0
2886 39841112064.0
2887 39841112064.0
2888 39841112064.0
2889 39841112064.0
2890 39841112064.0
2891 39841112064.0
2892 39841112064.0
2893 39841112064.0
2894 39841112064.0
2895 39841112064.0
2896 39841112064.0
2897 39841112064.0
2898 39841112064.0
2899 39841112064.0
2900 39841112064.0
2901 39841112064.0
2902 39841112064.0
2903 39841112064.0
2904 39841112064.0
2905 39841112064.0
2906 39841112064.0
2907 39841112064.0
2908 39841112064.0
2909 39841112064.0
2910 39841112064.0
2911 39841112064.0
2912 39841112064.0
2913 39841112064.0
2914 39841112064.0
2915 39841112064.0
2916 39841112064.0
2917 39841112064.0
2918 39841112064.0
2919 39841112064.0
2920 39841112064.0
2921 39841112064.0
2922 39841112064.0
2923 39841112064.0
2924 39841112064.0
2925 39841112064.0
2926 39841112064.0
2927 39841112064.0
2928 39841112064.0
2929 39841112064.0
2930 39841112064.0
2931 39841112064.0
2932 39841112064.0
2933 39841112064.0
2934 39841112064.0
2935 39841112064.0
2936 39841112064.0
2937 39841112064.0
2938 39841112064.0
2939 39841112064.0
2940 39841112064.0
2941 39841112064.0
2942 39841112064.0
2943 39841112064.0
2944 39841112064.0
2945 39841112064.0
2946 39841112064.0
2947 39841112064.0
2948 39841112064.0
2949 39841112064.0
2950 39841112064.0
2951 39841112064.0
2952 39841112064.0
2953 39841112064.0
2954 39841112064.0
2955 39841112064.0
2956 39841112064.0
2957 39841112064.0
2958 39841112064.0
2959 39841112064.0
2960 39841112064.0
2961 39841112064.0
2962 39841112064.0
2963 39841112064.0
2964 39841112064.0
2965 39841112064.0
2966 39841112064.0
2967 39841112064.0
2968 39841112064.0
2969 39841112064.0
2970 39841112064.0
2971 39841112064.0
2972 39841112064.0
2973 39841112064.0
2974 39841112064.0
2975 39841112064.0
2976 39841112064.0
2977 39841112064.0
2978 39841112064.0
2979 39841112064.0
2980 39841112064.0
2981 39841112064.0
2982 39841112064.0
2983 39841112064.0
2984 39841112064.0
2985 39841112064.0
2986 39841112064.0
2987 39841112064.0
2988 39841112064.0
2989 39841112064.0
2990 39841112064.0
2991 39841112064.0
2992 39841112064.0
2993 39841112064.0
2994 39841112064.0
2995 39841112064.0
2996 39841112064.0
2997 39841112064.0
2998 39841112064.0
2999 39841112064.0
3000 39841112064.0
3001 39841112064.0
3002 39841112064.0
3003 39841112064.0
3004 39841112064.0
3005 39841112064.0
3006 39841112064.0
3007 39841112064.0
3008 39841112064.0
3009 39841112064.0
3010 39841112064.0
3011 39841112064.0
3012 39841112064.0
3013 39841112064.0
3014 39841112064.0
3015 39841112064.0
3016 39841112064.0
3017 39841112064.0
3018 39841112064.0
3019 39841112064.0
3020 39841112064.0
3021 39841112064.0
3022 39841112064.0
3023 39841112064.0
3024 39841112064.0
3025 39841112064.0
3026 39841112064.0
3027 39841112064.0
3028 39841112064.0
3029 39841112064.0
3030 39841112064.0
3031 39841112064.0
3032 39841112064.0
3033 39841112064.0
3034 39841112064.0
3035 39841112064.0
3036 39841112064.0
3037 39841112064.0
3038 39841112064.0
3039 39841112064.0
3040 39841112064.0
3041 39841112064.0
3042 39841112064.0
3043 39841112064.0
3044 39841112064.0
3045 39841112064.0
3046 39841112064.0
3047 39841112064.0
3048 39841112064.0
3049 39841112064.0
3050 39841112064.0
3051 39841112064.0
3052 39841112064.0
3053 39841112064.0
3054 39841112064.0
3055 39841112064.0
3056 39841112064.0
3057 39841112064.0
3058 39841112064.0
3059 39841112064.0
3060 39841112064.0
3061 39841112064.0
3062 39841112064.0
3063 39841112064.0
3064 39841112064.0
3065 39841112064.0
3066 39841112064.0
3067 39841112064.0
3068 39841112064.0
3069 39841112064.0
3070 39841112064.0
3071 39841112064.0
3072 39841112064.0
3073 39841112064.0
3074 39841112064.0
3075 39841112064.0
3076 39841112064.0
3077 39841112064.0
3078 39841112064.0
3079 39841112064.0
3080 39841112064.0
3081 39841112064.0
3082 39841112064.0
3083 39841112064.0
3084 39841112064.0
3085 39841112064.0
3086 39841112064.0
3087 39841112064.0
3088 39841112064.0
3089 39841112064.0
3090 39841112064.0
3091 39841112064.0
3092 39841112064.0
3093 39841112064.0
3094 39841112064.0
3095 39841112064.0
3096 39841112064.0
3097 39841112064.0
3098 39841112064.0
3099 39841112064.0
3100 39841112064.0
3101 39841112064.0
3102 39841112064.0
3103 39841112064.0
3104 39841112064.0
3105 39841112064.0
3106 39841112064.0
3107 39841112064.0
3108 39841112064.0
3109 39841112064.0
3110 39841112064.0
3111 39841112064.0
3112 39841112064.0
3113 39841112064.0
3114 39841112064.0
3115 39841112064.0
3116 39841112064.0
3117 39841112064.0
3118 39841112064.0
3119 39841112064.0
3120 39841112064.0
3121 39841112064.0
3122 39841112064.0
3123 39841112064.0
3124 39841112064.0
3125 39841112064.0
3126 39841112064.0
3127 39841112064.0
3128 39841112064.0
3129 39841112064.0
3130 39841112064.0
3131 39841112064.0
3132 39841112064.0
3133 39841112064.0
3134 39841112064.0
3135 39841112064.0
3136 39841112064.0
3137 39841112064.0
3138 39841112064.0
3139 39841112064.0
3140 39841112064.0
3141 39841112064.0
3142 39841112064.0
3143 39841112064.0
3144 39841112064.0
3145 39841112064.0
3146 39841112064.0
3147 39841112064.0
3148 39841112064.0
3149 39841112064.0
3150 39841112064.0
3151 39841112064.0
3152 39841112064.0
3153 39841112064.0
3154 39841112064.0
3155 39841112064.0
3156 39841112064.0
3157 39841112064.0
3158 39841112064.0
3159 39841112064.0
3160 39841112064.0
3161 39841112064.0
3162 39841112064.0
3163 39841112064.0
3164 39841112064.0
3165 39841112064.0
3166 39841112064.0
3167 39841112064.0
3168 39841112064.0
3169 39841112064.0
3170 39841112064.0
3171 39841112064.0
3172 39841112064.0
3173 39841112064.0
3174 39841112064.0
3175 39841112064.0
3176 39841112064.0
3177 39841112064.0
3178 39841112064.0
3179 39841112064.0
3180 39841112064.0
3181 39841112064.0
3182 39841112064.0
3183 39841112064.0
3184 39841112064.0
3185 39841112064.0
3186 39841112064.0
3187 39841112064.0
3188 39841112064.0
3189 39841112064.0
3190 39841112064.0
3191 39841112064.0
3192 39841112064.0
3193 39841112064.0
3194 39841112064.0
3195 39841112064.0
3196 39841112064.0
3197 39841112064.0
3198 39841112064.0
3199 39841112064.0
3200 39841112064.0
3201 39841112064.0
3202 39841112064.0
3203 39841112064.0
3204 39841112064.0
3205 39841112064.0
3206 39841112064.0
3207 39841112064.0
3208 39841112064.0
3209 39841112064.0
3210 39841112064.0
3211 39841112064.0
3212 39841112064.0
3213 39841112064.0
3214 39841112064.0
3215 39841112064.0
3216 39841112064.0
3217 39841112064.0
3218 39841112064.0
3219 39841112064.0
3220 39841112064.0
3221 39841112064.0
3222 39841112064.0
3223 39841112064.0
3224 39841112064.0
3225 39841112064.0
3226 39841112064.0
3227 39841112064.0
3228 39841112064.0
3229 39841112064.0
3230 39841112064.0
3231 39841112064.0
3232 39841112064.0
3233 39841112064.0
3234 39841112064.0
3235 39841112064.0
3236 39841112064.0
3237 39841112064.0
3238 39841112064.0
3239 39841112064.0
3240 39841112064.0
3241 39841112064.0
3242 39841112064.0
3243 39841112064.0
3244 39841112064.0
3245 39841112064.0
3246 39841112064.0
3247 39841112064.0
3248 39841112064.0
3249 39841112064.0
3250 39841112064.0
3251 39841112064.0
3252 39841112064.0
3253 39841112064.0
3254 39841112064.0
3255 39841112064.0
3256 39841112064.0
3257 39841112064.0
3258 39841112064.0
3259 39841112064.0
3260 39841112064.0
3261 39841112064.0
3262 39841112064.0
3263 39841112064.0
3264 39841112064.0
3265 39841112064.0
3266 39841112064.0
3267 39841112064.0
3268 39841112064.0
3269 39841112064.0
3270 39841112064.0
3271 39841112064.0
3272 39841112064.0
3273 39841112064.0
3274 39841112064.0
3275 39841112064.0
3276 39841112064.0
3277 39841112064.0
3278 39841112064.0
3279 39841112064.0
3280 39841112064.0
3281 39841112064.0
3282 39841112064.0
3283 39841112064.0
3284 39841112064.0
3285 39841112064.0
3286 39841112064.0
3287 39841112064.0
3288 39841112064.0
3289 39841112064.0
3290 39841112064.0
3291 39841112064.0
3292 39841112064.0
3293 39841112064.0
3294 39841112064.0
3295 39841112064.0
3296 39841112064.0
3297 39841112064.0
3298 39841112064.0
3299 39841112064.0
3300 39841112064.0
3301 39841112064.0
3302 39841112064.0
3303 39841112064.0
3304 39841112064.0
3305 39841112064.0
3306 39841112064.0
3307 39841112064.0
3308 39841112064.0
3309 39841112064.0
3310 39841112064.0
3311 39841112064.0
3312 39841112064.0
3313 39841112064.0
3314 39841112064.0
3315 39841112064.0
3316 39841112064.0
3317 39841112064.0
3318 39841112064.0
3319 39841112064.0
3320 39841112064.0
3321 39841112064.0
3322 39841112064.0
3323 39841112064.0
3324 39841112064.0
3325 39841112064.0
3326 39841112064.0
3327 39841112064.0
3328 39841112064.0
3329 39841112064.0
3330 39841112064.0
3331 39841112064.0
3332 39841112064.0
3333 39841112064.0
3334 39841112064.0
3335 39841112064.0
3336 39841112064.0
3337 39841112064.0
3338 39841112064.0
3339 39841112064.0
3340 39841112064.0
3341 39841112064.0
3342 39841112064.0
3343 39841112064.0
3344 39841112064.0
3345 39841112064.0
3346 39841112064.0
3347 39841112064.0
3348 39841112064.0
3349 39841112064.0
3350 39841112064.0
3351 39841112064.0
3352 39841112064.0
3353 39841112064.0
3354 39841112064.0
3355 39841112064.0
3356 39841112064.0
3357 39841112064.0
3358 39841112064.0
3359 39841112064.0
3360 39841112064.0
3361 39841112064.0
3362 39841112064.0
3363 39841112064.0
3364 39841112064.0
3365 39841112064.0
3366 39841112064.0
3367 39841112064.0
3368 39841112064.0
3369 39841112064.0
3370 39841112064.0
3371 39841112064.0
3372 39841112064.0
3373 39841112064.0
3374 39841112064.0
3375 39841112064.0
3376 39841112064.0
3377 39841112064.0
3378 39841112064.0
3379 39841112064.0
3380 39841112064.0
3381 39841112064.0
3382 39841112064.0
3383 39841112064.0
3384 39841112064.0
3385 39841112064.0
3386 39841112064.0
3387 39841112064.0
3388 39841112064.0
3389 39841112064.0
3390 39841112064.0
3391 39841112064.0
3392 39841112064.0
3393 39841112064.0
3394 39841112064.0
3395 39841112064.0
3396 39841112064.0
3397 39841112064.0
3398 39841112064.0
3399 39841112064.0
3400 39841112064.0
3401 39841112064.0
3402 39841112064.0
3403 39841112064.0
3404 39841112064.0
3405 39841112064.0
3406 39841112064.0
3407 39841112064.0
3408 39841112064.0
3409 39841112064.0
3410 39841112064.0
3411 39841112064.0
3412 39841112064.0
3413 39841112064.0
3414 39841112064.0
3415 39841112064.0
3416 39841112064.0
3417 39841112064.0
3418 39841112064.0
3419 39841112064.0
3420 39841112064.0
3421 39841112064.0
3422 39841112064.0
3423 39841112064.0
3424 39841112064.0
3425 39841112064.0
3426 39841112064.0
3427 39841112064.0
3428 39841112064.0
3429 39841112064.0
3430 39841112064.0
3431 39841112064.0
3432 39841112064.0
3433 39841112064.0
3434 39841112064.0
3435 39841112064.0
3436 39841112064.0
3437 39841112064.0
3438 39841112064.0
3439 39841112064.0
3440 39841112064.0
3441 39841112064.0
3442 39841112064.0
3443 39841112064.0
3444 39841112064.0
3445 39841112064.0
3446 39841112064.0
3447 39841112064.0
3448 39841112064.0
3449 39841112064.0
3450 39841112064.0
3451 39841112064.0
3452 39841112064.0
3453 39841112064.0
3454 39841112064.0
3455 39841112064.0
3456 39841112064.0
3457 39841112064.0
3458 39841112064.0
3459 39841112064.0
3460 39841112064.0
3461 39841112064.0
3462 39841112064.0
3463 39841112064.0
3464 39841112064.0
3465 39841112064.0
3466 39841112064.0
3467 39841112064.0
3468 39841112064.0
3469 39841112064.0
3470 39841112064.0
3471 39841112064.0
3472 39841112064.0
3473 39841112064.0
3474 39841112064.0
3475 39841112064.0
3476 39841112064.0
3477 39841112064.0
3478 39841112064.0
3479 39841112064.0
3480 39841112064.0
3481 39841112064.0
3482 39841112064.0
3483 39841112064.0
3484 39841112064.0
3485 39841112064.0
3486 39841112064.0
3487 39841112064.0
3488 39841112064.0
3489 39841112064.0
3490 39841112064.0
3491 39841112064.0
3492 39841112064.0
3493 39841112064.0
3494 39841112064.0
3495 39841112064.0
3496 39841112064.0
3497 39841112064.0
3498 39841112064.0
3499 39841112064.0
3500 39841112064.0
3501 39841112064.0
3502 39841112064.0
3503 39841112064.0
3504 39841112064.0
3505 39841112064.0
3506 39841112064.0
3507 39841112064.0
3508 39841112064.0
3509 39841112064.0
3510 39841112064.0
3511 39841112064.0
3512 39841112064.0
3513 39841112064.0
3514 39841112064.0
3515 39841112064.0
3516 39841112064.0
3517 39841112064.0
3518 39841112064.0
3519 39841112064.0
3520 39841112064.0
3521 39841112064.0
3522 39841112064.0
3523 39841112064.0
3524 39841112064.0
3525 39841112064.0
3526 39841112064.0
3527 39841112064.0
3528 39841112064.0
3529 39841112064.0
3530 39841112064.0
3531 39841112064.0
3532 39841112064.0
3533 39841112064.0
3534 39841112064.0
3535 39841112064.0
3536 39841112064.0
3537 39841112064.0
3538 39841112064.0
3539 39841112064.0
3540 39841112064.0
3541 39841112064.0
3542 39841112064.0
3543 39841112064.0
3544 39841112064.0
3545 39841112064.0
3546 39841112064.0
3547 39841112064.0
3548 39841112064.0
3549 39841112064.0
3550 39841112064.0
3551 39841112064.0
3552 39841112064.0
3553 39841112064.0
3554 39841112064.0
3555 39841112064.0
3556 39841112064.0
3557 39841112064.0
3558 39841112064.0
3559 39841112064.0
3560 39841112064.0
3561 39841112064.0
3562 39841112064.0
3563 39841112064.0
3564 39841112064.0
3565 39841112064.0
3566 39841112064.0
3567 39841112064.0
3568 39841112064.0
3569 39841112064.0
3570 39841112064.0
3571 39841112064.0
3572 39841112064.0
3573 39841112064.0
3574 39841112064.0
3575 39841112064.0
3576 39841112064.0
3577 39841112064.0
3578 39841112064.0
3579 39841112064.0
3580 39841112064.0
3581 39841112064.0
3582 39841112064.0
3583 39841112064.0
3584 39841112064.0
3585 39841112064.0
3586 39841112064.0
3587 39841112064.0
3588 39841112064.0
3589 39841112064.0
3590 39841112064.0
3591 39841112064.0
3592 39841112064.0
3593 39841112064.0
3594 39841112064.0
3595 39841112064.0
3596 39841112064.0
3597 39841112064.0
3598 39841112064.0
3599 39841112064.0
3600 39841112064.0
3601 39841112064.0
3602 39841112064.0
3603 39841112064.0
3604 39841112064.0
3605 39841112064.0
3606 39841112064.0
3607 39841112064.0
3608 39841112064.0
3609 39841112064.0
3610 39841112064.0
3611 39841112064.0
3612 39841112064.0
3613 39841112064.0
3614 39841112064.0
3615 39841112064.0
3616 39841112064.0
3617 39841112064.0
3618 39841112064.0
3619 39841112064.0
3620 39841112064.0
3621 39841112064.0
3622 39841112064.0
3623 39841112064.0
3624 39841112064.0
3625 39841112064.0
3626 39841112064.0
3627 39841112064.0
3628 39841112064.0
3629 39841112064.0
3630 39841112064.0
3631 39841112064.0
3632 39841112064.0
3633 39841112064.0
3634 39841112064.0
3635 39841112064.0
3636 39841112064.0
3637 39841112064.0
3638 39841112064.0
3639 39841112064.0
3640 39841112064.0
3641 39841112064.0
3642 39841112064.0
3643 39841112064.0
3644 39841112064.0
3645 39841112064.0
3646 39841112064.0
3647 39841112064.0
3648 39841112064.0
3649 39841112064.0
3650 39841112064.0
3651 39841112064.0
3652 39841112064.0
3653 39841112064.0
3654 39841112064.0
3655 39841112064.0
3656 39841112064.0
3657 39841112064.0
3658 39841112064.0
3659 39841112064.0
3660 39841112064.0
3661 39841112064.0
3662 39841112064.0
3663 39841112064.0
3664 39841112064.0
3665 39841112064.0
3666 39841112064.0
3667 39841112064.0
3668 39841112064.0
3669 39841112064.0
3670 39841112064.0
3671 39841112064.0
3672 39841112064.0
3673 39841112064.0
3674 39841112064.0
3675 39841112064.0
3676 39841112064.0
3677 39841112064.0
3678 39841112064.0
3679 39841112064.0
3680 39841112064.0
3681 39841112064.0
3682 39841112064.0
3683 39841112064.0
3684 39841112064.0
3685 39841112064.0
3686 39841112064.0
3687 39841112064.0
3688 39841112064.0
3689 39841112064.0
3690 39841112064.0
3691 39841112064.0
3692 39841112064.0
3693 39841112064.0
3694 39841112064.0
3695 39841112064.0
3696 39841112064.0
3697 39841112064.0
3698 39841112064.0
3699 39841112064.0
3700 39841112064.0
3701 39841112064.0
3702 39841112064.0
3703 39841112064.0
3704 39841112064.0
3705 39841112064.0
3706 39841112064.0
3707 39841112064.0
3708 39841112064.0
3709 39841112064.0
3710 39841112064.0
3711 39841112064.0
3712 39841112064.0
3713 39841112064.0
3714 39841112064.0
3715 39841112064.0
3716 39841112064.0
3717 39841112064.0
3718 39841112064.0
3719 39841112064.0
3720 39841112064.0
3721 39841112064.0
3722 39841112064.0
3723 39841112064.0
3724 39841112064.0
3725 39841112064.0
3726 39841112064.0
3727 39841112064.0
3728 39841112064.0
3729 39841112064.0
3730 39841112064.0
3731 39841112064.0
3732 39841112064.0
3733 39841112064.0
3734 39841112064.0
3735 39841112064.0
3736 39841112064.0
3737 39841112064.0
3738 39841112064.0
3739 39841112064.0
3740 39841112064.0
3741 39841112064.0
3742 39841112064.0
3743 39841112064.0
3744 39841112064.0
3745 39841112064.0
3746 39841112064.0
3747 39841112064.0
3748 39841112064.0
3749 39841112064.0
3750 39841112064.0
3751 39841112064.0
3752 39841112064.0
3753 39841112064.0
3754 39841112064.0
3755 39841112064.0
3756 39841112064.0
3757 39841112064.0
3758 39841112064.0
3759 39841112064.0
3760 39841112064.0
3761 39841112064.0
3762 39841112064.0
3763 39841112064.0
3764 39841112064.0
3765 39841112064.0
