0 102608896.0
1 399687680.0
2 399687680.0
3 399687680.0
4 399687680.0
5 399687680.0
6 399687680.0
7 399687680.0
8 399687680.0
9 399687680.0
10 399687680.0
11 399687680.0
12 399687680.0
13 399687680.0
14 399687680.0
15 399687680.0
16 601014272.0
17 601014272.0
18 601014272.0
19 601014272.0
20 601014272.0
21 601014272.0
22 601014272.0
23 601014272.0
24 601014272.0
25 601014272.0
26 601014272.0
27 601014272.0
28 601014272.0
29 601014272.0
30 601014272.0
31 601014272.0
32 601014272.0
33 601014272.0
34 601014272.0
35 601014272.0
36 601014272.0
37 601014272.0
38 601014272.0
39 601014272.0
40 601014272.0
41 601014272.0
42 601014272.0
43 601014272.0
44 601014272.0
45 601014272.0
46 601014272.0
47 601014272.0
48 601014272.0
49 601014272.0
50 601014272.0
51 601014272.0
52 2464915456.0
53 2951417856.0
54 2951417856.0
55 2951417856.0
56 2951417856.0
57 3028058112.0
58 3229417472.0
59 3221024768.0
60 3221024768.0
61 3221024768.0
62 3221024768.0
63 3221024768.0
64 3221024768.0
65 3221024768.0
66 3221024768.0
67 3221024768.0
68 3372027904.0
69 3355242496.0
70 3355242496.0
71 3355242496.0
72 3355242496.0
73 3355242496.0
74 3355242496.0
75 3355242496.0
76 3355242496.0
77 3355242496.0
78 3355242496.0
79 3355242496.0
80 3355242496.0
81 3825037312.0
82 5138075648.0
83 5138075648.0
84 5138075648.0
85 5138075648.0
86 5138075648.0
87 5138075648.0
88 5163253760.0
89 5180039168.0
90 5180039168.0
91 5935054848.0
92 6975291392.0
93 6975291392.0
94 6975291392.0
95 7805808640.0
96 8921579520.0
97 8854437888.0
98 8854437888.0
99 10783940608.0
100 11706744832.0
101 11639603200.0
102 11639603200.0
103 11639603200.0
104 12822450176.0
105 13552320512.0
106 13552320512.0
107 13552320512.0
108 13552320512.0
109 15951618048.0
110 15842512896.0
111 16505274368.0
112 16505274368.0
113 16505274368.0
114 18384453632.0
115 18694852608.0
116 18652889088.0
117 18652889088.0
118 18652889088.0
119 19609231360.0
120 19609231360.0
121 19609231360.0
122 19609231360.0
123 19609231360.0
124 19609231360.0
125 19609231360.0
126 19609231360.0
127 19609231360.0
128 19609231360.0
129 19609231360.0
130 19609231360.0
131 19609231360.0
132 19609231360.0
133 19609231360.0
134 19609231360.0
135 19609231360.0
136 19609231360.0
137 19609231360.0
138 19609231360.0
139 19508518912.0
140 19458162688.0
141 19458162688.0
142 19458162688.0
143 19458162688.0
144 19458162688.0
145 19458162688.0
146 19458162688.0
147 19458162688.0
148 19458162688.0
149 19508518912.0
150 19458162688.0
151 19458162688.0
152 19458162688.0
153 19458162688.0
154 19458162688.0
155 19458162688.0
156 19458162688.0
157 19458162688.0
158 19458162688.0
159 19500126208.0
160 19458162688.0
161 19458162688.0
162 19458162688.0
163 19458162688.0
164 19458162688.0
165 19458162688.0
166 19458162688.0
167 19458162688.0
168 19458162688.0
169 19609231360.0
170 19458162688.0
171 19458162688.0
172 19458162688.0
173 19458162688.0
174 19458162688.0
175 19458162688.0
176 19458162688.0
177 19458162688.0
178 19458162688.0
179 19567267840.0
180 19458162688.0
181 19458162688.0
182 19458162688.0
183 19458162688.0
184 19458162688.0
185 19458162688.0
186 19458162688.0
187 19458162688.0
188 19458162688.0
189 19651194880.0
190 19458162688.0
191 19458162688.0
192 19458162688.0
193 19458162688.0
194 19458162688.0
195 19458162688.0
196 19458162688.0
197 19458162688.0
198 19458162688.0
199 19626016768.0
200 19458162688.0
201 19458162688.0
202 19458162688.0
203 19458162688.0
204 19458162688.0
205 19458162688.0
206 19458162688.0
207 19458162688.0
208 19458162688.0
209 19542089728.0
210 19458162688.0
211 19458162688.0
212 19458162688.0
213 19458162688.0
214 19458162688.0
215 19458162688.0
216 19458162688.0
217 19458162688.0
218 19458162688.0
219 19491733504.0
220 19458162688.0
221 19458162688.0
222 19458162688.0
223 19458162688.0
224 19458162688.0
225 19458162688.0
226 19458162688.0
227 19458162688.0
228 19458162688.0
229 19458162688.0
230 19458162688.0
231 19458162688.0
232 19458162688.0
233 19458162688.0
234 19458162688.0
235 19458162688.0
236 19458162688.0
237 19458162688.0
238 19458162688.0
239 19458162688.0
240 19458162688.0
241 19458162688.0
242 19458162688.0
243 19458162688.0
244 19458162688.0
245 19458162688.0
246 19458162688.0
247 19458162688.0
248 19458162688.0
249 19458162688.0
250 19525304320.0
251 19458162688.0
252 19458162688.0
253 19458162688.0
254 19458162688.0
255 19458162688.0
256 19458162688.0
257 19458162688.0
258 19458162688.0
259 19458162688.0
260 19600838656.0
261 19458162688.0
262 19458162688.0
263 19458162688.0
264 19458162688.0
265 19458162688.0
266 19458162688.0
267 19458162688.0
268 19458162688.0
269 19458162688.0
270 19676372992.0
271 19458162688.0
272 19458162688.0
273 19458162688.0
274 19458162688.0
275 19458162688.0
276 19458162688.0
277 19458162688.0
278 19458162688.0
279 19458162688.0
280 19726729216.0
281 19458162688.0
282 19458162688.0
283 19458162688.0
284 19458162688.0
285 19458162688.0
286 19458162688.0
287 19458162688.0
288 19458162688.0
289 19458162688.0
290 19785478144.0
291 19458162688.0
292 19458162688.0
293 19458162688.0
294 19458162688.0
295 19458162688.0
296 19458162688.0
297 19458162688.0
298 19458162688.0
299 19458162688.0
300 19768692736.0
301 19458162688.0
302 19458162688.0
303 19458162688.0
304 19458162688.0
305 19458162688.0
306 19458162688.0
307 19458162688.0
308 19458162688.0
309 19458162688.0
310 19676372992.0
311 19458162688.0
312 19458162688.0
313 19458162688.0
314 19458162688.0
315 19458162688.0
316 19458162688.0
317 19458162688.0
318 19458162688.0
319 19458162688.0
320 19491733504.0
321 19458162688.0
322 19458162688.0
323 19458162688.0
324 19458162688.0
325 19458162688.0
326 19458162688.0
327 19458162688.0
328 19458162688.0
329 19458162688.0
330 19458162688.0
331 19676372992.0
332 19458162688.0
333 19458162688.0
334 19458162688.0
335 19458162688.0
336 19458162688.0
337 19458162688.0
338 19458162688.0
339 19458162688.0
340 19458162688.0
341 19751907328.0
342 19458162688.0
343 19458162688.0
344 19458162688.0
345 19458162688.0
346 19458162688.0
347 19458162688.0
348 19458162688.0
349 19458162688.0
350 19458162688.0
351 19735121920.0
352 19458162688.0
353 19458162688.0
354 19458162688.0
355 19458162688.0
356 19458162688.0
357 19458162688.0
358 19458162688.0
359 19458162688.0
360 19458162688.0
361 19777085440.0
362 19458162688.0
363 19458162688.0
364 19458162688.0
365 19458162688.0
366 19458162688.0
367 19458162688.0
368 19458162688.0
369 19458162688.0
370 19458162688.0
371 19743514624.0
372 19458162688.0
373 19458162688.0
374 19458162688.0
375 19458162688.0
376 19458162688.0
377 19458162688.0
378 19458162688.0
379 19458162688.0
380 19458162688.0
381 19802263552.0
382 19458162688.0
383 19458162688.0
384 19458162688.0
385 19458162688.0
386 19458162688.0
387 19458162688.0
388 19458162688.0
389 19458162688.0
390 19458162688.0
391 19684765696.0
392 19474948096.0
393 19458162688.0
394 19458162688.0
395 19458162688.0
396 19458162688.0
397 19458162688.0
398 19458162688.0
399 19458162688.0
400 19458162688.0
401 19667980288.0
402 19525304320.0
403 19458162688.0
404 19458162688.0
405 19458162688.0
406 19458162688.0
407 19458162688.0
408 19458162688.0
409 19458162688.0
410 19458162688.0
411 19659587584.0
412 19575660544.0
413 19458162688.0
414 19458162688.0
415 19458162688.0
416 19458162688.0
417 19458162688.0
418 19458162688.0
419 19458162688.0
420 19458162688.0
421 19466555392.0
422 19575660544.0
423 19458162688.0
424 19458162688.0
425 19458162688.0
426 19458162688.0
427 19458162688.0
428 19458162688.0
429 19458162688.0
430 19458162688.0
431 19458162688.0
432 19626016768.0
433 19458162688.0
434 19458162688.0
435 19458162688.0
436 19458162688.0
437 19458162688.0
438 19458162688.0
439 19458162688.0
440 19458162688.0
441 19458162688.0
442 19709943808.0
443 19458162688.0
444 19458162688.0
445 19458162688.0
446 19458162688.0
447 19458162688.0
448 19458162688.0
449 19458162688.0
450 19458162688.0
451 19458162688.0
452 19735121920.0
453 19458162688.0
454 19458162688.0
455 19458162688.0
456 19458162688.0
457 19458162688.0
458 19458162688.0
459 19458162688.0
460 19458162688.0
461 19458162688.0
462 19735121920.0
463 19458162688.0
464 19458162688.0
465 19458162688.0
466 19458162688.0
467 19458162688.0
468 19458162688.0
469 19458162688.0
470 19458162688.0
471 19458162688.0
472 19751907328.0
473 19474948096.0
474 19458162688.0
475 19458162688.0
476 19458162688.0
477 19458162688.0
478 19458162688.0
479 19458162688.0
480 19458162688.0
481 19458162688.0
482 19642802176.0
483 19525304320.0
484 19458162688.0
485 19458162688.0
486 19458162688.0
487 19458162688.0
488 19458162688.0
489 19458162688.0
490 19458162688.0
491 19458162688.0
492 19458162688.0
493 19575660544.0
494 19458162688.0
495 19458162688.0
496 19458162688.0
497 19458162688.0
498 19458162688.0
499 19458162688.0
500 19458162688.0
501 19458162688.0
502 19458162688.0
503 19751907328.0
504 19458162688.0
505 19458162688.0
506 19458162688.0
507 19458162688.0
508 19458162688.0
509 19458162688.0
510 19458162688.0
511 19458162688.0
512 19458162688.0
513 19768692736.0
514 19458162688.0
515 19458162688.0
516 19458162688.0
517 19458162688.0
518 19458162688.0
519 19458162688.0
520 19458162688.0
521 19458162688.0
522 19458162688.0
523 19777085440.0
524 19458162688.0
525 19458162688.0
526 19458162688.0
527 19458162688.0
528 19458162688.0
529 19458162688.0
530 19458162688.0
531 19458162688.0
532 19458162688.0
533 19667980288.0
534 19458162688.0
535 19458162688.0
536 19458162688.0
537 19458162688.0
538 19458162688.0
539 19458162688.0
540 19458162688.0
541 19458162688.0
542 19458162688.0
543 19600838656.0
544 19525304320.0
545 19458162688.0
546 19458162688.0
547 19458162688.0
548 19458162688.0
549 19458162688.0
550 19458162688.0
551 19458162688.0
552 19458162688.0
553 19458162688.0
554 19525304320.0
555 19458162688.0
556 19458162688.0
557 19458162688.0
558 19458162688.0
559 19458162688.0
560 19458162688.0
561 19458162688.0
562 19458162688.0
563 19458162688.0
564 19626016768.0
565 19458162688.0
566 19458162688.0
567 19458162688.0
568 19458162688.0
569 19458162688.0
570 19458162688.0
571 19458162688.0
572 19458162688.0
573 19458162688.0
574 19626016768.0
575 19458162688.0
576 19458162688.0
577 19458162688.0
578 19458162688.0
579 19458162688.0
580 19458162688.0
581 19458162688.0
582 19458162688.0
583 19458162688.0
584 19667980288.0
585 19458162688.0
586 19458162688.0
587 19458162688.0
588 19458162688.0
589 19458162688.0
590 19458162688.0
591 19458162688.0
592 19458162688.0
593 19458162688.0
594 19743514624.0
595 19458162688.0
596 19458162688.0
597 19458162688.0
598 19458162688.0
599 19458162688.0
600 19458162688.0
601 19458162688.0
602 19458162688.0
603 19458162688.0
604 19768692736.0
605 19458162688.0
606 19458162688.0
607 19458162688.0
608 19458162688.0
609 19458162688.0
610 19458162688.0
611 19458162688.0
612 19458162688.0
613 19458162688.0
614 19777085440.0
615 19458162688.0
616 19458162688.0
617 19458162688.0
618 19458162688.0
619 19458162688.0
620 19458162688.0
621 19458162688.0
622 19458162688.0
623 19458162688.0
624 19844227072.0
625 19458162688.0
626 19458162688.0
627 19458162688.0
628 19458162688.0
629 19458162688.0
630 19458162688.0
631 19458162688.0
632 19458162688.0
633 19458162688.0
634 19810656256.0
635 19458162688.0
636 19458162688.0
637 19458162688.0
638 19458162688.0
639 19458162688.0
640 19458162688.0
641 19458162688.0
642 19458162688.0
643 19458162688.0
644 19760300032.0
645 19458162688.0
646 19458162688.0
647 19458162688.0
648 19458162688.0
649 19458162688.0
650 19458162688.0
651 19458162688.0
652 19458162688.0
653 19458162688.0
654 19483340800.0
655 19491733504.0
656 19458162688.0
657 19458162688.0
658 19458162688.0
659 19458162688.0
660 19458162688.0
661 19458162688.0
662 19458162688.0
663 19458162688.0
664 19458162688.0
665 19701551104.0
666 19458162688.0
667 19458162688.0
668 19458162688.0
669 19458162688.0
670 19458162688.0
671 19458162688.0
672 19458162688.0
673 19458162688.0
674 19458162688.0
675 19550482432.0
676 19525304320.0
677 19458162688.0
678 19458162688.0
679 19458162688.0
680 19458162688.0
681 19458162688.0
682 19458162688.0
683 19458162688.0
684 19458162688.0
685 19567267840.0
686 19575660544.0
687 19458162688.0
688 19458162688.0
689 19458162688.0
690 19458162688.0
691 19458162688.0
692 19458162688.0
693 19458162688.0
694 19458162688.0
695 19458162688.0
696 19626016768.0
697 19458162688.0
698 19458162688.0
699 19458162688.0
700 19458162688.0
701 19458162688.0
702 19458162688.0
703 19458162688.0
704 19458162688.0
705 19458162688.0
706 19575660544.0
707 19458162688.0
708 19458162688.0
709 19458162688.0
710 19458162688.0
711 19458162688.0
712 19458162688.0
713 19458162688.0
714 19458162688.0
715 19458162688.0
716 19626016768.0
717 19458162688.0
718 19458162688.0
719 19458162688.0
720 19458162688.0
721 19458162688.0
722 19458162688.0
723 19458162688.0
724 19458162688.0
725 19458162688.0
726 19676372992.0
727 19458162688.0
728 19458162688.0
729 19458162688.0
730 19458162688.0
731 19458162688.0
732 19458162688.0
733 19458162688.0
734 19458162688.0
735 19458162688.0
736 19709943808.0
737 19458162688.0
738 19458162688.0
739 19458162688.0
740 19458162688.0
741 19458162688.0
742 19458162688.0
743 19458162688.0
744 19458162688.0
745 19458162688.0
746 19777085440.0
747 19458162688.0
748 19458162688.0
749 19458162688.0
750 19458162688.0
751 19458162688.0
752 19458162688.0
753 19458162688.0
754 19458162688.0
755 19458162688.0
756 19810656256.0
757 19458162688.0
758 19458162688.0
759 19458162688.0
760 19458162688.0
761 19458162688.0
762 19458162688.0
763 19458162688.0
764 19458162688.0
765 19458162688.0
766 19609231360.0
767 19458162688.0
768 19458162688.0
769 19458162688.0
770 19458162688.0
771 19458162688.0
772 19458162688.0
773 19458162688.0
774 19458162688.0
775 19458162688.0
776 19600838656.0
777 19474948096.0
778 19458162688.0
779 19458162688.0
780 19458162688.0
781 19458162688.0
782 19458162688.0
783 19458162688.0
784 19458162688.0
785 19458162688.0
786 19508518912.0
787 19575660544.0
788 19458162688.0
789 19458162688.0
790 19458162688.0
791 19458162688.0
792 19458162688.0
793 19458162688.0
794 19458162688.0
795 19458162688.0
796 19458162688.0
797 19575660544.0
798 19458162688.0
799 19458162688.0
800 19458162688.0
801 19458162688.0
802 19458162688.0
803 19458162688.0
804 19458162688.0
805 19458162688.0
806 19458162688.0
807 19626016768.0
808 19458162688.0
809 19458162688.0
810 19458162688.0
811 19458162688.0
812 19458162688.0
813 19458162688.0
814 19458162688.0
815 19458162688.0
816 19458162688.0
817 19726729216.0
818 19458162688.0
819 19458162688.0
820 19458162688.0
821 19458162688.0
822 19458162688.0
823 19458162688.0
824 19458162688.0
825 19458162688.0
826 19458162688.0
827 19777085440.0
828 19458162688.0
829 19458162688.0
830 19458162688.0
831 19458162688.0
832 19458162688.0
833 19458162688.0
834 19458162688.0
835 19458162688.0
836 19458162688.0
837 19726729216.0
838 19458162688.0
839 19458162688.0
840 19458162688.0
841 19458162688.0
842 19458162688.0
843 19458162688.0
844 19458162688.0
845 19458162688.0
846 19458162688.0
847 19600838656.0
848 19525304320.0
849 19458162688.0
850 19458162688.0
851 19458162688.0
852 19458162688.0
853 19458162688.0
854 19458162688.0
855 19458162688.0
856 19458162688.0
857 19626016768.0
858 19575660544.0
859 19458162688.0
860 19458162688.0
861 19458162688.0
862 19458162688.0
863 19458162688.0
864 19458162688.0
865 19458162688.0
866 19458162688.0
867 19458162688.0
868 19525304320.0
869 19458162688.0
870 19458162688.0
871 19458162688.0
872 19458162688.0
873 19458162688.0
874 19458162688.0
875 19458162688.0
876 19458162688.0
877 19458162688.0
878 19676372992.0
879 19458162688.0
880 19458162688.0
881 19458162688.0
882 19458162688.0
883 19458162688.0
884 19458162688.0
885 19458162688.0
886 19458162688.0
887 19458162688.0
888 19768692736.0
889 19458162688.0
890 19458162688.0
891 19458162688.0
892 19458162688.0
893 19458162688.0
894 19458162688.0
895 19458162688.0
896 19458162688.0
897 19458162688.0
898 19810656256.0
899 19458162688.0
900 19458162688.0
901 19458162688.0
902 19458162688.0
903 19458162688.0
904 19458162688.0
905 19458162688.0
906 19458162688.0
907 19458162688.0
908 19777085440.0
909 19458162688.0
910 19458162688.0
911 19458162688.0
912 19458162688.0
913 19458162688.0
914 19458162688.0
915 19458162688.0
916 19458162688.0
917 19458162688.0
918 19810656256.0
919 19474948096.0
920 19458162688.0
921 19458162688.0
922 19458162688.0
923 19458162688.0
924 19458162688.0
925 19458162688.0
926 19458162688.0
927 19458162688.0
928 19819048960.0
929 19474948096.0
930 19458162688.0
931 19458162688.0
932 19458162688.0
933 19458162688.0
934 19458162688.0
935 19458162688.0
936 19458162688.0
937 19458162688.0
938 19785478144.0
939 19474948096.0
940 19458162688.0
941 19458162688.0
942 19458162688.0
943 19458162688.0
944 19458162688.0
945 19458162688.0
946 19458162688.0
947 19458162688.0
948 19458162688.0
949 19575660544.0
950 19458162688.0
951 19458162688.0
952 19458162688.0
953 19458162688.0
954 19458162688.0
955 19458162688.0
956 19458162688.0
957 19458162688.0
958 19458162688.0
959 19626016768.0
960 19458162688.0
961 19458162688.0
962 19458162688.0
963 19458162688.0
964 19458162688.0
965 19458162688.0
966 19458162688.0
967 19458162688.0
968 19458162688.0
969 19709943808.0
970 19458162688.0
971 19458162688.0
972 19458162688.0
973 19458162688.0
974 19458162688.0
975 19458162688.0
976 19458162688.0
977 19458162688.0
978 19458162688.0
979 19709943808.0
980 19458162688.0
981 19458162688.0
982 19458162688.0
983 19458162688.0
984 19458162688.0
985 19458162688.0
986 19458162688.0
987 19458162688.0
988 19458162688.0
989 19718336512.0
990 19458162688.0
991 19458162688.0
992 19458162688.0
993 19458162688.0
994 19458162688.0
995 19458162688.0
996 19458162688.0
997 19458162688.0
998 19458162688.0
999 19835834368.0
1000 19458162688.0
1001 19458162688.0
1002 19458162688.0
1003 19458162688.0
1004 19458162688.0
1005 19458162688.0
1006 19458162688.0
1007 19458162688.0
1008 19458162688.0
1009 19810656256.0
1010 19458162688.0
1011 19458162688.0
1012 19458162688.0
1013 19458162688.0
1014 19458162688.0
1015 19458162688.0
1016 19458162688.0
1017 19458162688.0
1018 19458162688.0
1019 19852619776.0
1020 19458162688.0
1021 19458162688.0
1022 19458162688.0
1023 19458162688.0
1024 19458162688.0
1025 19458162688.0
1026 19458162688.0
1027 19458162688.0
1028 19458162688.0
1029 19701551104.0
1030 19474948096.0
1031 19458162688.0
1032 19458162688.0
1033 19458162688.0
1034 19458162688.0
1035 19458162688.0
1036 19458162688.0
1037 19458162688.0
1038 19458162688.0
1039 19466555392.0
1040 19474948096.0
1041 19458162688.0
1042 19458162688.0
1043 19458162688.0
1044 19458162688.0
1045 19458162688.0
1046 19458162688.0
1047 19458162688.0
1048 19458162688.0
1049 19458162688.0
1050 19651194880.0
1051 19458162688.0
1052 19458162688.0
1053 19458162688.0
1054 19458162688.0
1055 19458162688.0
1056 19458162688.0
1057 19458162688.0
1058 19458162688.0
1059 19458162688.0
1060 19777085440.0
1061 19458162688.0
1062 19458162688.0
1063 19458162688.0
1064 19458162688.0
1065 19458162688.0
1066 19458162688.0
1067 19458162688.0
1068 19458162688.0
1069 19458162688.0
1070 19869405184.0
1071 19458162688.0
1072 19458162688.0
1073 19458162688.0
1074 19458162688.0
1075 19458162688.0
1076 19458162688.0
1077 19458162688.0
1078 19458162688.0
1079 19458162688.0
1080 19810656256.0
1081 19458162688.0
1082 19458162688.0
1083 19458162688.0
1084 19458162688.0
1085 19458162688.0
1086 19458162688.0
1087 19458162688.0
1088 19458162688.0
1089 19458162688.0
1090 19768692736.0
1091 19458162688.0
1092 19458162688.0
1093 19458162688.0
1094 19458162688.0
1095 19458162688.0
1096 19458162688.0
1097 19458162688.0
1098 19458162688.0
1099 19458162688.0
1100 19760300032.0
1101 19458162688.0
1102 19458162688.0
1103 19458162688.0
1104 19458162688.0
1105 19458162688.0
1106 19458162688.0
1107 19458162688.0
1108 19458162688.0
1109 19458162688.0
1110 19466555392.0
1111 19525304320.0
1112 19458162688.0
1113 19458162688.0
1114 19458162688.0
1115 19458162688.0
1116 19458162688.0
1117 19458162688.0
1118 19458162688.0
1119 19458162688.0
1120 19458162688.0
1121 19626016768.0
1122 19458162688.0
1123 19458162688.0
1124 19458162688.0
1125 19458162688.0
1126 19458162688.0
1127 19458162688.0
1128 19458162688.0
1129 19458162688.0
1130 19458162688.0
1131 19659587584.0
1132 19458162688.0
1133 19458162688.0
1134 19458162688.0
1135 19458162688.0
1136 19458162688.0
1137 19458162688.0
1138 19458162688.0
1139 19458162688.0
1140 19458162688.0
1141 19760300032.0
1142 19458162688.0
1143 19458162688.0
1144 19458162688.0
1145 19458162688.0
1146 19458162688.0
1147 19458162688.0
1148 19458162688.0
1149 19458162688.0
1150 19458162688.0
1151 19491733504.0
1152 19458162688.0
1153 19458162688.0
1154 19458162688.0
1155 19458162688.0
1156 19458162688.0
1157 19458162688.0
1158 19458162688.0
1159 19458162688.0
1160 19458162688.0
1161 19458162688.0
1162 19575660544.0
1163 19458162688.0
1164 19458162688.0
1165 19458162688.0
1166 19458162688.0
1167 19458162688.0
1168 19458162688.0
1169 19458162688.0
1170 19458162688.0
1171 19458162688.0
1172 19626016768.0
1173 19458162688.0
1174 19458162688.0
1175 19458162688.0
1176 19458162688.0
1177 19458162688.0
1178 19458162688.0
1179 19458162688.0
1180 19458162688.0
1181 19458162688.0
1182 19626016768.0
1183 19458162688.0
1184 19458162688.0
1185 19458162688.0
1186 19458162688.0
1187 19458162688.0
1188 19458162688.0
1189 19458162688.0
1190 19458162688.0
1191 19458162688.0
1192 19626016768.0
1193 19458162688.0
1194 19458162688.0
1195 19458162688.0
1196 19458162688.0
1197 19458162688.0
1198 19458162688.0
1199 19458162688.0
1200 19458162688.0
1201 19458162688.0
1202 19709943808.0
1203 19458162688.0
1204 19458162688.0
1205 19458162688.0
1206 19458162688.0
1207 19458162688.0
1208 19458162688.0
1209 19458162688.0
1210 19458162688.0
1211 19458162688.0
1212 19751907328.0
1213 19458162688.0
1214 19458162688.0
1215 19458162688.0
1216 19458162688.0
1217 19458162688.0
1218 19458162688.0
1219 19458162688.0
1220 19458162688.0
1221 19458162688.0
1222 19751907328.0
1223 19458162688.0
1224 19458162688.0
1225 19458162688.0
1226 19458162688.0
1227 19458162688.0
1228 19458162688.0
1229 19458162688.0
1230 19458162688.0
1231 19458162688.0
1232 19819048960.0
1233 19458162688.0
1234 19458162688.0
1235 19458162688.0
1236 19458162688.0
1237 19458162688.0
1238 19458162688.0
1239 19458162688.0
1240 19458162688.0
1241 19458162688.0
1242 19819048960.0
1243 19458162688.0
1244 19458162688.0
1245 19458162688.0
1246 19458162688.0
1247 19458162688.0
1248 19458162688.0
1249 19458162688.0
1250 19458162688.0
1251 19458162688.0
1252 19793870848.0
1253 19458162688.0
1254 19458162688.0
1255 19458162688.0
1256 19458162688.0
1257 19458162688.0
1258 19458162688.0
1259 19458162688.0
1260 19458162688.0
1261 19458162688.0
1262 19760300032.0
1263 19458162688.0
1264 19458162688.0
1265 19458162688.0
1266 19458162688.0
1267 19458162688.0
1268 19458162688.0
1269 19458162688.0
1270 19458162688.0
1271 19458162688.0
1272 19659587584.0
1273 19474948096.0
1274 19458162688.0
1275 19458162688.0
1276 19458162688.0
1277 19458162688.0
1278 19458162688.0
1279 19458162688.0
1280 19458162688.0
1281 19458162688.0
1282 19768692736.0
1283 19525304320.0
1284 19458162688.0
1285 19458162688.0
1286 19458162688.0
1287 19458162688.0
1288 19458162688.0
1289 19458162688.0
1290 19458162688.0
1291 19458162688.0
1292 19575660544.0
1293 19575660544.0
1294 19458162688.0
1295 19458162688.0
1296 19458162688.0
1297 19458162688.0
1298 19458162688.0
1299 19458162688.0
1300 19458162688.0
1301 19458162688.0
1302 19458162688.0
1303 19575660544.0
1304 19458162688.0
1305 19458162688.0
1306 19458162688.0
1307 19458162688.0
1308 19458162688.0
1309 19458162688.0
1310 19458162688.0
1311 19458162688.0
1312 19458162688.0
1313 19676372992.0
1314 19458162688.0
1315 19458162688.0
1316 19458162688.0
1317 19458162688.0
1318 19458162688.0
1319 19458162688.0
1320 19458162688.0
1321 19458162688.0
1322 19458162688.0
1323 19626016768.0
1324 19458162688.0
1325 19458162688.0
1326 19458162688.0
1327 19458162688.0
1328 19458162688.0
1329 19458162688.0
1330 19458162688.0
1331 19458162688.0
1332 19458162688.0
1333 19676372992.0
1334 19458162688.0
1335 19458162688.0
1336 19458162688.0
1337 19458162688.0
1338 19458162688.0
1339 19458162688.0
1340 19458162688.0
1341 19458162688.0
1342 19458162688.0
1343 19777085440.0
1344 19458162688.0
1345 19458162688.0
1346 19458162688.0
1347 19458162688.0
1348 19458162688.0
1349 19458162688.0
1350 19458162688.0
1351 19458162688.0
1352 19458162688.0
1353 19777085440.0
1354 19458162688.0
1355 19458162688.0
1356 19458162688.0
1357 19458162688.0
1358 19458162688.0
1359 19458162688.0
1360 19458162688.0
1361 19458162688.0
1362 19458162688.0
1363 19802263552.0
1364 19458162688.0
1365 19458162688.0
1366 19458162688.0
1367 19458162688.0
1368 19458162688.0
1369 19458162688.0
1370 19458162688.0
1371 19458162688.0
1372 19458162688.0
1373 19777085440.0
1374 19458162688.0
1375 19458162688.0
1376 19458162688.0
1377 19458162688.0
1378 19458162688.0
1379 19458162688.0
1380 19458162688.0
1381 19458162688.0
1382 19458162688.0
1383 19760300032.0
1384 19458162688.0
1385 19458162688.0
1386 19458162688.0
1387 19458162688.0
1388 19458162688.0
1389 19458162688.0
1390 19458162688.0
1391 19458162688.0
1392 19458162688.0
1393 19701551104.0
1394 19474948096.0
1395 19458162688.0
1396 19458162688.0
1397 19458162688.0
1398 19458162688.0
1399 19458162688.0
1400 19458162688.0
1401 19458162688.0
1402 19458162688.0
1403 19491733504.0
1404 19575660544.0
1405 19458162688.0
1406 19458162688.0
1407 19458162688.0
1408 19458162688.0
1409 19458162688.0
1410 19458162688.0
1411 19458162688.0
1412 19458162688.0
1413 19458162688.0
1414 19626016768.0
1415 19458162688.0
1416 19458162688.0
1417 19458162688.0
1418 19458162688.0
1419 19458162688.0
1420 19458162688.0
1421 19458162688.0
1422 19458162688.0
1423 19458162688.0
1424 19701551104.0
1425 19458162688.0
1426 19458162688.0
1427 19458162688.0
1428 19458162688.0
1429 19458162688.0
1430 19458162688.0
1431 19458162688.0
1432 19458162688.0
1433 19458162688.0
1434 19751907328.0
1435 19458162688.0
1436 19458162688.0
1437 19458162688.0
1438 19458162688.0
1439 19458162688.0
1440 19458162688.0
1441 19458162688.0
1442 19458162688.0
1443 19458162688.0
1444 19777085440.0
1445 19458162688.0
1446 19458162688.0
1447 19458162688.0
1448 19458162688.0
1449 19458162688.0
1450 19458162688.0
1451 19458162688.0
1452 19458162688.0
1453 19458162688.0
1454 19861012480.0
1455 19458162688.0
1456 19458162688.0
1457 19458162688.0
1458 19458162688.0
1459 19458162688.0
1460 19458162688.0
1461 19458162688.0
1462 19458162688.0
1463 19458162688.0
1464 19810656256.0
1465 19458162688.0
1466 19458162688.0
1467 19458162688.0
1468 19458162688.0
1469 19458162688.0
1470 19458162688.0
1471 19458162688.0
1472 19458162688.0
1473 19458162688.0
1474 19810656256.0
1475 19458162688.0
1476 19458162688.0
1477 19458162688.0
1478 19458162688.0
1479 19458162688.0
1480 19458162688.0
1481 19458162688.0
1482 19458162688.0
1483 19458162688.0
1484 19802263552.0
1485 19458162688.0
1486 19458162688.0
1487 19458162688.0
1488 19458162688.0
1489 19458162688.0
1490 19458162688.0
1491 19458162688.0
1492 19458162688.0
1493 19458162688.0
1494 19802263552.0
1495 19458162688.0
1496 19458162688.0
1497 19458162688.0
1498 19458162688.0
1499 19458162688.0
1500 19458162688.0
1501 19458162688.0
1502 19458162688.0
1503 19458162688.0
1504 19802263552.0
1505 19474948096.0
1506 19458162688.0
1507 19458162688.0
1508 19458162688.0
1509 19458162688.0
1510 19458162688.0
1511 19458162688.0
1512 19458162688.0
1513 19458162688.0
1514 19693158400.0
1515 19525304320.0
1516 19458162688.0
1517 19458162688.0
1518 19458162688.0
1519 19458162688.0
1520 19458162688.0
1521 19458162688.0
1522 19458162688.0
1523 19458162688.0
1524 19600838656.0
1525 19525304320.0
1526 19458162688.0
1527 19458162688.0
1528 19458162688.0
1529 19458162688.0
1530 19458162688.0
1531 19458162688.0
1532 19458162688.0
1533 19458162688.0
1534 19458162688.0
1535 19626016768.0
1536 19458162688.0
1537 19458162688.0
1538 19458162688.0
1539 19458162688.0
1540 19458162688.0
1541 19458162688.0
1542 19458162688.0
1543 19458162688.0
1544 19458162688.0
1545 19626016768.0
1546 19458162688.0
1547 19458162688.0
1548 19458162688.0
1549 19458162688.0
1550 19458162688.0
1551 19458162688.0
1552 19458162688.0
1553 19458162688.0
1554 19458162688.0
1555 19709943808.0
1556 19458162688.0
1557 19458162688.0
1558 19458162688.0
1559 19458162688.0
1560 19458162688.0
1561 19458162688.0
1562 19458162688.0
1563 19458162688.0
1564 19458162688.0
1565 19777085440.0
1566 19458162688.0
1567 19458162688.0
1568 19458162688.0
1569 19458162688.0
1570 19458162688.0
1571 19458162688.0
1572 19458162688.0
1573 19458162688.0
1574 19458162688.0
1575 19793870848.0
1576 19458162688.0
1577 19458162688.0
1578 19458162688.0
1579 19458162688.0
1580 19458162688.0
1581 19458162688.0
1582 19458162688.0
1583 19458162688.0
1584 19458162688.0
1585 19768692736.0
1586 19458162688.0
1587 19458162688.0
1588 19458162688.0
1589 19458162688.0
1590 19458162688.0
1591 19458162688.0
1592 19458162688.0
1593 19458162688.0
1594 19458162688.0
1595 19777085440.0
1596 19458162688.0
1597 19458162688.0
1598 19458162688.0
1599 19458162688.0
1600 19458162688.0
1601 19458162688.0
1602 19458162688.0
1603 19458162688.0
1604 19458162688.0
1605 19617624064.0
1606 19474948096.0
1607 19458162688.0
1608 19458162688.0
1609 19458162688.0
1610 19458162688.0
1611 19458162688.0
1612 19458162688.0
1613 19458162688.0
1614 19458162688.0
1615 19458162688.0
1616 19525304320.0
1617 19458162688.0
1618 19458162688.0
1619 19458162688.0
1620 19458162688.0
1621 19458162688.0
1622 19458162688.0
1623 19458162688.0
1624 19458162688.0
1625 19458162688.0
1626 19626016768.0
1627 19458162688.0
1628 19458162688.0
1629 19458162688.0
1630 19458162688.0
1631 19458162688.0
1632 19458162688.0
1633 19458162688.0
1634 19458162688.0
1635 19458162688.0
1636 19626016768.0
1637 19458162688.0
1638 19458162688.0
1639 19458162688.0
1640 19458162688.0
1641 19458162688.0
1642 19458162688.0
1643 19458162688.0
1644 19458162688.0
1645 19458162688.0
1646 19693158400.0
1647 19458162688.0
1648 19458162688.0
1649 19458162688.0
1650 19458162688.0
1651 19458162688.0
1652 19458162688.0
1653 19458162688.0
1654 19458162688.0
1655 19458162688.0
1656 19785478144.0
1657 19458162688.0
1658 19458162688.0
1659 19458162688.0
1660 19458162688.0
1661 19458162688.0
1662 19458162688.0
1663 19458162688.0
1664 19458162688.0
1665 19458162688.0
1666 19852619776.0
1667 19458162688.0
1668 19458162688.0
1669 19458162688.0
1670 19458162688.0
1671 19458162688.0
1672 19458162688.0
1673 19458162688.0
1674 19458162688.0
1675 19458162688.0
1676 19810656256.0
1677 19458162688.0
1678 19458162688.0
1679 19458162688.0
1680 19458162688.0
1681 19458162688.0
1682 19458162688.0
1683 19458162688.0
1684 19458162688.0
1685 19458162688.0
1686 19877797888.0
1687 19458162688.0
1688 19458162688.0
1689 19458162688.0
1690 19458162688.0
1691 19458162688.0
1692 19458162688.0
1693 19458162688.0
1694 19458162688.0
1695 19458162688.0
1696 19634409472.0
1697 19458162688.0
1698 19458162688.0
1699 19458162688.0
1700 19458162688.0
1701 19458162688.0
1702 19458162688.0
1703 19458162688.0
1704 19458162688.0
1705 19458162688.0
1706 19458162688.0
1707 19474948096.0
1708 19458162688.0
1709 19458162688.0
1710 19458162688.0
1711 19458162688.0
1712 19458162688.0
1713 19458162688.0
1714 19458162688.0
1715 19458162688.0
1716 19458162688.0
1717 19525304320.0
1718 19458162688.0
1719 19458162688.0
1720 19458162688.0
1721 19458162688.0
1722 19458162688.0
1723 19458162688.0
1724 19458162688.0
1725 19458162688.0
1726 19458162688.0
1727 19676372992.0
1728 19458162688.0
1729 19458162688.0
1730 19458162688.0
1731 19458162688.0
1732 19458162688.0
1733 19458162688.0
1734 19458162688.0
1735 19458162688.0
1736 19458162688.0
1737 19626016768.0
1738 19458162688.0
1739 19458162688.0
1740 19458162688.0
1741 19458162688.0
1742 19458162688.0
1743 19458162688.0
1744 19458162688.0
1745 19458162688.0
1746 19458162688.0
1747 19693158400.0
1748 19458162688.0
1749 19458162688.0
1750 19458162688.0
1751 19458162688.0
1752 19458162688.0
1753 19458162688.0
1754 19458162688.0
1755 19458162688.0
1756 19458162688.0
1757 19626016768.0
1758 19458162688.0
1759 19458162688.0
1760 19458162688.0
1761 19458162688.0
1762 19458162688.0
1763 19458162688.0
1764 19458162688.0
1765 19458162688.0
1766 19458162688.0
1767 19676372992.0
1768 19458162688.0
1769 19458162688.0
1770 19458162688.0
1771 19458162688.0
1772 19458162688.0
1773 19458162688.0
1774 19458162688.0
1775 19458162688.0
1776 19458162688.0
1777 19844227072.0
1778 19458162688.0
1779 19458162688.0
1780 19458162688.0
1781 19458162688.0
1782 19458162688.0
1783 19458162688.0
1784 19458162688.0
1785 19458162688.0
1786 19458162688.0
1787 19793870848.0
1788 19458162688.0
1789 19458162688.0
1790 19458162688.0
1791 19458162688.0
1792 19458162688.0
1793 19458162688.0
1794 19458162688.0
1795 19458162688.0
1796 19458162688.0
1797 19785478144.0
1798 19458162688.0
1799 19458162688.0
1800 19458162688.0
1801 19458162688.0
1802 19458162688.0
1803 19458162688.0
1804 19458162688.0
1805 19458162688.0
1806 19458162688.0
1807 19819048960.0
1808 19458162688.0
1809 19458162688.0
1810 19458162688.0
1811 19458162688.0
1812 19458162688.0
1813 19458162688.0
1814 19458162688.0
1815 19458162688.0
1816 19458162688.0
1817 19676372992.0
1818 19458162688.0
1819 19458162688.0
1820 19458162688.0
1821 19458162688.0
1822 19458162688.0
1823 19458162688.0
1824 19458162688.0
1825 19458162688.0
1826 19458162688.0
1827 19793870848.0
1828 19458162688.0
1829 19458162688.0
1830 19458162688.0
1831 19458162688.0
1832 19458162688.0
1833 19458162688.0
1834 19458162688.0
1835 19458162688.0
1836 19458162688.0
1837 19810656256.0
1838 19458162688.0
1839 19458162688.0
1840 19458162688.0
1841 19458162688.0
1842 19458162688.0
1843 19458162688.0
1844 19458162688.0
1845 19458162688.0
1846 19458162688.0
1847 19785478144.0
1848 19525304320.0
1849 19458162688.0
1850 19458162688.0
1851 19458162688.0
1852 19458162688.0
1853 19458162688.0
1854 19458162688.0
1855 19458162688.0
1856 19458162688.0
1857 19592445952.0
1858 19525304320.0
1859 19458162688.0
1860 19458162688.0
1861 19458162688.0
1862 19458162688.0
1863 19458162688.0
1864 19458162688.0
1865 19458162688.0
1866 19458162688.0
1867 19525304320.0
1868 19575660544.0
1869 19458162688.0
1870 19458162688.0
1871 19458162688.0
1872 19458162688.0
1873 19458162688.0
1874 19458162688.0
1875 19458162688.0
1876 19458162688.0
1877 19458162688.0
1878 19525304320.0
1879 19458162688.0
1880 19458162688.0
1881 19458162688.0
1882 19458162688.0
1883 19458162688.0
1884 19458162688.0
1885 19458162688.0
1886 19458162688.0
1887 19458162688.0
1888 19676372992.0
1889 19458162688.0
1890 19458162688.0
1891 19458162688.0
1892 19458162688.0
1893 19458162688.0
1894 19458162688.0
1895 19458162688.0
1896 19458162688.0
1897 19458162688.0
1898 19718336512.0
1899 19458162688.0
1900 19458162688.0
1901 19458162688.0
1902 19458162688.0
1903 19458162688.0
1904 19458162688.0
1905 19458162688.0
1906 19458162688.0
1907 19458162688.0
1908 19651194880.0
1909 19458162688.0
1910 19458162688.0
1911 19458162688.0
1912 19458162688.0
1913 19458162688.0
1914 19458162688.0
1915 19458162688.0
1916 19458162688.0
1917 19458162688.0
1918 19701551104.0
1919 19458162688.0
1920 19458162688.0
1921 19458162688.0
1922 19458162688.0
1923 19458162688.0
1924 19458162688.0
1925 19458162688.0
1926 19458162688.0
1927 19458162688.0
1928 19533697024.0
1929 19525304320.0
1930 19458162688.0
1931 19458162688.0
1932 19458162688.0
1933 19458162688.0
1934 19458162688.0
1935 19458162688.0
1936 19458162688.0
1937 19458162688.0
1938 19458162688.0
1939 19642802176.0
1940 19458162688.0
1941 19458162688.0
1942 19458162688.0
1943 19458162688.0
1944 19458162688.0
1945 19458162688.0
1946 19458162688.0
1947 19458162688.0
1948 19458162688.0
1949 19693158400.0
1950 19458162688.0
1951 19458162688.0
1952 19458162688.0
1953 19458162688.0
1954 19458162688.0
1955 19458162688.0
1956 19458162688.0
1957 19458162688.0
1958 19458162688.0
1959 19802263552.0
1960 19458162688.0
1961 19458162688.0
1962 19458162688.0
1963 19458162688.0
1964 19458162688.0
1965 19458162688.0
1966 19458162688.0
1967 19458162688.0
1968 19458162688.0
1969 19810656256.0
1970 19458162688.0
1971 19458162688.0
1972 19458162688.0
1973 19458162688.0
1974 19458162688.0
1975 19458162688.0
1976 19458162688.0
1977 19458162688.0
1978 19458162688.0
1979 19810656256.0
1980 19458162688.0
1981 19458162688.0
1982 19458162688.0
1983 19458162688.0
1984 19458162688.0
1985 19458162688.0
1986 19458162688.0
1987 19458162688.0
1988 19458162688.0
1989 19676372992.0
1990 19458162688.0
1991 19458162688.0
1992 19458162688.0
1993 19458162688.0
1994 19458162688.0
1995 19458162688.0
1996 19458162688.0
1997 19458162688.0
1998 19458162688.0
1999 19777085440.0
2000 19474948096.0
2001 19458162688.0
2002 19458162688.0
2003 19458162688.0
2004 19458162688.0
2005 19458162688.0
2006 19458162688.0
2007 19458162688.0
2008 19458162688.0
2009 19735121920.0
2010 19458162688.0
2011 19458162688.0
2012 19458162688.0
2013 19458162688.0
2014 19458162688.0
2015 19458162688.0
2016 19458162688.0
2017 19458162688.0
2018 19458162688.0
2019 19458162688.0
2020 19575660544.0
2021 19458162688.0
2022 19458162688.0
2023 19458162688.0
2024 19458162688.0
2025 19458162688.0
2026 19458162688.0
2027 19458162688.0
2028 19458162688.0
2029 19458162688.0
2030 19626016768.0
2031 19458162688.0
2032 19458162688.0
2033 19458162688.0
2034 19458162688.0
2035 19458162688.0
2036 19458162688.0
2037 19458162688.0
2038 19458162688.0
2039 19458162688.0
2040 19626016768.0
2041 19458162688.0
2042 19458162688.0
2043 19458162688.0
2044 19458162688.0
2045 19458162688.0
2046 19458162688.0
2047 19458162688.0
2048 19458162688.0
2049 19458162688.0
2050 19575660544.0
2051 19458162688.0
2052 19458162688.0
2053 19458162688.0
2054 19458162688.0
2055 19458162688.0
2056 19458162688.0
2057 19458162688.0
2058 19458162688.0
2059 19458162688.0
2060 19676372992.0
2061 19458162688.0
2062 19458162688.0
2063 19458162688.0
2064 19458162688.0
2065 19458162688.0
2066 19458162688.0
2067 19458162688.0
2068 19458162688.0
2069 19458162688.0
2070 19609231360.0
2071 19458162688.0
2072 19458162688.0
2073 19458162688.0
2074 19458162688.0
2075 19458162688.0
2076 19458162688.0
2077 19458162688.0
2078 19458162688.0
2079 19458162688.0
2080 19777085440.0
2081 19458162688.0
2082 19458162688.0
2083 19458162688.0
2084 19458162688.0
2085 19458162688.0
2086 19458162688.0
2087 19458162688.0
2088 19458162688.0
2089 19458162688.0
2090 19735121920.0
2091 19458162688.0
2092 19458162688.0
2093 19458162688.0
2094 19458162688.0
2095 19458162688.0
2096 19458162688.0
2097 19458162688.0
2098 19458162688.0
2099 19458162688.0
2100 19844227072.0
2101 19525304320.0
2102 19458162688.0
2103 19458162688.0
2104 19458162688.0
2105 19458162688.0
2106 19458162688.0
2107 19458162688.0
2108 19458162688.0
2109 19458162688.0
2110 19508518912.0
2111 19575660544.0
2112 19458162688.0
2113 19458162688.0
2114 19458162688.0
2115 19458162688.0
2116 19458162688.0
2117 19458162688.0
2118 19458162688.0
2119 19458162688.0
2120 19458162688.0
2121 19575660544.0
2122 19458162688.0
2123 19458162688.0
2124 19458162688.0
2125 19458162688.0
2126 19458162688.0
2127 19458162688.0
2128 19458162688.0
2129 19458162688.0
2130 19458162688.0
2131 19626016768.0
2132 19458162688.0
2133 19458162688.0
2134 19458162688.0
2135 19458162688.0
2136 19458162688.0
2137 19458162688.0
2138 19458162688.0
2139 19458162688.0
2140 19458162688.0
2141 19676372992.0
2142 19458162688.0
2143 19458162688.0
2144 19458162688.0
2145 19458162688.0
2146 19458162688.0
2147 19458162688.0
2148 19458162688.0
2149 19458162688.0
2150 19458162688.0
2151 19676372992.0
2152 19458162688.0
2153 19458162688.0
2154 19458162688.0
2155 19458162688.0
2156 19458162688.0
2157 19458162688.0
2158 19458162688.0
2159 19458162688.0
2160 19458162688.0
2161 19751907328.0
2162 19458162688.0
2163 19458162688.0
2164 19458162688.0
2165 19458162688.0
2166 19458162688.0
2167 19458162688.0
2168 19458162688.0
2169 19458162688.0
2170 19458162688.0
2171 19785478144.0
2172 19458162688.0
2173 19458162688.0
2174 19458162688.0
2175 19458162688.0
2176 19458162688.0
2177 19458162688.0
2178 19458162688.0
2179 19458162688.0
2180 19458162688.0
2181 19852619776.0
2182 19458162688.0
2183 19458162688.0
2184 19458162688.0
2185 19458162688.0
2186 19458162688.0
2187 19458162688.0
2188 19458162688.0
2189 19458162688.0
2190 19458162688.0
2191 19844227072.0
2192 19458162688.0
2193 19458162688.0
2194 19458162688.0
2195 19458162688.0
2196 19458162688.0
2197 19458162688.0
2198 19458162688.0
2199 19458162688.0
2200 19458162688.0
2201 19844227072.0
2202 19458162688.0
2203 19458162688.0
2204 19458162688.0
2205 19458162688.0
2206 19458162688.0
2207 19458162688.0
2208 19458162688.0
2209 19458162688.0
2210 19458162688.0
2211 19785478144.0
2212 19458162688.0
2213 19458162688.0
2214 19458162688.0
2215 19458162688.0
2216 19458162688.0
2217 19458162688.0
2218 19458162688.0
2219 19458162688.0
2220 19458162688.0
2221 19810656256.0
2222 19458162688.0
2223 19458162688.0
2224 19458162688.0
2225 19458162688.0
2226 19458162688.0
2227 19458162688.0
2228 19458162688.0
2229 19458162688.0
2230 19458162688.0
2231 19508518912.0
2232 19575660544.0
2233 19458162688.0
2234 19458162688.0
2235 19458162688.0
2236 19458162688.0
2237 19458162688.0
2238 19458162688.0
2239 19458162688.0
2240 19458162688.0
2241 19458162688.0
2242 19600838656.0
2243 19458162688.0
2244 19458162688.0
2245 19458162688.0
2246 19458162688.0
2247 19458162688.0
2248 19458162688.0
2249 19458162688.0
2250 19458162688.0
2251 19458162688.0
2252 19760300032.0
2253 19458162688.0
2254 19458162688.0
2255 19458162688.0
2256 19458162688.0
2257 19458162688.0
2258 19458162688.0
2259 19458162688.0
2260 19458162688.0
2261 19458162688.0
2262 19785478144.0
2263 19458162688.0
2264 19458162688.0
2265 19458162688.0
2266 19458162688.0
2267 19458162688.0
2268 19458162688.0
2269 19458162688.0
2270 19458162688.0
2271 19458162688.0
2272 19810656256.0
2273 19458162688.0
2274 19458162688.0
2275 19458162688.0
2276 19458162688.0
2277 19458162688.0
2278 19458162688.0
2279 19458162688.0
2280 19458162688.0
2281 19458162688.0
2282 19777085440.0
2283 19458162688.0
2284 19458162688.0
2285 19458162688.0
2286 19458162688.0
2287 19458162688.0
2288 19458162688.0
2289 19458162688.0
2290 19458162688.0
2291 19458162688.0
2292 19844227072.0
2293 19458162688.0
2294 19458162688.0
2295 19458162688.0
2296 19458162688.0
2297 19458162688.0
2298 19458162688.0
2299 19458162688.0
2300 19458162688.0
2301 19458162688.0
2302 19852619776.0
2303 19474948096.0
2304 19458162688.0
2305 19458162688.0
2306 19458162688.0
2307 19458162688.0
2308 19458162688.0
2309 19458162688.0
2310 19458162688.0
2311 19458162688.0
2312 19835834368.0
2313 19474948096.0
2314 19458162688.0
2315 19458162688.0
2316 19458162688.0
2317 19458162688.0
2318 19458162688.0
2319 19458162688.0
2320 19458162688.0
2321 19458162688.0
2322 19693158400.0
2323 19474948096.0
2324 19458162688.0
2325 19458162688.0
2326 19458162688.0
2327 19458162688.0
2328 19458162688.0
2329 19458162688.0
2330 19458162688.0
2331 19458162688.0
2332 19810656256.0
2333 19525304320.0
2334 19458162688.0
2335 19458162688.0
2336 19458162688.0
2337 19458162688.0
2338 19458162688.0
2339 19458162688.0
2340 19458162688.0
2341 19458162688.0
2342 19735121920.0
2343 19525304320.0
2344 19458162688.0
2345 19458162688.0
2346 19458162688.0
2347 19458162688.0
2348 19458162688.0
2349 19458162688.0
2350 19458162688.0
2351 19458162688.0
2352 19458162688.0
2353 19575660544.0
2354 19458162688.0
2355 19458162688.0
2356 19458162688.0
2357 19458162688.0
2358 19458162688.0
2359 19458162688.0
2360 19458162688.0
2361 19458162688.0
2362 19458162688.0
2363 19676372992.0
2364 19458162688.0
2365 19458162688.0
2366 19458162688.0
2367 19458162688.0
2368 19458162688.0
2369 19458162688.0
2370 19458162688.0
2371 19458162688.0
2372 19458162688.0
2373 19626016768.0
2374 19458162688.0
2375 19458162688.0
2376 19458162688.0
2377 19458162688.0
2378 19458162688.0
2379 19458162688.0
2380 19458162688.0
2381 19458162688.0
2382 19458162688.0
2383 19760300032.0
2384 19458162688.0
2385 19458162688.0
2386 19458162688.0
2387 19458162688.0
2388 19458162688.0
2389 19458162688.0
2390 19458162688.0
2391 19458162688.0
2392 19458162688.0
2393 19777085440.0
2394 19458162688.0
2395 19458162688.0
2396 19458162688.0
2397 19458162688.0
2398 19458162688.0
2399 19458162688.0
2400 19458162688.0
2401 19458162688.0
2402 19458162688.0
2403 19844227072.0
2404 19458162688.0
2405 19458162688.0
2406 19458162688.0
2407 19458162688.0
2408 19458162688.0
2409 19458162688.0
2410 19458162688.0
2411 19458162688.0
2412 19458162688.0
2413 19810656256.0
2414 19458162688.0
2415 19458162688.0
2416 19458162688.0
2417 19458162688.0
2418 19458162688.0
2419 19458162688.0
2420 19458162688.0
2421 19458162688.0
2422 19458162688.0
2423 19852619776.0
2424 19458162688.0
2425 19458162688.0
2426 19458162688.0
2427 19458162688.0
2428 19458162688.0
2429 19458162688.0
2430 19458162688.0
2431 19458162688.0
2432 19458162688.0
2433 19584053248.0
2434 19458162688.0
2435 19458162688.0
2436 19458162688.0
2437 19458162688.0
2438 19458162688.0
2439 19458162688.0
2440 19458162688.0
2441 19458162688.0
2442 19458162688.0
2443 19458162688.0
2444 19525304320.0
2445 19458162688.0
2446 19458162688.0
2447 19458162688.0
2448 19458162688.0
2449 19458162688.0
2450 19458162688.0
2451 19458162688.0
2452 19458162688.0
2453 19458162688.0
2454 19626016768.0
2455 19458162688.0
2456 19458162688.0
2457 19458162688.0
2458 19458162688.0
2459 19458162688.0
2460 19458162688.0
2461 19458162688.0
2462 19458162688.0
2463 19458162688.0
2464 19676372992.0
2465 19458162688.0
2466 19458162688.0
2467 19458162688.0
2468 19458162688.0
2469 19458162688.0
2470 19458162688.0
2471 19458162688.0
2472 19458162688.0
2473 19458162688.0
2474 19802263552.0
2475 19458162688.0
2476 19458162688.0
2477 19458162688.0
2478 19458162688.0
2479 19458162688.0
2480 19458162688.0
2481 19458162688.0
2482 19458162688.0
2483 19458162688.0
2484 19751907328.0
2485 19458162688.0
2486 19458162688.0
2487 19458162688.0
2488 19458162688.0
2489 19458162688.0
2490 19458162688.0
2491 19458162688.0
2492 19458162688.0
2493 19458162688.0
2494 19810656256.0
2495 19458162688.0
2496 19458162688.0
2497 19458162688.0
2498 19458162688.0
2499 19458162688.0
2500 19458162688.0
2501 19458162688.0
2502 19458162688.0
2503 19458162688.0
2504 19793870848.0
2505 19458162688.0
2506 19458162688.0
2507 19458162688.0
2508 19458162688.0
2509 19458162688.0
2510 19458162688.0
2511 19458162688.0
2512 19458162688.0
2513 19458162688.0
2514 19735121920.0
2515 19458162688.0
2516 19458162688.0
2517 19458162688.0
2518 19458162688.0
2519 19458162688.0
2520 19458162688.0
2521 19458162688.0
2522 19458162688.0
2523 19458162688.0
2524 19793870848.0
2525 19474948096.0
2526 19458162688.0
2527 19458162688.0
2528 19458162688.0
2529 19458162688.0
2530 19458162688.0
2531 19458162688.0
2532 19458162688.0
2533 19458162688.0
2534 19701551104.0
2535 19474948096.0
2536 19458162688.0
2537 19458162688.0
2538 19458162688.0
2539 19458162688.0
2540 19458162688.0
2541 19458162688.0
2542 19458162688.0
2543 19458162688.0
2544 19667980288.0
2545 19474948096.0
2546 19458162688.0
2547 19458162688.0
2548 19458162688.0
2549 19458162688.0
2550 19458162688.0
2551 19458162688.0
2552 19458162688.0
2553 19458162688.0
2554 19525304320.0
2555 19525304320.0
2556 19458162688.0
2557 19458162688.0
2558 19458162688.0
2559 19458162688.0
2560 19458162688.0
2561 19458162688.0
2562 19458162688.0
2563 19458162688.0
2564 19458162688.0
2565 19575660544.0
2566 19458162688.0
2567 19458162688.0
2568 19458162688.0
2569 19458162688.0
2570 19458162688.0
2571 19458162688.0
2572 19458162688.0
2573 19458162688.0
2574 19458162688.0
2575 19575660544.0
2576 19458162688.0
2577 19458162688.0
2578 19458162688.0
2579 19458162688.0
2580 19458162688.0
2581 19458162688.0
2582 19458162688.0
2583 19458162688.0
2584 19458162688.0
2585 19626016768.0
2586 19458162688.0
2587 19458162688.0
2588 19458162688.0
2589 19458162688.0
2590 19458162688.0
2591 19458162688.0
2592 19458162688.0
2593 19458162688.0
2594 19458162688.0
2595 19626016768.0
2596 19458162688.0
2597 19458162688.0
2598 19458162688.0
2599 19458162688.0
2600 19458162688.0
2601 19458162688.0
2602 19458162688.0
2603 19458162688.0
2604 19458162688.0
2605 19651194880.0
2606 19458162688.0
2607 19458162688.0
2608 19458162688.0
2609 19458162688.0
2610 19458162688.0
2611 19458162688.0
2612 19458162688.0
2613 19458162688.0
2614 19458162688.0
2615 19701551104.0
2616 19458162688.0
2617 19458162688.0
2618 19458162688.0
2619 19458162688.0
2620 19458162688.0
2621 19458162688.0
2622 19458162688.0
2623 19458162688.0
2624 19458162688.0
2625 19810656256.0
2626 19458162688.0
2627 19458162688.0
2628 19458162688.0
2629 19458162688.0
2630 19458162688.0
2631 19458162688.0
2632 19458162688.0
2633 19458162688.0
2634 19458162688.0
2635 19844227072.0
2636 19474948096.0
2637 19458162688.0
2638 19458162688.0
2639 19458162688.0
2640 19458162688.0
2641 19458162688.0
2642 19458162688.0
2643 19458162688.0
2644 19458162688.0
2645 19626016768.0
2646 19458162688.0
2647 19458162688.0
2648 19458162688.0
2649 19458162688.0
2650 19458162688.0
2651 19458162688.0
2652 19458162688.0
2653 19458162688.0
2654 19458162688.0
2655 19693158400.0
2656 19525304320.0
2657 19458162688.0
2658 19458162688.0
2659 19458162688.0
2660 19458162688.0
2661 19458162688.0
2662 19458162688.0
2663 19458162688.0
2664 19458162688.0
2665 19575660544.0
2666 19474948096.0
2667 19458162688.0
2668 19458162688.0
2669 19458162688.0
2670 19458162688.0
2671 19458162688.0
2672 19458162688.0
2673 19458162688.0
2674 19458162688.0
2675 19458162688.0
2676 19575660544.0
2677 19458162688.0
2678 19458162688.0
2679 19458162688.0
2680 19458162688.0
2681 19458162688.0
2682 19458162688.0
2683 19458162688.0
2684 19458162688.0
2685 19458162688.0
2686 19626016768.0
2687 19458162688.0
2688 19458162688.0
2689 19458162688.0
2690 19458162688.0
2691 19458162688.0
2692 19458162688.0
2693 19458162688.0
2694 19458162688.0
2695 19458162688.0
2696 19676372992.0
2697 19458162688.0
2698 19458162688.0
2699 19458162688.0
2700 19458162688.0
2701 19458162688.0
2702 19458162688.0
2703 19458162688.0
2704 19458162688.0
2705 19458162688.0
2706 19676372992.0
2707 19458162688.0
2708 19458162688.0
2709 19458162688.0
2710 19458162688.0
2711 19458162688.0
2712 19458162688.0
2713 19458162688.0
2714 19458162688.0
2715 19458162688.0
2716 19718336512.0
2717 19458162688.0
2718 19458162688.0
2719 19458162688.0
2720 19458162688.0
2721 19458162688.0
2722 19458162688.0
2723 19458162688.0
2724 19458162688.0
2725 19458162688.0
2726 19751907328.0
2727 19458162688.0
2728 19458162688.0
2729 19458162688.0
2730 19458162688.0
2731 19458162688.0
2732 19458162688.0
2733 19458162688.0
2734 19458162688.0
2735 19458162688.0
2736 19785478144.0
2737 19458162688.0
2738 19458162688.0
2739 19458162688.0
2740 19458162688.0
2741 19458162688.0
2742 19458162688.0
2743 19458162688.0
2744 19458162688.0
2745 19458162688.0
2746 19743514624.0
2747 19458162688.0
2748 19458162688.0
2749 19458162688.0
2750 19458162688.0
2751 19458162688.0
2752 19458162688.0
2753 19458162688.0
2754 19458162688.0
2755 19458162688.0
2756 19835834368.0
2757 19458162688.0
2758 19458162688.0
2759 19458162688.0
2760 19458162688.0
2761 19458162688.0
2762 19458162688.0
2763 19458162688.0
2764 19458162688.0
2765 19458162688.0
2766 19802263552.0
2767 19458162688.0
2768 19458162688.0
2769 19458162688.0
2770 19458162688.0
2771 19458162688.0
2772 19458162688.0
2773 19458162688.0
2774 19458162688.0
2775 19458162688.0
2776 19802263552.0
2777 19458162688.0
2778 19458162688.0
2779 19458162688.0
2780 19458162688.0
2781 19458162688.0
2782 19458162688.0
2783 19458162688.0
2784 19458162688.0
2785 19458162688.0
2786 19751907328.0
2787 19474948096.0
2788 19458162688.0
2789 19458162688.0
2790 19458162688.0
2791 19458162688.0
2792 19458162688.0
2793 19458162688.0
2794 19458162688.0
2795 19458162688.0
2796 19743514624.0
2797 19474948096.0
2798 19458162688.0
2799 19458162688.0
2800 19458162688.0
2801 19458162688.0
2802 19458162688.0
2803 19458162688.0
2804 19458162688.0
2805 19458162688.0
2806 19458162688.0
2807 19575660544.0
2808 19458162688.0
2809 19458162688.0
2810 19458162688.0
2811 19458162688.0
2812 19458162688.0
2813 19458162688.0
2814 19458162688.0
2815 19458162688.0
2816 19458162688.0
2817 19575660544.0
2818 19458162688.0
2819 19458162688.0
2820 19458162688.0
2821 19458162688.0
2822 19458162688.0
2823 19458162688.0
2824 19458162688.0
2825 19458162688.0
2826 19458162688.0
2827 19626016768.0
2828 19458162688.0
2829 19458162688.0
2830 19458162688.0
2831 19458162688.0
2832 19458162688.0
2833 19458162688.0
2834 19458162688.0
2835 19458162688.0
2836 19458162688.0
2837 19626016768.0
2838 19458162688.0
2839 19458162688.0
2840 19458162688.0
2841 19458162688.0
2842 19458162688.0
2843 19458162688.0
2844 19458162688.0
2845 19458162688.0
2846 19458162688.0
2847 19718336512.0
2848 19458162688.0
2849 19458162688.0
2850 19458162688.0
2851 19458162688.0
2852 19458162688.0
2853 19458162688.0
2854 19458162688.0
2855 19458162688.0
2856 19458162688.0
2857 19751907328.0
2858 19458162688.0
2859 19458162688.0
2860 19458162688.0
2861 19458162688.0
2862 19458162688.0
2863 19458162688.0
2864 19458162688.0
2865 19458162688.0
2866 19458162688.0
2867 19802263552.0
2868 19458162688.0
2869 19458162688.0
2870 19458162688.0
2871 19458162688.0
2872 19458162688.0
2873 19458162688.0
2874 19458162688.0
2875 19458162688.0
2876 19458162688.0
2877 19785478144.0
2878 19458162688.0
2879 19458162688.0
2880 19458162688.0
2881 19458162688.0
2882 19458162688.0
2883 19458162688.0
2884 19458162688.0
2885 19458162688.0
2886 19458162688.0
2887 19777085440.0
2888 19458162688.0
2889 19458162688.0
2890 19458162688.0
2891 19458162688.0
2892 19458162688.0
2893 19458162688.0
2894 19458162688.0
2895 19458162688.0
2896 19458162688.0
2897 19869405184.0
2898 19458162688.0
2899 19458162688.0
2900 19458162688.0
2901 19458162688.0
2902 19458162688.0
2903 19458162688.0
2904 19458162688.0
2905 19458162688.0
2906 19458162688.0
2907 19835834368.0
2908 19525304320.0
2909 19458162688.0
2910 19458162688.0
2911 19458162688.0
2912 19458162688.0
2913 19458162688.0
2914 19458162688.0
2915 19458162688.0
2916 19458162688.0
2917 19709943808.0
2918 19458162688.0
2919 19458162688.0
2920 19458162688.0
2921 19458162688.0
2922 19458162688.0
2923 19458162688.0
2924 19458162688.0
2925 19458162688.0
2926 19458162688.0
2927 19676372992.0
2928 19525304320.0
2929 19458162688.0
2930 19458162688.0
2931 19458162688.0
2932 19458162688.0
2933 19458162688.0
2934 19458162688.0
2935 19458162688.0
2936 19458162688.0
2937 19584053248.0
2938 19525304320.0
2939 19458162688.0
2940 19458162688.0
2941 19458162688.0
2942 19458162688.0
2943 19458162688.0
2944 19458162688.0
2945 19458162688.0
2946 19458162688.0
2947 19458162688.0
2948 19525304320.0
2949 19458162688.0
2950 19458162688.0
2951 19458162688.0
2952 19458162688.0
2953 19458162688.0
2954 19458162688.0
2955 19458162688.0
2956 19458162688.0
2957 19458162688.0
2958 19575660544.0
2959 19458162688.0
2960 19458162688.0
2961 19458162688.0
2962 19458162688.0
2963 19458162688.0
2964 19458162688.0
2965 19458162688.0
2966 19458162688.0
2967 19458162688.0
2968 19626016768.0
2969 19458162688.0
2970 19458162688.0
2971 19458162688.0
2972 19458162688.0
2973 19458162688.0
2974 19458162688.0
2975 19458162688.0
2976 19458162688.0
2977 19458162688.0
2978 19726729216.0
2979 19458162688.0
2980 19458162688.0
2981 19458162688.0
2982 19458162688.0
2983 19458162688.0
2984 19458162688.0
2985 19458162688.0
2986 19458162688.0
2987 19458162688.0
2988 19726729216.0
2989 19458162688.0
2990 19458162688.0
2991 19458162688.0
2992 19458162688.0
2993 19458162688.0
2994 19458162688.0
2995 19458162688.0
2996 19458162688.0
2997 19458162688.0
2998 19777085440.0
2999 19458162688.0
3000 19458162688.0
3001 19458162688.0
3002 19458162688.0
3003 19458162688.0
3004 19458162688.0
3005 19458162688.0
3006 19458162688.0
3007 19458162688.0
3008 19827441664.0
3009 19458162688.0
3010 19458162688.0
3011 19458162688.0
3012 19458162688.0
3013 19458162688.0
3014 19458162688.0
3015 19458162688.0
3016 19458162688.0
3017 19458162688.0
3018 19777085440.0
3019 19458162688.0
3020 19458162688.0
3021 19458162688.0
3022 19458162688.0
3023 19458162688.0
3024 19458162688.0
3025 19458162688.0
3026 19458162688.0
3027 19458162688.0
3028 19768692736.0
3029 19458162688.0
3030 19458162688.0
3031 19458162688.0
3032 19458162688.0
3033 19458162688.0
3034 19458162688.0
3035 19458162688.0
3036 19458162688.0
3037 19458162688.0
3038 19802263552.0
3039 19458162688.0
3040 19458162688.0
3041 19458162688.0
3042 19458162688.0
3043 19458162688.0
3044 19458162688.0
3045 19458162688.0
3046 19458162688.0
3047 19458162688.0
3048 19835834368.0
3049 19458162688.0
3050 19458162688.0
3051 19458162688.0
3052 19458162688.0
3053 19458162688.0
3054 19458162688.0
3055 19458162688.0
3056 19458162688.0
3057 19458162688.0
3058 19819048960.0
3059 19474948096.0
3060 19458162688.0
3061 19458162688.0
3062 19458162688.0
3063 19458162688.0
3064 19458162688.0
3065 19458162688.0
3066 19458162688.0
3067 19458162688.0
3068 19819048960.0
3069 19525304320.0
3070 19458162688.0
3071 19458162688.0
3072 19458162688.0
3073 19458162688.0
3074 19458162688.0
3075 19458162688.0
3076 19458162688.0
3077 19458162688.0
3078 19676372992.0
3079 19474948096.0
3080 19458162688.0
3081 19458162688.0
3082 19458162688.0
3083 19458162688.0
3084 19458162688.0
3085 19458162688.0
3086 19458162688.0
3087 19458162688.0
3088 19609231360.0
3089 19525304320.0
3090 19458162688.0
3091 19458162688.0
3092 19458162688.0
3093 19458162688.0
3094 19458162688.0
3095 19458162688.0
3096 19458162688.0
3097 19458162688.0
3098 19458162688.0
3099 19626016768.0
3100 19458162688.0
3101 19458162688.0
3102 19458162688.0
3103 19458162688.0
3104 19458162688.0
3105 19458162688.0
3106 19458162688.0
3107 19458162688.0
3108 19458162688.0
3109 19684765696.0
3110 19458162688.0
3111 19458162688.0
3112 19458162688.0
3113 19458162688.0
3114 19458162688.0
3115 19458162688.0
3116 19458162688.0
3117 19458162688.0
3118 19458162688.0
3119 19819048960.0
3120 19458162688.0
3121 19458162688.0
3122 19458162688.0
3123 19458162688.0
3124 19458162688.0
3125 19458162688.0
3126 19458162688.0
3127 19458162688.0
3128 19458162688.0
3129 19777085440.0
3130 19458162688.0
3131 19458162688.0
3132 19458162688.0
3133 19458162688.0
3134 19458162688.0
3135 19458162688.0
3136 19458162688.0
3137 19458162688.0
3138 19458162688.0
3139 19785478144.0
3140 19458162688.0
3141 19458162688.0
3142 19458162688.0
3143 19458162688.0
3144 19458162688.0
3145 19458162688.0
3146 19458162688.0
3147 19458162688.0
3148 19458162688.0
3149 19768692736.0
3150 19458162688.0
3151 19458162688.0
3152 19458162688.0
3153 19458162688.0
3154 19458162688.0
3155 19458162688.0
3156 19458162688.0
3157 19458162688.0
3158 19458162688.0
3159 19760300032.0
3160 19474948096.0
3161 19458162688.0
3162 19458162688.0
3163 19458162688.0
3164 19458162688.0
3165 19458162688.0
3166 19458162688.0
3167 19458162688.0
3168 19458162688.0
3169 19567267840.0
3170 19474948096.0
3171 19458162688.0
3172 19458162688.0
3173 19458162688.0
3174 19458162688.0
3175 19458162688.0
3176 19458162688.0
3177 19458162688.0
3178 19458162688.0
3179 19684765696.0
3180 19525304320.0
3181 19458162688.0
3182 19458162688.0
3183 19458162688.0
3184 19458162688.0
3185 19458162688.0
3186 19458162688.0
3187 19458162688.0
3188 19458162688.0
3189 19458162688.0
3190 19626016768.0
3191 19458162688.0
3192 19458162688.0
3193 19458162688.0
3194 19458162688.0
3195 19458162688.0
3196 19458162688.0
3197 19458162688.0
3198 19458162688.0
3199 19458162688.0
3200 19626016768.0
3201 19458162688.0
3202 19458162688.0
3203 19458162688.0
3204 19458162688.0
3205 19458162688.0
3206 19458162688.0
3207 19458162688.0
3208 19458162688.0
3209 19458162688.0
3210 19701551104.0
3211 19458162688.0
3212 19458162688.0
3213 19458162688.0
3214 19458162688.0
3215 19458162688.0
3216 19458162688.0
3217 19458162688.0
3218 19458162688.0
3219 19458162688.0
3220 19735121920.0
3221 19458162688.0
3222 19458162688.0
3223 19458162688.0
3224 19458162688.0
3225 19458162688.0
3226 19458162688.0
3227 19458162688.0
3228 19458162688.0
3229 19458162688.0
3230 19743514624.0
3231 19458162688.0
3232 19458162688.0
3233 19458162688.0
3234 19458162688.0
3235 19458162688.0
3236 19458162688.0
3237 19458162688.0
3238 19458162688.0
3239 19458162688.0
3240 19810656256.0
3241 19458162688.0
3242 19458162688.0
3243 19458162688.0
3244 19458162688.0
3245 19458162688.0
3246 19458162688.0
3247 19458162688.0
3248 19458162688.0
3249 19458162688.0
3250 19785478144.0
3251 19458162688.0
3252 19458162688.0
3253 19458162688.0
3254 19458162688.0
3255 19458162688.0
3256 19458162688.0
3257 19458162688.0
3258 19458162688.0
3259 19458162688.0
3260 19802263552.0
3261 19458162688.0
3262 19458162688.0
3263 19458162688.0
3264 19458162688.0
3265 19458162688.0
3266 19458162688.0
3267 19458162688.0
3268 19458162688.0
3269 19458162688.0
3270 19793870848.0
3271 19458162688.0
3272 19458162688.0
3273 19458162688.0
3274 19458162688.0
3275 19458162688.0
3276 19458162688.0
3277 19458162688.0
3278 19458162688.0
3279 19458162688.0
3280 19768692736.0
3281 19458162688.0
3282 19458162688.0
3283 19458162688.0
3284 19458162688.0
3285 19458162688.0
3286 19458162688.0
3287 19458162688.0
3288 19458162688.0
3289 19458162688.0
3290 19516911616.0
3291 19458162688.0
3292 19458162688.0
3293 19458162688.0
3294 19458162688.0
3295 19458162688.0
3296 19458162688.0
3297 19458162688.0
3298 19458162688.0
3299 19458162688.0
3300 19458162688.0
3301 19575660544.0
3302 19458162688.0
3303 19458162688.0
3304 19458162688.0
3305 19458162688.0
3306 19458162688.0
3307 19458162688.0
3308 19458162688.0
3309 19458162688.0
3310 19458162688.0
3311 19575660544.0
3312 19458162688.0
3313 19458162688.0
3314 19458162688.0
3315 19458162688.0
3316 19458162688.0
3317 19458162688.0
3318 19458162688.0
3319 19458162688.0
3320 19458162688.0
3321 19626016768.0
3322 19458162688.0
3323 19458162688.0
3324 19458162688.0
3325 19458162688.0
3326 19458162688.0
3327 19458162688.0
3328 19458162688.0
3329 19458162688.0
3330 19458162688.0
3331 19684765696.0
3332 19458162688.0
3333 19458162688.0
3334 19458162688.0
3335 19458162688.0
3336 19458162688.0
3337 19458162688.0
3338 19458162688.0
3339 19458162688.0
3340 19458162688.0
3341 19735121920.0
3342 19458162688.0
3343 19458162688.0
3344 19458162688.0
3345 19458162688.0
3346 19458162688.0
3347 19458162688.0
3348 19458162688.0
3349 19458162688.0
3350 19458162688.0
3351 19844227072.0
3352 19458162688.0
3353 19458162688.0
3354 19458162688.0
3355 19458162688.0
3356 19458162688.0
3357 19458162688.0
3358 19458162688.0
3359 19458162688.0
3360 19458162688.0
3361 19844227072.0
3362 19458162688.0
3363 19458162688.0
3364 19458162688.0
3365 19458162688.0
3366 19458162688.0
3367 19458162688.0
3368 19458162688.0
3369 19458162688.0
3370 19458162688.0
3371 19634409472.0
3372 19525304320.0
3373 19458162688.0
3374 19458162688.0
3375 19458162688.0
3376 19458162688.0
3377 19458162688.0
3378 19458162688.0
3379 19458162688.0
3380 19458162688.0
3381 19466555392.0
3382 19139239936.0
3383 19458162688.0
3384 19458162688.0
3385 19458162688.0
3386 19458162688.0
3387 19458162688.0
3388 19458162688.0
3389 19458162688.0
3390 19458162688.0
3391 19458162688.0
3392 19458162688.0
3393 19651194880.0
3394 19458162688.0
3395 19458162688.0
3396 19458162688.0
3397 19458162688.0
3398 19458162688.0
3399 19458162688.0
3400 19458162688.0
3401 19458162688.0
3402 19458162688.0
3403 19684765696.0
3404 19458162688.0
3405 19458162688.0
3406 19458162688.0
3407 19458162688.0
3408 19458162688.0
3409 19458162688.0
3410 19458162688.0
3411 19458162688.0
3412 19458162688.0
3413 19793870848.0
3414 19458162688.0
3415 19458162688.0
3416 19458162688.0
3417 19458162688.0
3418 19458162688.0
3419 19458162688.0
3420 19458162688.0
3421 19458162688.0
3422 19458162688.0
3423 19785478144.0
3424 19458162688.0
3425 19458162688.0
3426 19458162688.0
3427 19458162688.0
3428 19458162688.0
3429 19458162688.0
3430 19458162688.0
3431 19458162688.0
3432 19458162688.0
3433 19785478144.0
3434 19458162688.0
3435 19458162688.0
3436 19458162688.0
3437 19458162688.0
3438 19458162688.0
3439 19458162688.0
3440 19458162688.0
3441 19458162688.0
3442 19458162688.0
3443 19516911616.0
3444 19458162688.0
3445 19458162688.0
3446 19458162688.0
3447 19458162688.0
3448 19458162688.0
3449 19458162688.0
3450 19458162688.0
3451 19458162688.0
3452 19458162688.0
3453 19458162688.0
3454 19600838656.0
3455 19458162688.0
3456 19458162688.0
3457 19458162688.0
3458 19458162688.0
3459 19458162688.0
3460 19458162688.0
3461 19458162688.0
3462 19458162688.0
3463 19458162688.0
3464 19701551104.0
3465 19458162688.0
3466 19458162688.0
3467 19458162688.0
3468 19458162688.0
3469 19458162688.0
3470 19458162688.0
3471 19458162688.0
3472 19458162688.0
3473 19458162688.0
3474 19802263552.0
3475 19458162688.0
3476 19458162688.0
3477 19458162688.0
3478 19458162688.0
3479 19458162688.0
3480 19458162688.0
3481 19458162688.0
3482 19458162688.0
3483 19458162688.0
3484 19810656256.0
3485 19458162688.0
3486 19458162688.0
3487 19458162688.0
3488 19458162688.0
3489 19458162688.0
3490 19458162688.0
3491 19458162688.0
3492 19458162688.0
3493 19458162688.0
3494 19819048960.0
3495 19458162688.0
3496 19458162688.0
3497 19458162688.0
3498 19458162688.0
3499 19458162688.0
3500 19458162688.0
3501 19458162688.0
3502 19458162688.0
3503 19458162688.0
3504 19810656256.0
3505 19458162688.0
3506 19458162688.0
3507 19458162688.0
3508 19458162688.0
3509 19458162688.0
3510 19458162688.0
3511 19458162688.0
3512 19458162688.0
3513 19458162688.0
3514 19709943808.0
3515 19458162688.0
3516 19458162688.0
3517 19458162688.0
3518 19458162688.0
3519 19458162688.0
3520 19458162688.0
3521 19458162688.0
3522 19458162688.0
3523 19458162688.0
3524 19810656256.0
3525 19474948096.0
3526 19458162688.0
3527 19458162688.0
3528 19458162688.0
3529 19458162688.0
3530 19458162688.0
3531 19458162688.0
3532 19458162688.0
3533 19458162688.0
3534 19634409472.0
3535 19474948096.0
3536 19458162688.0
3537 19458162688.0
3538 19458162688.0
3539 19458162688.0
3540 19458162688.0
3541 19458162688.0
3542 19458162688.0
3543 19458162688.0
3544 19491733504.0
3545 19474948096.0
3546 19458162688.0
3547 19458162688.0
3548 19458162688.0
3549 19458162688.0
3550 19458162688.0
3551 19458162688.0
3552 19458162688.0
3553 19458162688.0
3554 19458162688.0
3555 19676372992.0
3556 19458162688.0
3557 19458162688.0
3558 19458162688.0
3559 19458162688.0
3560 19458162688.0
3561 19458162688.0
3562 19458162688.0
3563 19458162688.0
3564 19458162688.0
3565 19626016768.0
3566 19458162688.0
3567 19458162688.0
3568 19458162688.0
3569 19458162688.0
3570 19458162688.0
3571 19458162688.0
3572 19458162688.0
3573 19458162688.0
3574 19458162688.0
3575 19701551104.0
3576 19458162688.0
3577 19458162688.0
3578 19458162688.0
3579 19458162688.0
3580 19458162688.0
3581 19458162688.0
3582 19458162688.0
3583 19458162688.0
3584 19458162688.0
3585 19835834368.0
3586 19458162688.0
3587 19458162688.0
3588 19458162688.0
3589 19458162688.0
3590 19458162688.0
3591 19458162688.0
3592 19458162688.0
3593 19458162688.0
3594 19458162688.0
3595 19777085440.0
3596 19458162688.0
3597 19458162688.0
3598 19458162688.0
3599 19458162688.0
3600 19458162688.0
3601 19458162688.0
3602 19458162688.0
3603 19458162688.0
3604 19458162688.0
3605 19525304320.0
3606 19458162688.0
3607 19458162688.0
3608 19458162688.0
3609 19458162688.0
3610 19458162688.0
3611 19458162688.0
3612 19458162688.0
3613 19458162688.0
3614 19458162688.0
3615 19458162688.0
3616 19525304320.0
3617 19458162688.0
3618 19458162688.0
3619 19458162688.0
3620 19458162688.0
3621 19458162688.0
3622 19458162688.0
3623 19458162688.0
3624 19458162688.0
3625 19458162688.0
3626 19626016768.0
3627 19458162688.0
3628 19458162688.0
3629 19458162688.0
3630 19458162688.0
3631 19458162688.0
3632 19458162688.0
3633 19458162688.0
3634 19458162688.0
3635 19458162688.0
3636 19626016768.0
3637 19458162688.0
3638 19458162688.0
3639 19458162688.0
3640 19458162688.0
3641 19458162688.0
3642 19458162688.0
3643 19458162688.0
3644 19458162688.0
3645 19458162688.0
3646 19676372992.0
3647 19458162688.0
3648 19458162688.0
3649 19458162688.0
3650 19458162688.0
3651 19458162688.0
3652 19458162688.0
3653 19458162688.0
3654 19458162688.0
3655 19458162688.0
3656 19676372992.0
3657 19458162688.0
3658 19458162688.0
3659 19458162688.0
3660 19458162688.0
3661 19458162688.0
3662 19458162688.0
3663 19458162688.0
3664 19458162688.0
3665 19458162688.0
3666 19726729216.0
3667 19458162688.0
3668 19458162688.0
3669 19458162688.0
3670 19458162688.0
3671 19458162688.0
3672 19458162688.0
3673 19458162688.0
3674 19458162688.0
3675 19458162688.0
3676 19777085440.0
3677 19458162688.0
3678 19458162688.0
3679 19458162688.0
3680 19458162688.0
3681 19458162688.0
3682 19458162688.0
3683 19458162688.0
3684 19458162688.0
3685 19458162688.0
3686 19709943808.0
3687 19458162688.0
3688 19458162688.0
3689 19458162688.0
3690 19458162688.0
3691 19458162688.0
3692 19458162688.0
3693 19458162688.0
3694 19458162688.0
3695 19458162688.0
3696 19802263552.0
3697 19458162688.0
3698 19458162688.0
3699 19458162688.0
3700 19458162688.0
3701 19458162688.0
3702 19458162688.0
3703 19458162688.0
3704 19458162688.0
3705 19458162688.0
3706 19819048960.0
3707 19458162688.0
3708 19458162688.0
3709 19458162688.0
3710 19458162688.0
3711 19458162688.0
3712 19458162688.0
3713 19458162688.0
3714 19458162688.0
3715 19458162688.0
3716 19835834368.0
3717 19458162688.0
3718 19458162688.0
3719 19458162688.0
3720 19458162688.0
3721 19458162688.0
3722 19458162688.0
3723 19458162688.0
3724 19458162688.0
3725 19458162688.0
3726 19827441664.0
3727 19474948096.0
3728 19458162688.0
3729 19458162688.0
3730 19458162688.0
3731 19458162688.0
3732 19458162688.0
3733 19458162688.0
3734 19458162688.0
3735 19458162688.0
3736 19458162688.0
3737 19810656256.0
3738 19458162688.0
3739 19458162688.0
3740 19458162688.0
3741 19458162688.0
3742 19458162688.0
3743 19458162688.0
3744 19458162688.0
3745 19458162688.0
3746 19458162688.0
3747 19743514624.0
3748 19458162688.0
3749 19458162688.0
3750 19458162688.0
3751 19458162688.0
3752 19458162688.0
3753 19458162688.0
3754 19458162688.0
3755 19458162688.0
3756 19458162688.0
3757 19542089728.0
3758 19458162688.0
3759 19458162688.0
3760 19458162688.0
3761 19458162688.0
3762 19458162688.0
3763 19458162688.0
3764 19458162688.0
