0 0.0
1 12.0
2 0.0
3 0.0
4 0.0
5 0.0
6 0.0
7 0.0
8 0.0
9 0.0
10 0.0
11 0.0
12 0.0
13 0.0
14 1.0
15 0.0
16 0.0
17 0.0
18 0.0
19 0.0
20 0.0
21 0.0
22 0.0
23 0.0
24 0.0
25 0.0
26 0.0
27 0.0
28 0.0
29 0.0
30 0.0
31 0.0
32 0.0
33 0.0
34 0.0
35 0.0
36 0.0
37 0.0
38 0.0
39 0.0
40 0.0
41 0.0
42 0.0
43 0.0
44 0.0
45 0.0
46 0.0
47 0.0
48 0.0
49 0.0
50 0.0
51 0.0
52 0.0
53 0.0
54 0.0
55 0.0
56 0.0
57 0.0
58 0.0
59 0.0
60 0.0
61 0.0
62 0.0
63 0.0
64 0.0
65 0.0
66 0.0
67 0.0
68 0.0
69 0.0
70 0.0
71 0.0
72 0.0
73 12.0
74 74.0
75 138.0
76 201.8
77 185.0
78 189.2
79 188.0
80 195.0
81 110.9
82 153.1
83 155.1
84 155.0
85 155.0
86 155.0
87 158.0
88 160.0
89 152.9
90 148.0
91 144.0
92 144.9
93 139.1
94 116.0
95 174.9
96 141.0
97 145.0
98 142.0
99 165.2
100 156.9
101 165.0
102 142.0
103 133.0
104 146.1
105 146.9
106 147.0
107 150.0
108 153.0
109 151.0
110 161.8
111 142.1
112 144.0
113 157.0
114 143.1
115 144.9
116 135.9
117 139.0
118 136.0
119 141.1
120 143.0
121 148.9
122 148.1
123 142.0
124 150.1
125 150.9
126 146.0
127 148.0
128 155.0
129 151.0
130 148.0
131 149.1
132 153.0
133 144.0
134 169.0
135 251.0
136 230.0
137 233.1
138 224.9
139 226.0
140 220.2
141 218.8
142 219.8
143 217.2
144 225.0
145 239.0
146 227.0
147 229.0
148 221.0
149 229.0
150 234.0
151 234.0
152 234.0
153 232.0
154 232.0
155 255.0
156 248.0
157 244.0
158 260.0
159 273.0
160 246.0
161 241.8
162 246.2
163 237.0
164 230.8
165 248.2
166 236.9
167 245.1
168 239.0
169 245.0
170 239.8
171 239.2
172 237.0
173 241.0
174 234.0
175 249.0
176 247.1
177 246.0
178 243.0
179 241.0
180 240.0
181 239.0
182 232.0
183 237.2
184 231.8
185 256.1
186 248.9
187 245.0
188 253.0
189 242.8
190 238.1
191 244.9
192 244.2
193 262.0
194 274.9
195 429.9
196 330.2
197 335.9
198 327.1
199 351.0
200 387.0
201 340.0
202 326.1
203 335.0
204 352.0
205 391.0
206 361.3
207 353.7
208 360.1
209 370.9
210 388.0
211 418.0
212 385.9
213 389.1
214 379.1
215 414.9
216 432.2
217 406.8
218 350.0
219 346.0
220 364.0
221 352.0
222 360.8
223 357.0
224 352.0
225 370.0
226 377.5
227 347.8
228 345.9
229 348.0
230 349.0
231 338.0
232 338.0
233 344.0
234 341.0
235 351.0
236 361.0
237 354.0
238 353.0
239 350.0
240 351.0
241 346.2
242 336.8
243 333.9
244 334.0
245 357.1
246 389.0
247 358.1
248 348.0
249 350.0
250 359.0
251 341.0
252 342.0
253 356.2
254 409.8
255 489.0
256 479.9
257 479.3
258 484.7
259 464.1
260 514.9
261 534.7
262 543.3
263 526.7
264 539.1
265 563.2
266 497.0
267 442.9
268 459.0
269 466.1
270 481.9
271 467.0
272 455.0
273 445.0
274 448.1
275 457.9
276 497.1
277 473.0
278 483.9
279 477.9
280 484.1
281 496.0
282 463.8
283 454.3
284 452.9
285 486.0
286 513.0
287 491.1
288 478.6
289 493.3
290 473.0
291 451.0
292 465.9
293 450.9
294 486.3
295 481.0
296 511.1
297 478.9
298 457.0
299 517.6
300 463.4
301 471.0
302 463.9
303 458.0
304 443.7
305 461.2
306 503.1
307 483.7
308 478.4
309 475.0
310 472.9
311 464.1
312 477.9
313 451.0
314 526.0
315 697.0
316 581.0
317 589.0
318 569.0
319 582.1
320 592.6
321 668.4
322 619.6
323 576.0
324 549.3
325 589.9
326 626.0
327 586.1
328 571.9
329 576.7
330 592.3
331 592.1
332 565.9
333 575.0
334 575.0
335 570.9
336 617.1
337 589.0
338 619.0
339 646.8
340 594.2
341 568.0
342 566.9
343 572.0
344 565.1
345 593.0
346 627.0
347 595.9
348 602.7
349 597.4
350 596.0
351 625.0
352 576.0
353 595.9
354 570.1
355 577.0
356 605.9
357 608.1
358 612.9
359 594.9
360 647.0
361 602.3
362 604.1
363 604.5
364 604.0
365 591.1
366 642.0
367 642.1
368 599.9
369 603.0
370 581.1
371 632.9
372 593.8
373 571.9
374 685.5
375 738.5
376 715.5
377 739.5
378 683.5
379 693.0
380 682.9
381 679.0
382 694.0
383 702.6
384 735.5
385 697.9
386 696.0
387 766.0
388 713.3
389 713.6
390 720.1
391 715.0
392 706.6
393 699.2
394 715.1
395 710.1
396 702.6
397 773.3
398 765.7
399 756.5
400 719.9
401 719.0
402 708.0
403 724.6
404 738.5
405 703.9
406 728.7
407 780.4
408 754.9
409 765.9
410 746.7
411 725.5
412 714.9
413 707.0
414 722.9
415 739.1
416 752.9
417 784.2
418 770.9
419 775.5
420 754.5
421 737.9
422 728.1
423 715.0
424 724.5
425 728.9
426 711.4
427 796.0
428 764.1
429 750.9
430 736.6
431 775.4
432 746.0
433 833.0
434 842.0
435 825.0
436 773.0
437 842.0
438 822.0
439 792.3
440 781.2
441 780.4
442 802.1
443 792.9
444 772.1
445 774.0
446 791.8
447 813.2
448 853.8
449 788.8
450 864.3
451 893.0
452 884.0
453 833.1
454 832.0
455 841.0
456 867.0
457 891.0
458 934.9
459 906.0
460 910.2
461 905.8
462 901.1
463 884.3
464 879.5
465 866.1
466 872.5
467 886.2
468 995.4
469 901.9
470 906.0
471 894.4
472 910.7
473 899.0
474 908.8
475 874.2
476 862.8
477 903.0
478 1031.0
479 999.9
480 950.0
481 967.9
482 973.1
483 978.0
484 818.9
485 820.5
486 827.7
487 829.4
488 894.5
489 852.0
490 854.1
491 853.9
492 838.0
493 708.9
494 677.0
495 681.0
496 664.9
497 697.0
498 730.8
499 723.5
500 732.2
501 717.8
502 712.0
503 693.9
504 678.0
505 674.0
506 669.1
507 673.9
508 731.9
509 743.0
510 707.2
511 707.9
512 714.6
513 718.2
514 699.1
515 722.0
516 684.1
517 667.6
518 719.1
519 723.0
520 697.2
521 700.7
522 692.4
523 739.0
524 685.9
525 650.0
526 720.8
527 661.9
528 733.3
529 733.0
530 727.0
531 708.0
532 690.0
533 670.0
534 688.0
535 690.1
536 677.8
537 716.0
538 743.0
539 739.1
540 698.8
541 722.2
542 708.1
543 706.8
544 693.0
545 703.1
546 671.9
547 687.9
548 699.0
549 751.7
550 734.5
551 696.0
552 693.9
553 575.0
554 562.0
555 586.9
556 572.0
557 586.0
558 615.1
559 648.9
560 631.0
561 606.0
562 597.0
563 591.1
564 608.0
565 608.9
566 588.0
567 591.0
568 578.1
569 663.9
570 616.0
571 601.0
572 597.0
573 610.0
574 584.0
575 587.0
576 571.0
577 588.0
578 577.0
579 677.1
580 639.0
581 606.9
582 608.0
583 615.0
584 602.0
585 596.0
586 621.0
587 625.0
588 580.2
589 650.7
590 624.3
591 609.0
592 577.0
593 603.9
594 590.4
595 640.5
596 667.4
597 630.8
598 582.9
599 681.0
600 622.1
601 614.0
602 633.9
603 608.1
604 599.9
605 586.0
606 599.2
607 587.9
608 607.8
609 685.0
610 659.0
611 626.0
612 643.0
613 509.0
614 503.9
615 508.2
616 529.9
617 526.0
618 513.0
619 516.0
620 482.9
621 497.0
622 506.0
623 479.0
624 481.0
625 473.0
626 480.0
627 494.0
628 490.0
629 531.8
630 533.2
631 493.7
632 467.8
633 484.4
634 468.0
635 469.0
636 479.1
637 460.9
638 458.0
639 529.0
640 485.0
641 478.1
642 471.9
643 481.0
644 492.0
645 476.0
646 468.0
647 476.1
648 457.0
649 506.0
650 498.7
651 506.3
652 490.0
653 484.1
654 483.0
655 478.9
656 461.1
657 460.9
658 484.0
659 511.8
660 491.2
661 509.0
662 498.0
663 473.9
664 475.1
665 458.0
666 467.1
667 473.6
668 470.4
669 495.9
670 489.0
671 477.0
672 432.0
673 365.0
674 374.1
675 350.0
676 345.9
677 351.9
678 337.1
679 388.1
680 385.9
681 375.0
682 357.0
683 356.0
684 343.9
685 361.1
686 338.9
687 354.0
688 360.2
689 363.8
690 378.0
691 370.0
692 364.0
693 364.0
694 358.0
695 363.0
696 358.0
697 353.0
698 344.0
699 365.0
700 378.0
701 359.9
702 358.3
703 418.6
704 414.0
705 350.0
706 350.7
707 350.3
708 353.0
709 349.0
710 382.9
711 362.0
712 355.0
713 356.0
714 348.0
715 357.1
716 358.0
717 347.0
718 344.0
719 367.0
720 385.0
721 360.0
722 355.0
723 356.0
724 351.9
725 347.0
726 343.0
727 361.0
728 378.0
729 353.1
730 390.6
731 361.4
732 352.7
733 252.2
734 250.0
735 255.0
736 259.0
737 248.0
738 245.0
739 256.0
740 275.0
741 261.0
742 254.0
743 251.0
744 254.0
745 245.0
746 242.0
747 249.0
748 246.0
749 248.0
750 275.0
751 258.9
752 258.1
753 266.0
754 247.0
755 257.9
756 245.1
757 243.9
758 243.1
759 242.0
760 278.0
761 256.0
762 255.0
763 251.0
764 254.0
765 250.0
766 245.0
767 248.0
768 257.0
769 257.0
770 292.0
771 258.0
772 252.0
773 251.7
774 264.2
775 258.1
776 254.8
777 254.0
778 262.1
779 260.0
780 272.0
781 264.9
782 256.1
783 251.0
784 252.0
785 265.9
786 252.0
787 245.0
788 251.0
789 246.8
790 277.2
791 253.0
792 222.0
793 150.0
794 152.0
795 155.0
796 147.0
797 141.9
798 153.9
799 159.0
800 182.0
801 170.1
802 161.0
803 161.9
804 164.0
805 154.2
806 148.0
807 147.0
808 145.0
809 142.0
810 155.0
811 155.0
812 148.0
813 147.0
814 144.0
815 145.0
816 146.0
817 149.0
818 150.0
819 145.0
820 155.0
821 163.0
822 148.0
823 154.0
824 157.0
825 150.9
826 162.0
827 159.0
828 158.1
829 156.0
830 163.8
831 163.2
832 157.0
833 157.9
834 156.1
835 153.0
836 147.0
837 154.0
838 155.0
839 148.0
840 162.0
841 163.0
842 156.0
843 153.0
844 154.0
845 152.8
846 154.1
847 145.9
848 147.0
849 144.2
850 161.9
851 151.1
852 125.9
853 0.0
854 0.0
855 0.0
856 0.0
857 0.0
858 0.0
859 0.0
860 0.0
861 0.0
862 0.0
863 0.0
864 0.0
865 0.0
866 0.0
867 0.0
868 0.0
869 0.0
870 0.0
871 0.0
872 1.0
873 0.0
874 0.0
875 0.0
876 0.0
877 0.0
878 0.0
879 0.0
880 0.0
881 0.0
882 0.0
883 0.0
884 0.0
885 0.0
886 0.0
887 0.0
888 0.0
889 0.0
890 0.0
891 0.0
892 0.0
893 0.0
894 0.0
895 0.0
896 0.0
897 0.0
898 0.0
899 0.0
900 0.0
901 0.0
902 0.0
903 0.0
904 0.0
905 0.0
906 0.0
907 0.0
908 0.0
909 0.0
910 0.0
911 0.0
912 0.0
913 0.0
914 33.0
915 110.0
916 150.0
917 126.1
918 131.9
919 125.1
920 133.0
921 126.0
922 125.9
923 120.0
924 128.1
925 131.0
926 128.9
927 135.1
928 133.0
929 129.0
930 134.0
931 133.0
932 136.0
933 136.0
934 132.9
935 146.1
936 129.0
937 133.0
938 131.0
939 130.0
940 133.9
941 132.1
942 136.0
943 128.0
944 139.9
945 157.1
946 138.9
947 138.0
948 132.1
949 129.9
950 138.1
951 130.0
952 126.1
953 127.0
954 133.0
955 148.8
956 150.1
957 148.0
958 135.0
959 137.0
960 142.0
961 142.9
962 141.0
963 152.0
964 140.0
965 150.1
966 153.0
967 153.9
968 151.0
969 149.0
970 136.0
971 135.0
972 126.2
973 126.9
974 151.0
975 268.1
976 231.0
977 226.0
978 234.0
979 233.0
980 225.0
981 218.0
982 214.0
983 222.0
984 240.0
985 246.0
986 220.0
987 222.0
988 216.0
989 227.1
990 224.9
991 224.0
992 230.9
993 230.1
994 232.8
995 248.1
996 237.1
997 240.0
998 232.1
999 232.0
1000 229.0
1001 237.0
1002 229.0
1003 231.0
1004 234.2
1005 251.8
1006 247.0
1007 243.0
1008 239.0
1009 238.1
1010 231.9
1011 233.0
1012 238.0
1013 235.0
1014 236.8
1015 255.2
1016 247.8
1017 245.0
1018 236.1
1019 231.1
1020 242.0
1021 230.0
1022 232.0
1023 239.0
1024 238.0
1025 255.0
1026 247.0
1027 244.0
1028 244.0
1029 238.0
1030 234.0
1031 235.0
1032 252.0
1033 246.0
1034 273.0
1035 506.0
1036 412.9
1037 391.1
1038 378.0
1039 353.0
1040 342.0
1041 369.9
1042 354.0
1043 384.1
1044 380.0
1045 372.0
1046 360.0
1047 341.1
1048 334.8
1049 353.2
1050 398.9
1051 392.0
1052 387.0
1053 390.9
1054 396.8
1055 424.2
1056 424.1
1057 401.9
1058 399.0
1059 368.8
1060 362.2
1061 370.0
1062 366.1
1063 362.9
1064 343.0
1065 364.0
1066 380.0
1067 363.0
1068 358.0
1069 363.8
1070 371.2
1071 355.0
1072 351.0
1073 343.9
1074 350.3
1075 363.7
1076 391.2
1077 367.8
1078 377.0
1079 391.0
1080 368.0
1081 350.0
1082 347.0
1083 356.0
1084 350.0
1085 372.8
1086 396.2
1087 374.1
1088 354.0
1089 356.9
1090 356.0
1091 346.0
1092 354.0
1093 349.0
1094 399.0
1095 487.0
1096 484.0
1097 497.9
1098 476.4
1099 487.7
1100 510.0
1101 503.0
1102 508.8
1103 490.1
1104 474.9
1105 468.2
1106 501.0
1107 486.9
1108 492.8
1109 539.3
1110 526.0
1111 487.7
1112 481.7
1113 486.6
1114 499.0
1115 477.0
1116 531.0
1117 515.9
1118 520.1
1119 511.0
1120 512.0
1121 514.0
1122 514.7
1123 506.1
1124 477.1
1125 494.0
1126 540.0
1127 503.9
1128 486.1
1129 482.0
1130 481.1
1131 468.9
1132 487.0
1133 479.0
1134 477.0
1135 464.1
1136 512.9
1137 518.0
1138 508.0
1139 506.9
1140 516.9
1141 492.2
1142 474.9
1143 467.0
1144 474.0
1145 469.0
1146 544.1
1147 520.6
1148 489.7
1149 508.4
1150 499.1
1151 488.1
1152 484.7
1153 488.2
1154 572.0
1155 638.7
1156 807.4
1157 595.4
1158 590.7
1159 605.9
1160 609.0
1161 613.7
1162 615.2
1163 605.1
1164 585.1
1165 571.2
1166 610.1
1167 602.6
1168 605.8
1169 588.2
1170 604.0
1171 601.7
1172 609.2
1173 585.1
1174 588.7
1175 585.3
1176 650.1
1177 635.9
1178 628.1
1179 628.0
1180 614.5
1181 606.4
1182 599.1
1183 596.2
1184 586.8
1185 584.1
1186 663.8
1187 649.1
1188 634.8
1189 627.1
1190 600.0
1191 614.0
1192 616.0
1193 609.0
1194 624.2
1195 588.9
1196 670.6
1197 642.4
1198 639.0
1199 630.0
1200 631.0
1201 634.0
1202 603.0
1203 599.0
1204 589.0
1205 611.6
1206 645.4
1207 666.9
1208 629.0
1209 606.0
1210 587.9
1211 621.2
1212 604.8
1213 590.0
1214 693.1
1215 766.9
1216 753.9
1217 775.2
1218 752.6
1219 758.0
1220 729.5
1221 712.7
1222 704.2
1223 691.1
1224 722.9
1225 724.0
1226 745.1
1227 740.9
1228 726.1
1229 720.0
1230 740.0
1231 737.8
1232 734.0
1233 711.0
1234 742.5
1235 738.4
1236 755.2
1237 799.0
1238 777.9
1239 790.9
1240 774.9
1241 764.1
1242 754.0
1243 750.0
1244 761.0
1245 752.1
1246 756.3
1247 853.7
1248 807.1
1249 786.8
1250 763.0
1251 783.3
1252 748.8
1253 749.1
1254 748.9
1255 749.9
1256 749.4
1257 848.8
1258 812.0
1259 766.9
1260 775.0
1261 759.3
1262 759.4
1263 781.2
1264 739.0
1265 740.1
1266 740.8
1267 868.0
1268 846.8
1269 828.2
1270 831.1
1271 819.2
1272 828.5
1273 826.4
1274 930.9
1275 999.2
1276 898.4
1277 989.5
1278 992.0
1279 984.9
1280 964.2
1281 871.7
1282 819.3
1283 807.1
1284 784.6
1285 774.3
1286 796.1
1287 884.9
1288 818.1
1289 823.1
1290 800.9
1291 830.0
1292 836.7
1293 823.2
1294 828.2
1295 862.9
1296 826.7
1297 891.4
1298 890.8
1299 874.1
1300 839.1
1301 822.0
1302 841.0
1303 818.5
1304 821.4
1305 854.9
1306 852.1
1307 908.6
1308 893.4
1309 876.0
1310 877.0
1311 902.1
1312 852.8
1313 847.1
1314 845.1
1315 821.9
1316 813.0
1317 863.9
1318 899.9
1319 883.1
1320 853.1
1321 898.5
1322 857.4
1323 870.6
1324 847.2
1325 841.1
1326 820.7
1327 888.3
1328 909.0
1329 884.0
1330 904.1
1331 890.5
1332 837.0
1333 738.8
1334 718.7
1335 719.0
1336 663.9
1337 712.0
1338 777.9
1339 756.0
1340 745.0
1341 744.1
1342 732.9
1343 725.7
1344 703.4
1345 713.0
1346 686.9
1347 719.1
1348 814.1
1349 745.0
1350 717.0
1351 735.6
1352 719.3
1353 761.1
1354 724.8
1355 695.1
1356 695.0
1357 715.0
1358 789.9
1359 740.1
1360 701.9
1361 714.1
1362 722.9
1363 724.8
1364 696.3
1365 730.9
1366 704.0
1367 701.0
1368 796.7
1369 733.4
1370 753.0
1371 703.5
1372 717.4
1373 712.0
1374 700.9
1375 694.2
1376 750.0
1377 706.9
1378 755.9
1379 738.0
1380 708.0
1381 731.9
1382 743.0
1383 722.0
1384 694.9
1385 677.1
1386 673.3
1387 702.5
1388 757.8
1389 697.4
1390 717.6
1391 736.6
1392 710.4
1393 574.4
1394 570.0
1395 555.0
1396 563.9
1397 564.0
1398 607.0
1399 598.0
1400 586.2
1401 583.9
1402 565.3
1403 590.6
1404 604.0
1405 557.0
1406 543.9
1407 546.0
1408 604.9
1409 597.0
1410 578.0
1411 591.1
1412 569.9
1413 590.1
1414 572.7
1415 610.1
1416 622.8
1417 616.8
1418 623.9
1419 651.5
1420 638.9
1421 623.8
1422 632.0
1423 622.0
1424 595.5
1425 619.8
1426 642.4
1427 645.5
1428 613.6
1429 670.3
1430 640.0
1431 641.1
1432 624.9
1433 626.1
1434 629.4
1435 616.3
1436 600.3
1437 590.0
1438 576.1
1439 699.0
1440 612.8
1441 629.1
1442 641.4
1443 610.6
1444 616.0
1445 606.4
1446 588.6
1447 603.7
1448 594.0
1449 673.4
1450 634.0
1451 651.1
1452 604.9
1453 559.3
1454 498.7
1455 485.0
1456 508.0
1457 492.1
1458 488.9
1459 543.1
1460 541.3
1461 579.6
1462 570.0
1463 543.1
1464 558.9
1465 560.0
1466 545.1
1467 536.0
1468 532.1
1469 570.0
1470 572.0
1471 562.0
1472 570.0
1473 604.0
1474 602.0
1475 545.1
1476 520.4
1477 479.8
1478 474.8
1479 525.0
1480 517.0
1481 510.0
1482 514.1
1483 495.0
1484 509.9
1485 490.3
1486 473.7
1487 484.0
1488 478.0
1489 540.0
1490 520.0
1491 503.0
1492 513.0
1493 491.0
1494 484.0
1495 477.0
1496 487.0
1497 483.0
1498 480.2
1499 527.8
1500 549.5
1501 527.6
1502 511.9
1503 505.0
1504 499.0
1505 472.0
1506 481.3
1507 473.7
1508 471.9
1509 485.9
1510 554.1
1511 522.0
1512 505.1
1513 365.0
1514 353.3
1515 356.7
1516 350.9
1517 364.1
1518 353.9
1519 352.0
1520 401.0
1521 371.1
1522 378.9
1523 365.0
1524 364.0
1525 359.9
1526 355.0
1527 353.0
1528 357.0
1529 352.0
1530 404.0
1531 411.1
1532 431.3
1533 394.5
1534 360.1
1535 358.0
1536 353.0
1537 346.0
1538 358.0
1539 365.0
1540 418.0
1541 391.0
1542 390.8
1543 363.5
1544 363.7
1545 358.0
1546 353.0
1547 354.0
1548 355.0
1549 349.0
1550 398.0
1551 383.7
1552 385.2
1553 376.9
1554 362.3
1555 368.7
1556 363.2
1557 355.0
1558 358.0
1559 363.0
1560 422.8
1561 372.0
1562 370.2
1563 363.0
1564 372.0
1565 361.0
1566 371.0
1567 355.0
1568 382.0
1569 379.1
1570 415.9
1571 376.1
1572 377.0
1573 197.0
1574 183.0
1575 183.8
1576 178.1
1577 181.0
1578 197.0
1579 232.1
1580 267.1
1581 256.0
1582 253.0
1583 252.0
1584 249.0
1585 253.0
1586 248.9
1587 250.1
1588 248.0
1589 248.0
1590 271.9
1591 259.9
1592 257.0
1593 269.2
1594 246.1
1595 256.9
1596 246.0
1597 243.0
1598 247.8
1599 258.0
1600 266.2
1601 245.0
1602 241.0
1603 239.8
1604 236.0
1605 241.2
1606 239.1
1607 240.8
1608 234.0
1609 232.2
1610 260.0
1611 251.0
1612 254.0
1613 247.0
1614 253.0
1615 243.0
1616 236.0
1617 238.0
1618 245.0
1619 236.0
1620 265.0
1621 282.0
1622 248.0
1623 245.0
1624 246.0
1625 234.0
1626 233.0
1627 233.0
1628 234.9
1629 232.1
1630 250.0
1631 245.0
1632 247.0
1633 98.0
1634 95.0
1635 95.0
1636 94.0
1637 98.0
1638 94.0
1639 90.0
1640 103.9
1641 111.1
1642 107.9
1643 105.1
1644 100.9
1645 100.0
1646 88.0
1647 96.1
1648 87.0
1649 95.9
1650 112.1
1651 109.9
1652 102.1
1653 106.9
1654 109.0
1655 103.0
1656 103.0
1657 106.1
1658 99.9
1659 95.0
1660 114.1
1661 115.0
1662 103.0
1663 102.9
1664 110.0
1665 101.0
1666 106.0
1667 107.0
1668 145.0
1669 140.0
1670 155.1
1671 150.0
1672 148.0
1673 142.0
1674 142.9
1675 136.0
1676 132.1
1677 137.9
1678 129.0
1679 130.9
1680 138.0
1681 163.1
1682 142.9
1683 164.2
1684 144.0
1685 142.0
1686 140.0
1687 138.0
1688 136.0
1689 138.0
1690 135.0
1691 153.0
1692 124.9
1693 0.0
1694 0.0
1695 0.0
1696 0.0
1697 0.0
1698 0.0
1699 0.0
1700 0.0
1701 0.0
1702 0.0
1703 0.0
1704 0.0
1705 0.0
1706 0.0
1707 0.0
1708 0.0
1709 0.0
1710 0.0
1711 0.0
1712 0.0
1713 0.0
1714 0.0
1715 0.0
1716 0.0
1717 0.0
1718 0.0
1719 0.0
1720 0.0
1721 0.0
1722 0.0
1723 0.0
1724 0.0
1725 0.0
1726 0.0
1727 0.0
1728 0.0
1729 0.0
1730 0.0
1731 0.0
1732 0.0
1733 0.0
1734 0.0
1735 0.0
1736 0.0
1737 0.0
1738 0.0
1739 0.0
1740 0.0
1741 0.0
1742 0.0
1743 0.0
1744 0.0
1745 0.0
1746 0.0
1747 0.0
1748 0.0
1749 0.0
1750 0.0
1751 0.0
1752 0.0
1753 0.0
1754 0.0
1755 0.0
1756 0.0
1757 0.0
1758 0.0
1759 0.0
1760 0.0
1761 0.0
1762 0.0
1763 0.0
1764 0.0
1765 0.0
1766 0.0
1767 0.0
1768 0.0
1769 0.0
1770 0.0
1771 0.0
1772 0.0
1773 0.0
1774 0.0
1775 0.0
1776 0.0
1777 0.0
1778 0.0
1779 0.0
1780 0.0
1781 0.0
1782 0.0
1783 0.0
1784 1.0
1785 0.0
1786 0.0
1787 0.0
1788 0.0
1789 0.0
1790 0.0
1791 0.0
1792 0.0
1793 0.0
1794 0.0
1795 0.0
1796 0.0
1797 0.0
1798 0.0
1799 0.0
1800 0.0
1801 0.0
1802 0.0
1803 0.0
1804 0.0
1805 0.0
1806 0.0
1807 0.0
1808 0.0
1809 0.0
1810 0.0
1811 0.0
1812 0.0
1813 0.0
1814 0.0
1815 0.0
1816 0.0
1817 0.0
1818 0.0
