0 0.0
1 281.7
2 620.6
3 750.5
4 594.0
5 500.0
6 0.0
7 1.0
8 0.0
9 0.0
10 0.0
11 0.0
12 1.0
13 0.0
14 402.1
15 561.1
16 219.1
17 15.0
18 0.0
19 1.0
20 0.0
21 0.0
22 0.0
23 0.0
24 0.0
25 0.0
26 0.0
27 0.0
28 1.0
29 0.0
30 0.0
31 0.0
32 0.0
33 0.0
34 0.0
35 0.0
36 0.0
37 0.0
38 0.0
39 1.0
40 0.0
41 1.0
42 0.0
43 0.0
44 0.0
45 0.0
46 0.0
47 0.0
48 1.0
49 0.0
50 0.0
51 0.0
52 0.0
53 1.0
54 0.0
55 0.0
56 1.0
57 0.0
58 0.0
59 0.0
60 1.0
61 0.0
62 0.0
63 0.0
64 0.0
65 0.0
66 1.0
67 0.0
68 0.0
69 0.0
70 0.0
71 0.0
72 0.0
73 0.0
74 92.0
75 43.0
76 12.0
77 3.0
78 7.0
79 8.0
80 9.0
81 8.0
82 9.0
83 4.0
84 7.0
85 11.0
86 4.0
87 4.0
88 2.0
89 11.0
90 19.0
91 10.0
92 3.0
93 19.0
94 4.0
95 14.0
96 3.0
97 3.0
98 4.0
99 13.0
100 4.0
101 6.0
102 5.0
103 4.0
104 5.0
105 12.0
106 3.0
107 3.0
108 4.0
109 5.0
110 5.0
111 3.0
112 4.0
113 4.0
114 4.0
115 12.0
116 2.0
117 4.0
118 2.0
119 5.0
120 4.0
121 4.0
122 3.0
123 3.0
124 2.0
125 9.0
126 3.0
127 3.0
128 2.0
129 10.0
130 5.0
131 3.0
132 5.0
133 2.0
134 3.0
135 25.0
136 5.0
137 16.0
138 4.0
139 4.0
140 6.0
141 5.0
142 7.0
143 3.0
144 5.0
145 11.0
146 4.0
147 3.0
148 2.0
149 5.0
150 3.0
151 4.0
152 3.0
153 5.0
154 5.0
155 12.0
156 3.0
157 3.0
158 3.0
159 4.0
160 6.0
161 4.0
162 4.0
163 5.0
164 4.0
165 10.0
166 3.0
167 4.0
168 3.0
169 5.0
170 4.0
171 4.0
172 5.0
173 4.0
174 4.0
175 9.0
176 4.0
177 3.0
178 4.0
179 4.0
180 5.0
181 4.0
182 3.0
183 6.0
184 4.0
185 11.0
186 4.0
187 3.0
188 4.0
189 4.0
190 6.0
191 3.0
192 4.0
193 3.0
194 4.0
195 11.0
196 3.0
197 4.0
198 5.0
199 3.0
200 6.0
201 4.0
202 4.0
203 5.0
204 4.0
205 12.0
206 16.0
207 4.0
208 4.0
209 4.0
210 5.0
211 4.0
212 4.0
213 5.0
214 6.0
215 14.0
216 4.0
217 5.0
218 5.0
219 3.0
220 7.0
221 4.0
222 5.0
223 4.0
224 4.0
225 14.0
226 4.0
227 3.0
228 4.0
229 7.0
230 6.0
231 4.0
232 4.0
233 5.0
234 5.0
235 10.0
236 3.0
237 4.0
238 5.0
239 6.0
240 9.0
241 4.0
242 4.0
243 4.0
244 5.0
245 11.0
246 3.0
247 4.0
248 5.0
249 5.0
250 6.0
251 4.0
252 5.0
253 4.0
254 5.0
255 28.0
256 5.0
257 4.0
258 5.0
259 5.0
260 10.0
261 4.0
262 5.0
263 5.0
264 7.0
265 12.0
266 10.0
267 4.0
268 5.0
269 5.0
270 12.0
271 5.0
272 5.0
273 6.0
274 6.0
275 12.0
276 7.0
277 5.0
278 5.0
279 6.0
280 6.0
281 7.0
282 5.0
283 6.0
284 6.0
285 7.0
286 10.0
287 6.0
288 5.0
289 6.0
290 14.0
291 5.0
292 6.0
293 6.0
294 7.0
295 5.0
296 14.0
297 6.0
298 5.0
299 8.0
300 6.0
301 8.0
302 5.0
303 6.0
304 6.0
305 17.0
306 10.0
307 6.0
308 5.0
309 5.0
310 5.0
311 9.0
312 4.0
313 7.0
314 6.0
315 4.0
316 13.0
317 6.0
318 5.0
319 8.0
320 7.0
321 6.0
322 8.0
323 6.0
324 7.0
325 6.0
326 14.0
327 6.0
328 5.0
329 7.0
330 7.0
331 7.0
332 6.0
333 9.0
334 7.0
335 7.0
336 21.0
337 6.0
338 6.0
339 6.0
340 6.0
341 9.0
342 6.0
343 5.0
344 7.0
345 7.0
346 101.0
347 7.0
348 6.0
349 6.0
350 7.0
351 13.0
352 6.0
353 6.0
354 9.0
355 5.0
356 16.0
357 5.0
358 7.0
359 6.0
360 7.0
361 7.0
362 7.0
363 6.0
364 7.0
365 6.0
366 14.0
367 7.0
368 6.0
369 6.0
370 7.0
371 9.0
372 6.0
373 7.0
374 6.0
375 7.0
376 14.0
377 7.0
378 6.0
379 7.0
380 8.0
381 8.0
382 7.0
383 8.0
384 7.0
385 7.0
386 23.0
387 9.0
388 7.0
389 7.0
390 7.0
391 14.0
392 7.0
393 7.0
394 7.0
395 8.0
396 9.0
397 27.0
398 7.0
399 7.0
400 7.0
401 10.0
402 9.0
403 8.0
404 8.0
405 9.0
406 8.0
407 16.0
408 7.0
409 7.0
410 7.0
411 19.0
412 9.0
413 7.0
414 8.0
415 8.0
416 7.0
417 17.0
418 7.0
419 7.0
420 8.0
421 8.0
422 10.0
423 6.0
424 8.0
425 8.0
426 7.0
427 15.0
428 6.0
429 7.0
430 7.0
431 9.0
432 45.0
433 7.0
434 6.0
435 11.0
436 7.0
437 42.0
438 8.0
439 8.0
440 7.0
441 10.0
442 13.0
443 7.0
444 9.0
445 8.0
446 8.0
447 28.0
448 7.0
449 8.0
450 8.0
451 9.0
452 9.0
453 8.0
454 8.0
455 10.0
456 8.0
457 14.0
458 8.0
459 8.0
460 9.0
461 9.0
462 11.0
463 7.0
464 9.0
465 9.0
466 9.0
467 21.0
468 17.0
469 8.0
470 9.0
471 10.0
472 26.0
473 9.0
474 12.0
475 9.0
476 10.0
477 17.0
478 15.0
479 10.0
480 7.0
481 9.0
482 13.0
483 8.0
484 8.0
485 9.0
486 9.0
487 8.0
488 14.0
489 8.0
490 7.0
491 8.0
492 29.0
493 11.0
494 7.0
495 5.0
496 9.0
497 7.0
498 13.0
499 8.0
500 7.0
501 7.0
502 7.0
503 9.0
504 7.0
505 7.0
506 7.0
507 6.0
508 33.0
509 6.0
510 7.0
511 7.0
512 8.0
513 8.0
514 7.0
515 6.0
516 8.0
517 7.0
518 16.0
519 7.0
520 7.0
521 7.0
522 8.0
523 8.0
524 8.0
525 6.0
526 8.0
527 8.0
528 16.0
529 7.0
530 8.0
531 6.0
532 9.0
533 8.0
534 7.0
535 7.0
536 8.0
537 8.0
538 20.0
539 7.0
540 8.0
541 8.0
542 9.0
543 8.0
544 8.0
545 8.0
546 8.0
547 10.0
548 14.0
549 7.0
550 6.0
551 7.0
552 8.0
553 8.0
554 5.0
555 6.0
556 8.0
557 6.0
558 20.0
559 5.0
560 6.0
561 7.0
562 8.0
563 7.0
564 6.0
565 7.0
566 6.0
567 7.0
568 16.0
569 6.0
570 6.0
571 6.0
572 7.0
573 11.0
574 6.0
575 6.0
576 7.0
577 6.0
578 12.0
579 8.0
580 5.0
581 7.0
582 7.0
583 8.0
584 7.0
585 7.0
586 7.0
587 7.0
588 6.0
589 12.0
590 6.0
591 6.0
592 6.0
593 8.0
594 8.0
595 6.0
596 5.0
597 7.0
598 7.0
599 13.0
600 5.0
601 7.0
602 7.0
603 7.0
604 8.0
605 7.0
606 9.0
607 7.0
608 6.0
609 12.0
610 6.0
611 6.0
612 5.0
613 6.0
614 7.0
615 5.0
616 5.0
617 6.0
618 4.0
619 12.0
620 5.0
621 5.0
622 5.0
623 6.0
624 7.0
625 4.0
626 6.0
627 6.0
628 5.0
629 11.0
630 5.0
631 4.0
632 6.0
633 6.0
634 31.0
635 5.0
636 5.0
637 6.0
638 5.0
639 28.0
640 5.0
641 5.0
642 5.0
643 6.0
644 6.0
645 5.0
646 5.0
647 6.0
648 4.0
649 12.0
650 5.0
651 5.0
652 6.0
653 5.0
654 6.0
655 5.0
656 5.0
657 6.0
658 5.0
659 11.0
660 4.0
661 6.0
662 4.0
663 6.0
664 6.0
665 6.0
666 4.0
667 6.0
668 5.0
669 14.0
670 6.0
671 4.0
672 5.0
673 5.0
674 5.0
675 5.0
676 4.0
677 5.0
678 4.0
679 12.0
680 5.0
681 3.0
682 5.0
683 4.0
684 6.0
685 4.0
686 4.0
687 5.0
688 3.0
689 7.0
690 4.0
691 4.0
692 4.0
693 5.0
694 8.0
695 4.0
696 5.0
697 3.0
698 5.0
699 6.0
700 4.0
701 5.0
702 4.0
703 6.0
704 6.0
705 4.0
706 5.0
707 5.0
708 4.0
709 7.0
710 3.0
711 4.0
712 4.0
713 5.0
714 5.0
715 4.0
716 5.0
717 4.0
718 5.0
719 7.0
720 4.0
721 3.0
722 5.0
723 4.0
724 6.0
725 4.0
726 5.0
727 5.0
728 4.0
729 7.0
730 4.0
731 4.0
732 5.0
733 3.0
734 4.0
735 2.0
736 4.0
737 3.0
738 4.0
739 5.0
740 3.0
741 3.0
742 3.0
743 4.0
744 4.0
745 3.0
746 4.0
747 3.0
748 4.0
749 5.0
750 3.0
751 3.0
752 4.0
753 3.0
754 5.0
755 3.0
756 3.0
757 2.0
758 4.0
759 3.0
760 8.0
761 3.0
762 3.0
763 4.0
764 4.0
765 6.0
766 2.0
767 2.0
768 4.0
769 3.0
770 8.0
771 3.0
772 3.0
773 4.0
774 6.0
775 6.0
776 5.0
777 4.0
778 4.0
779 4.0
780 13.0
781 4.0
782 3.0
783 4.0
784 4.0
785 6.0
786 5.0
787 3.0
788 4.0
789 3.0
790 5.0
791 3.0
792 3.0
793 3.0
794 3.0
795 3.0
796 3.0
797 20.0
798 2.0
799 2.0
800 6.0
801 2.0
802 2.0
803 2.0
804 3.0
805 4.0
806 3.0
807 3.0
808 2.0
809 3.0
810 6.0
811 3.0
812 2.0
813 3.0
814 4.0
815 2.0
816 2.0
817 2.0
818 2.0
819 3.0
820 3.0
821 2.0
822 3.0
823 2.0
824 2.0
825 6.0
826 1.0
827 3.0
828 2.0
829 2.0
830 24.0
831 3.0
832 2.0
833 2.0
834 3.0
835 3.0
836 1.0
837 3.0
838 2.0
839 3.0
840 3.0
841 3.0
842 3.0
843 3.0
844 2.0
845 4.0
846 3.0
847 2.0
848 3.0
849 3.0
850 8.0
851 3.0
852 3.0
853 0.0
854 2.0
855 1.0
856 0.0
857 1.0
858 0.0
859 0.0
860 0.0
861 0.0
862 1.0
863 0.0
864 0.0
865 0.0
866 1.0
867 0.0
868 0.0
869 0.0
870 0.0
871 0.0
872 0.0
873 0.0
874 0.0
875 0.0
876 0.0
877 0.0
878 0.0
879 0.0
880 0.0
881 0.0
882 0.0
883 0.0
884 1.0
885 1.0
886 0.0
887 0.0
888 0.0
889 0.0
890 0.0
891 0.0
892 0.0
893 0.0
894 1.0
895 0.0
896 0.0
897 0.0
898 0.0
899 0.0
900 1.0
901 0.0
902 0.0
903 0.0
904 0.0
905 0.0
906 0.0
907 0.0
908 0.0
909 0.0
910 0.0
911 0.0
912 0.0
913 1.0
914 4.0
915 1.0
916 2.0
917 2.0
918 3.0
919 3.0
920 2.0
921 2.0
922 2.0
923 2.0
924 4.0
925 3.0
926 3.0
927 3.0
928 3.0
929 3.0
930 3.0
931 2.0
932 3.0
933 2.0
934 5.0
935 3.0
936 4.0
937 2.0
938 4.0
939 4.0
940 2.0
941 3.0
942 3.0
943 3.0
944 5.0
945 3.0
946 3.0
947 3.0
948 3.0
949 4.0
950 3.0
951 3.0
952 2.0
953 3.0
954 4.0
955 2.0
956 3.0
957 4.0
958 2.0
959 3.0
960 3.0
961 2.0
962 4.0
963 2.0
964 4.0
965 8.0
966 3.0
967 2.0
968 3.0
969 2.0
970 5.0
971 4.0
972 3.0
973 3.0
974 2.0
975 9.0
976 2.0
977 4.0
978 3.0
979 4.0
980 4.0
981 4.0
982 3.0
983 2.0
984 3.0
985 5.0
986 4.0
987 2.0
988 4.0
989 2.0
990 5.0
991 3.0
992 3.0
993 3.0
994 5.0
995 7.0
996 3.0
997 3.0
998 3.0
999 4.0
1000 4.0
1001 4.0
1002 4.0
1003 3.0
1004 4.0
1005 8.0
1006 2.0
1007 4.0
1008 3.0
1009 3.0
1010 4.0
1011 3.0
1012 4.0
1013 4.0
1014 4.0
1015 9.0
1016 2.0
1017 4.0
1018 3.0
1019 4.0
1020 4.0
1021 3.0
1022 4.0
1023 3.0
1024 3.0
1025 5.0
1026 4.0
1027 2.0
1028 4.0
1029 4.0
1030 4.0
1031 4.0
1032 3.0
1033 4.0
1034 3.0
1035 11.0
1036 4.0
1037 4.0
1038 4.0
1039 4.0
1040 4.0
1041 4.0
1042 4.0
1043 4.0
1044 4.0
1045 7.0
1046 4.0
1047 4.0
1048 4.0
1049 4.0
1050 4.0
1051 5.0
1052 3.0
1053 5.0
1054 5.0
1055 10.0
1056 3.0
1057 5.0
1058 4.0
1059 6.0
1060 5.0
1061 3.0
1062 4.0
1063 5.0
1064 5.0
1065 6.0
1066 4.0
1067 4.0
1068 4.0
1069 5.0
1070 5.0
1071 4.0
1072 5.0
1073 4.0
1074 4.0
1075 7.0
1076 4.0
1077 4.0
1078 5.0
1079 4.0
1080 6.0
1081 3.0
1082 5.0
1083 5.0
1084 4.0
1085 15.0
1086 4.0
1087 5.0
1088 4.0
1089 5.0
1090 4.0
1091 5.0
1092 5.0
1093 4.0
1094 4.0
1095 12.0
1096 5.0
1097 5.0
1098 6.0
1099 5.0
1100 6.0
1101 5.0
1102 4.0
1103 6.0
1104 5.0
1105 7.0
1106 5.0
1107 5.0
1108 4.0
1109 6.0
1110 7.0
1111 4.0
1112 6.0
1113 5.0
1114 5.0
1115 15.0
1116 5.0
1117 5.0
1118 5.0
1119 6.0
1120 7.0
1121 5.0
1122 5.0
1123 6.0
1124 5.0
1125 8.0
1126 20.0
1127 5.0
1128 5.0
1129 6.0
1130 6.0
1131 5.0
1132 6.0
1133 4.0
1134 6.0
1135 10.0
1136 7.0
1137 4.0
1138 6.0
1139 5.0
1140 6.0
1141 6.0
1142 9.0
1143 5.0
1144 5.0
1145 6.0
1146 14.0
1147 5.0
1148 5.0
1149 6.0
1150 5.0
1151 6.0
1152 5.0
1153 6.0
1154 5.0
1155 6.0
1156 9.0
1157 6.0
1158 6.0
1159 6.0
1160 6.0
1161 6.0
1162 6.0
1163 6.0
1164 6.0
1165 6.0
1166 9.0
1167 6.0
1168 6.0
1169 6.0
1170 7.0
1171 6.0
1172 5.0
1173 6.0
1174 7.0
1175 6.0
1176 13.0
1177 6.0
1178 6.0
1179 6.0
1180 8.0
1181 7.0
1182 5.0
1183 6.0
1184 4.0
1185 6.0
1186 13.0
1187 4.0
1188 6.0
1189 7.0
1190 7.0
1191 7.0
1192 6.0
1193 6.0
1194 8.0
1195 6.0
1196 10.0
1197 6.0
1198 6.0
1199 7.0
1200 11.0
1201 6.0
1202 6.0
1203 7.0
1204 8.0
1205 6.0
1206 13.0
1207 6.0
1208 5.0
1209 4.0
1210 7.0
1211 7.0
1212 6.0
1213 6.0
1214 7.0
1215 7.0
1216 9.0
1217 7.0
1218 5.0
1219 7.0
1220 8.0
1221 8.0
1222 6.0
1223 7.0
1224 8.0
1225 6.0
1226 16.0
1227 7.0
1228 6.0
1229 7.0
1230 8.0
1231 8.0
1232 7.0
1233 6.0
1234 9.0
1235 8.0
1236 18.0
1237 8.0
1238 7.0
1239 7.0
1240 8.0
1241 9.0
1242 7.0
1243 6.0
1244 9.0
1245 8.0
1246 9.0
1247 11.0
1248 7.0
1249 7.0
1250 8.0
1251 9.0
1252 7.0
1253 7.0
1254 8.0
1255 8.0
1256 8.0
1257 10.0
1258 8.0
1259 9.0
1260 8.0
1261 8.0
1262 8.0
1263 7.0
1264 7.0
1265 8.0
1266 8.0
1267 12.0
1268 9.0
1269 6.0
1270 7.0
1271 8.0
1272 8.0
1273 7.0
1274 8.0
1275 8.0
1276 7.0
1277 12.0
1278 8.0
1279 8.0
1280 8.0
1281 9.0
1282 7.0
1283 8.0
1284 10.0
1285 7.0
1286 14.0
1287 15.0
1288 7.0
1289 10.0
1290 8.0
1291 8.0
1292 9.0
1293 8.0
1294 7.0
1295 9.0
1296 8.0
1297 11.0
1298 7.0
1299 8.0
1300 8.0
1301 8.0
1302 10.0
1303 7.0
1304 8.0
1305 9.0
1306 8.0
1307 15.0
1308 8.0
1309 8.0
1310 9.0
1311 9.0
1312 8.0
1313 8.0
1314 8.0
1315 9.0
1316 8.0
1317 11.0
1318 8.0
1319 8.0
1320 7.0
1321 10.0
1322 8.0
1323 8.0
1324 8.0
1325 9.0
1326 8.0
1327 13.0
1328 7.0
1329 7.0
1330 9.0
1331 10.0
1332 12.0
1333 7.0
1334 6.0
1335 9.0
1336 6.0
1337 11.0
1338 7.0
1339 7.0
1340 7.0
1341 7.0
1342 8.0
1343 7.0
1344 7.0
1345 6.0
1346 7.0
1347 9.0
1348 8.0
1349 6.0
1350 7.0
1351 7.0
1352 8.0
1353 7.0
1354 7.0
1355 8.0
1356 7.0
1357 11.0
1358 8.0
1359 10.0
1360 7.0
1361 7.0
1362 8.0
1363 6.0
1364 7.0
1365 7.0
1366 7.0
1367 7.0
1368 12.0
1369 7.0
1370 6.0
1371 7.0
1372 9.0
1373 8.0
1374 7.0
1375 6.0
1376 9.0
1377 6.0
1378 11.0
1379 7.0
1380 6.0
1381 7.0
1382 8.0
1383 8.0
1384 7.0
1385 6.0
1386 8.0
1387 7.0
1388 9.0
1389 7.0
1390 8.0
1391 6.0
1392 8.0
1393 7.0
1394 5.0
1395 6.0
1396 6.0
1397 5.0
1398 8.0
1399 6.0
1400 6.0
1401 6.0
1402 7.0
1403 6.0
1404 6.0
1405 5.0
1406 7.0
1407 6.0
1408 8.0
1409 6.0
1410 5.0
1411 7.0
1412 6.0
1413 6.0
1414 7.0
1415 6.0
1416 7.0
1417 6.0
1418 16.0
1419 5.0
1420 6.0
1421 6.0
1422 8.0
1423 7.0
1424 6.0
1425 6.0
1426 6.0
1427 7.0
1428 8.0
1429 6.0
1430 6.0
1431 7.0
1432 7.0
1433 7.0
1434 7.0
1435 6.0
1436 6.0
1437 6.0
1438 11.0
1439 7.0
1440 6.0
1441 5.0
1442 8.0
1443 11.0
1444 6.0
1445 5.0
1446 7.0
1447 6.0
1448 7.0
1449 7.0
1450 6.0
1451 6.0
1452 6.0
1453 6.0
1454 6.0
1455 4.0
1456 6.0
1457 6.0
1458 5.0
1459 8.0
1460 5.0
1461 5.0
1462 5.0
1463 7.0
1464 6.0
1465 4.0
1466 5.0
1467 6.0
1468 5.0
1469 7.0
1470 5.0
1471 5.0
1472 5.0
1473 6.0
1474 35.0
1475 5.0
1476 5.0
1477 6.0
1478 6.0
1479 15.0
1480 5.0
1481 5.0
1482 5.0
1483 5.0
1484 6.0
1485 6.0
1486 4.0
1487 6.0
1488 5.0
1489 8.0
1490 5.0
1491 6.0
1492 5.0
1493 6.0
1494 6.0
1495 6.0
1496 5.0
1497 6.0
1498 5.0
1499 6.0
1500 6.0
1501 5.0
1502 5.0
1503 6.0
1504 6.0
1505 4.0
1506 6.0
1507 6.0
1508 5.0
1509 8.0
1510 4.0
1511 4.0
1512 6.0
1513 4.0
1514 5.0
1515 4.0
1516 5.0
1517 5.0
1518 4.0
1519 7.0
1520 4.0
1521 5.0
1522 4.0
1523 5.0
1524 5.0
1525 4.0
1526 5.0
1527 4.0
1528 5.0
1529 5.0
1530 5.0
1531 5.0
1532 4.0
1533 4.0
1534 6.0
1535 4.0
1536 4.0
1537 4.0
1538 5.0
1539 6.0
1540 4.0
1541 5.0
1542 4.0
1543 5.0
1544 6.0
1545 4.0
1546 5.0
1547 4.0
1548 5.0
1549 6.0
1550 4.0
1551 5.0
1552 4.0
1553 4.0
1554 12.0
1555 5.0
1556 4.0
1557 4.0
1558 5.0
1559 6.0
1560 4.0
1561 3.0
1562 5.0
1563 4.0
1564 5.0
1565 4.0
1566 5.0
1567 4.0
1568 5.0
1569 4.0
1570 7.0
1571 4.0
1572 4.0
1573 2.0
1574 4.0
1575 2.0
1576 2.0
1577 1.0
1578 5.0
1579 3.0
1580 5.0
1581 3.0
1582 3.0
1583 3.0
1584 4.0
1585 4.0
1586 3.0
1587 4.0
1588 4.0
1589 2.0
1590 7.0
1591 3.0
1592 3.0
1593 4.0
1594 3.0
1595 3.0
1596 3.0
1597 3.0
1598 4.0
1599 3.0
1600 6.0
1601 3.0
1602 2.0
1603 4.0
1604 2.0
1605 4.0
1606 3.0
1607 4.0
1608 3.0
1609 4.0
1610 6.0
1611 4.0
1612 3.0
1613 3.0
1614 4.0
1615 5.0
1616 2.0
1617 3.0
1618 5.0
1619 3.0
1620 4.0
1621 4.0
1622 3.0
1623 3.0
1624 3.0
1625 4.0
1626 3.0
1627 3.0
1628 3.0
1629 3.0
1630 8.0
1631 2.0
1632 3.0
1633 1.0
1634 1.0
1635 3.0
1636 0.0
1637 1.0
1638 1.0
1639 2.0
1640 6.0
1641 1.0
1642 1.0
1643 2.0
1644 2.0
1645 2.0
1646 0.0
1647 2.0
1648 1.0
1649 1.0
1650 3.0
1651 1.0
1652 2.0
1653 1.0
1654 1.0
1655 2.0
1656 1.0
1657 1.0
1658 1.0
1659 1.0
1660 3.0
1661 0.0
1662 2.0
1663 1.0
1664 1.0
1665 2.0
1666 1.0
1667 0.0
1668 2.0
1669 2.0
1670 5.0
1671 4.0
1672 1.0
1673 3.0
1674 3.0
1675 4.0
1676 3.0
1677 3.0
1678 3.0
1679 4.0
1680 4.0
1681 3.0
1682 4.0
1683 3.0
1684 3.0
1685 3.0
1686 2.0
1687 3.0
1688 3.0
1689 2.0
1690 4.0
1691 3.0
1692 2.0
1693 1.0
1694 0.0
1695 0.0
1696 0.0
1697 1.0
1698 0.0
1699 0.0
1700 0.0
1701 0.0
1702 1.0
1703 0.0
1704 0.0
1705 0.0
1706 0.0
1707 0.0
1708 0.0
1709 0.0
1710 0.0
1711 0.0
1712 0.0
1713 0.0
1714 0.0
1715 1.0
1716 0.0
1717 0.0
1718 0.0
1719 0.0
1720 0.0
1721 0.0
1722 0.0
1723 1.0
1724 0.0
1725 0.0
1726 0.0
1727 0.0
1728 0.0
1729 0.0
1730 0.0
1731 1.0
1732 0.0
1733 0.0
1734 0.0
1735 0.0
1736 0.0
1737 0.0
1738 0.0
1739 0.0
1740 0.0
1741 0.0
1742 0.0
1743 0.0
1744 0.0
1745 0.0
1746 1.0
1747 0.0
1748 0.0
1749 0.0
1750 1.0
1751 0.0
1752 0.0
1753 0.0
1754 0.0
1755 0.0
1756 0.0
1757 0.0
1758 0.0
1759 0.0
1760 1.0
1761 0.0
1762 0.0
1763 0.0
1764 1.0
1765 0.0
1766 0.0
1767 0.0
1768 0.0
1769 0.0
1770 0.0
1771 0.0
1772 0.0
1773 0.0
1774 0.0
1775 0.0
1776 0.0
1777 0.0
1778 0.0
1779 0.0
1780 0.0
1781 0.0
1782 0.0
1783 0.0
1784 1.0
1785 0.0
1786 0.0
1787 0.0
1788 0.0
1789 0.0
1790 0.0
1791 0.0
1792 1.0
1793 0.0
1794 0.0
1795 0.0
1796 0.0
1797 0.0
1798 0.0
1799 0.0
1800 1.0
1801 0.0
1802 0.0
1803 0.0
1804 0.0
1805 1.0
1806 0.0
1807 0.0
1808 0.0
1809 0.0
1810 0.0
1811 0.0
1812 0.0
1813 0.0
1814 0.0
1815 0.0
1816 0.0
1817 0.0
1818 0.0
