0 1617920.0
1 146296832.0
2 434638848.0
3 743919616.0
4 843173888.0
5 866684928.0
6 845160448.0
7 845160448.0
8 845160448.0
9 845160448.0
10 845160448.0
11 845160448.0
12 845160448.0
13 845160448.0
14 879566848.0
15 893849600.0
16 895369216.0
17 893599744.0
18 893599744.0
19 893599744.0
20 893599744.0
21 880156672.0
22 880156672.0
23 880156672.0
24 880156672.0
25 880156672.0
26 880156672.0
27 880156672.0
28 880156672.0
29 880156672.0
30 880156672.0
31 880156672.0
32 880156672.0
33 880156672.0
34 880156672.0
35 880156672.0
36 880156672.0
37 880156672.0
38 880156672.0
39 880156672.0
40 880156672.0
41 880156672.0
42 880156672.0
43 880156672.0
44 880156672.0
45 880156672.0
46 880156672.0
47 880156672.0
48 880156672.0
49 880156672.0
50 880156672.0
51 880156672.0
52 880156672.0
53 880156672.0
54 880156672.0
55 880156672.0
56 870400000.0
57 870400000.0
58 870457344.0
59 870457344.0
60 870457344.0
61 870457344.0
62 870457344.0
63 870457344.0
64 870457344.0
65 870457344.0
66 870457344.0
67 870457344.0
68 870457344.0
69 870457344.0
70 870457344.0
71 870457344.0
72 870457344.0
73 870457344.0
74 877449216.0
75 883793920.0
76 881508352.0
77 881508352.0
78 882315264.0
79 885280768.0
80 886349824.0
81 886349824.0
82 886349824.0
83 886349824.0
84 886362112.0
85 886362112.0
86 881975296.0
87 881975296.0
88 881975296.0
89 881975296.0
90 881975296.0
91 881975296.0
92 881975296.0
93 881975296.0
94 881975296.0
95 881975296.0
96 881975296.0
97 881975296.0
98 881975296.0
99 881975296.0
100 881975296.0
101 881975296.0
102 881975296.0
103 881975296.0
104 881975296.0
105 881975296.0
106 881975296.0
107 881975296.0
108 881975296.0
109 881975296.0
110 881975296.0
111 881975296.0
112 881975296.0
113 881975296.0
114 881975296.0
115 879529984.0
116 879529984.0
117 879529984.0
118 879529984.0
119 879529984.0
120 879529984.0
121 879529984.0
122 879529984.0
123 879529984.0
124 879529984.0
125 879636480.0
126 879636480.0
127 879636480.0
128 879636480.0
129 879636480.0
130 879636480.0
131 879636480.0
132 879636480.0
133 879636480.0
134 879636480.0
135 879648768.0
136 879648768.0
137 879648768.0
138 879648768.0
139 879648768.0
140 879648768.0
141 879648768.0
142 879648768.0
143 879648768.0
144 879648768.0
145 879882240.0
146 879882240.0
147 879882240.0
148 879882240.0
149 879882240.0
150 879882240.0
151 879882240.0
152 879882240.0
153 879882240.0
154 879882240.0
155 880050176.0
156 880050176.0
157 880050176.0
158 880050176.0
159 880050176.0
160 880271360.0
161 880271360.0
162 880271360.0
163 880271360.0
164 880271360.0
165 880488448.0
166 880488448.0
167 880488448.0
168 880488448.0
169 880488448.0
170 880488448.0
171 880488448.0
172 880517120.0
173 880521216.0
174 880521216.0
175 881057792.0
176 881057792.0
177 881057792.0
178 881057792.0
179 881057792.0
180 881111040.0
181 881111040.0
182 881111040.0
183 881111040.0
184 881111040.0
185 881111040.0
186 881111040.0
187 881111040.0
188 881111040.0
189 881381376.0
190 881381376.0
191 881381376.0
192 881381376.0
193 881381376.0
194 881381376.0
195 881516544.0
196 881516544.0
197 881516544.0
198 881516544.0
199 881516544.0
200 881516544.0
201 881516544.0
202 881516544.0
203 881516544.0
204 881516544.0
205 881614848.0
206 894304256.0
207 894304256.0
208 894304256.0
209 894304256.0
210 894304256.0
211 894304256.0
212 894566400.0
213 894836736.0
214 894836736.0
215 895320064.0
216 895320064.0
217 895320064.0
218 895320064.0
219 895320064.0
220 895320064.0
221 895320064.0
222 895320064.0
223 895320064.0
224 895320064.0
225 895741952.0
226 895741952.0
227 895741952.0
228 895741952.0
229 895741952.0
230 895741952.0
231 895741952.0
232 895741952.0
233 895741952.0
234 895741952.0
235 895741952.0
236 895741952.0
237 895741952.0
238 895741952.0
239 895741952.0
240 895754240.0
241 895590400.0
242 895590400.0
243 895590400.0
244 895590400.0
245 895647744.0
246 895647744.0
247 895647744.0
248 895647744.0
249 895647744.0
250 895856640.0
251 895856640.0
252 895856640.0
253 895856640.0
254 895922176.0
255 896262144.0
256 896229376.0
257 896229376.0
258 896229376.0
259 896229376.0
260 896319488.0
261 896319488.0
262 896319488.0
263 896319488.0
264 896319488.0
265 896761856.0
266 896806912.0
267 896806912.0
268 896806912.0
269 896806912.0
270 896847872.0
271 896847872.0
272 896847872.0
273 896847872.0
274 896847872.0
275 897056768.0
276 897056768.0
277 897056768.0
278 897056768.0
279 897077248.0
280 897077248.0
281 897077248.0
282 897077248.0
283 897077248.0
284 897077248.0
285 897077248.0
286 897077248.0
287 903286784.0
288 910856192.0
289 918966272.0
290 927670272.0
291 936050688.0
292 943620096.0
293 951459840.0
294 956399616.0
295 956669952.0
296 959967232.0
297 967536640.0
298 975917056.0
299 984027136.0
300 991866880.0
301 1000513536.0
302 1008893952.0
303 1016733696.0
304 1024303104.0
305 1026572288.0
306 1026572288.0
307 1026572288.0
308 1026572288.0
309 1026572288.0
310 1026572288.0
311 1026650112.0
312 1026650112.0
313 1026834432.0
314 1026834432.0
315 1026834432.0
316 1026904064.0
317 1026904064.0
318 1026904064.0
319 1026928640.0
320 1026928640.0
321 1026928640.0
322 1026928640.0
323 1026928640.0
324 1026928640.0
325 1027174400.0
326 1027284992.0
327 1027284992.0
328 1027284992.0
329 1027284992.0
330 1027284992.0
331 1027284992.0
332 1027284992.0
333 1027284992.0
334 1027284992.0
335 1027284992.0
336 1027530752.0
337 1027530752.0
338 1027530752.0
339 1027530752.0
340 1027530752.0
341 1027530752.0
342 1027530752.0
343 1027530752.0
344 1027530752.0
345 1027530752.0
346 1052618752.0
347 1052618752.0
348 1052618752.0
349 1052618752.0
350 1052618752.0
351 1052856320.0
352 1052856320.0
353 1052856320.0
354 1052856320.0
355 1052856320.0
356 1053089792.0
357 1053089792.0
358 1053089792.0
359 1053089792.0
360 1053089792.0
361 1053089792.0
362 1053089792.0
363 1053089792.0
364 1053089792.0
365 1053089792.0
366 1053089792.0
367 1053089792.0
368 1053089792.0
369 1053089792.0
370 1053089792.0
371 1053335552.0
372 1053335552.0
373 1053335552.0
374 1053335552.0
375 1053335552.0
376 1053581312.0
377 1053581312.0
378 1053581312.0
379 1053581312.0
380 1053581312.0
381 1053581312.0
382 1053581312.0
383 1053581312.0
384 1053581312.0
385 1053581312.0
386 1054068736.0
387 1054134272.0
388 1054134272.0
389 1054134272.0
390 1054134272.0
391 1054134272.0
392 1054134272.0
393 1054134272.0
394 1054134272.0
395 1054134272.0
396 1054228480.0
397 1054478336.0
398 1054478336.0
399 1054478336.0
400 1054478336.0
401 1054478336.0
402 1054478336.0
403 1054478336.0
404 1054515200.0
405 1054515200.0
406 1054515200.0
407 1054638080.0
408 1054638080.0
409 1054638080.0
410 1054638080.0
411 1058631680.0
412 1058631680.0
413 1058631680.0
414 1058631680.0
415 1058631680.0
416 1058631680.0
417 1058832384.0
418 1058832384.0
419 1058832384.0
420 1058832384.0
421 1058832384.0
422 1058832384.0
423 1058832384.0
424 1058832384.0
425 1059000320.0
426 1059000320.0
427 1059086336.0
428 1059086336.0
429 1059086336.0
430 1059086336.0
431 1059086336.0
432 1069539328.0
433 1069539328.0
434 1069539328.0
435 1069539328.0
436 1069539328.0
437 1059287040.0
438 1059287040.0
439 1059287040.0
440 1059287040.0
441 1059287040.0
442 1059287040.0
443 1059287040.0
444 1059287040.0
445 1059287040.0
446 1059287040.0
447 1059717120.0
448 1059717120.0
449 1059717120.0
450 1059717120.0
451 1059717120.0
452 1059717120.0
453 1059717120.0
454 1059717120.0
455 1059717120.0
456 1059717120.0
457 1059717120.0
458 1059717120.0
459 1059717120.0
460 1059717120.0
461 1059717120.0
462 1059966976.0
463 1059966976.0
464 1059966976.0
465 1059966976.0
466 1059966976.0
467 1060470784.0
468 1060544512.0
469 1060544512.0
470 1060782080.0
471 1064472576.0
472 1072259072.0
473 1085235200.0
474 1099825152.0
475 1099825152.0
476 1099825152.0
477 1099988992.0
478 1100115968.0
479 1100115968.0
480 1100115968.0
481 1100115968.0
482 1100115968.0
483 1100115968.0
484 1100115968.0
485 1100115968.0
486 1100115968.0
487 1100115968.0
488 1100173312.0
489 1100173312.0
490 1100173312.0
491 1100173312.0
492 1102209024.0
493 1102209024.0
494 1102209024.0
495 1102209024.0
496 1102209024.0
497 1100374016.0
498 1100439552.0
499 1100439552.0
500 1100439552.0
501 1100439552.0
502 1100439552.0
503 1100439552.0
504 1100439552.0
505 1100439552.0
506 1100439552.0
507 1100439552.0
508 1100574720.0
509 1100574720.0
510 1100574720.0
511 1100574720.0
512 1100574720.0
513 1100574720.0
514 1100574720.0
515 1100574720.0
516 1100574720.0
517 1100574720.0
518 1100574720.0
519 1100574720.0
520 1100574720.0
521 1100574720.0
522 1100574720.0
523 1100574720.0
524 1100574720.0
525 1100574720.0
526 1100574720.0
527 1100574720.0
528 1100607488.0
529 1100607488.0
530 1100607488.0
531 1100607488.0
532 1100607488.0
533 1100607488.0
534 1100607488.0
535 1100607488.0
536 1100607488.0
537 1105616896.0
538 1116413952.0
539 1126957056.0
540 1138040832.0
541 1142091776.0
542 1148309504.0
543 1160450048.0
544 1170993152.0
545 1182076928.0
546 1193426944.0
547 1206743040.0
548 1206857728.0
549 1206857728.0
550 1206857728.0
551 1206857728.0
552 1206857728.0
553 1206857728.0
554 1206857728.0
555 1206857728.0
556 1206857728.0
557 1206857728.0
558 1207443456.0
559 1207443456.0
560 1207443456.0
561 1207443456.0
562 1207443456.0
563 1207443456.0
564 1207443456.0
565 1207443456.0
566 1207451648.0
567 1207451648.0
568 1207681024.0
569 1207681024.0
570 1207681024.0
571 1207681024.0
572 1207681024.0
573 1207902208.0
574 1207902208.0
575 1207902208.0
576 1207902208.0
577 1207902208.0
578 1208254464.0
579 1208311808.0
580 1208311808.0
581 1208311808.0
582 1208311808.0
583 1208311808.0
584 1208311808.0
585 1208311808.0
586 1208311808.0
587 1208311808.0
588 1208311808.0
589 1208311808.0
590 1208311808.0
591 1208311808.0
592 1208311808.0
593 1209352192.0
594 1209352192.0
595 1209352192.0
596 1209352192.0
597 1209290752.0
598 1209290752.0
599 1209319424.0
600 1209319424.0
601 1209319424.0
602 1208631296.0
603 1208631296.0
604 1208631296.0
605 1208631296.0
606 1208631296.0
607 1208631296.0
608 1208631296.0
609 1208807424.0
610 1208807424.0
611 1208807424.0
612 1208807424.0
613 1208807424.0
614 1208807424.0
615 1208807424.0
616 1208807424.0
617 1208807424.0
618 1208807424.0
619 1208885248.0
620 1208885248.0
621 1208885248.0
622 1208885248.0
623 1208885248.0
624 1208885248.0
625 1209958400.0
626 1213464576.0
627 1213464576.0
628 1213464576.0
629 1213546496.0
630 1213546496.0
631 1213546496.0
632 1213546496.0
633 1213546496.0
634 1218420736.0
635 1218420736.0
636 1218420736.0
637 1217638400.0
638 1217638400.0
639 1222553600.0
640 1222553600.0
641 1222553600.0
642 1218695168.0
643 1218695168.0
644 1218695168.0
645 1218695168.0
646 1218695168.0
647 1218695168.0
648 1218695168.0
649 1219014656.0
650 1219014656.0
651 1219014656.0
652 1219014656.0
653 1219014656.0
654 1219014656.0
655 1219014656.0
656 1219014656.0
657 1219014656.0
658 1219014656.0
659 1219014656.0
660 1219014656.0
661 1219014656.0
662 1219014656.0
663 1219014656.0
664 1219014656.0
665 1219014656.0
666 1219014656.0
667 1219014656.0
668 1219014656.0
669 1219026944.0
670 1219026944.0
671 1219026944.0
672 1219026944.0
673 1219026944.0
674 1219026944.0
675 1219026944.0
676 1219026944.0
677 1219026944.0
678 1219026944.0
679 1219051520.0
680 1219051520.0
681 1219051520.0
682 1219051520.0
683 1219051520.0
684 1219051520.0
685 1219051520.0
686 1219051520.0
687 1219051520.0
688 1219051520.0
689 1219051520.0
690 1219051520.0
691 1219051520.0
692 1219051520.0
693 1219051520.0
694 1219051520.0
695 1219051520.0
696 1219051520.0
697 1219051520.0
698 1219051520.0
699 1219170304.0
700 1219170304.0
701 1219170304.0
702 1219170304.0
703 1219170304.0
704 1219170304.0
705 1219170304.0
706 1219170304.0
707 1219170304.0
708 1219170304.0
709 1219170304.0
710 1219170304.0
711 1219170304.0
712 1219170304.0
713 1219170304.0
714 1219170304.0
715 1219170304.0
716 1219170304.0
717 1219170304.0
718 1219170304.0
719 1219170304.0
720 1219170304.0
721 1219170304.0
722 1219170304.0
723 1219170304.0
724 1219170304.0
725 1219268608.0
726 1219268608.0
727 1219268608.0
728 1219268608.0
729 1219268608.0
730 1219268608.0
731 1219268608.0
732 1219268608.0
733 1219268608.0
734 1219268608.0
735 1219268608.0
736 1219268608.0
737 1219268608.0
738 1219268608.0
739 1219268608.0
740 1219268608.0
741 1219268608.0
742 1219268608.0
743 1219268608.0
744 1219268608.0
745 1219268608.0
746 1219268608.0
747 1219268608.0
748 1219268608.0
749 1219268608.0
750 1219268608.0
751 1219268608.0
752 1219268608.0
753 1219268608.0
754 1219268608.0
755 1219268608.0
756 1219268608.0
757 1219268608.0
758 1219268608.0
759 1219268608.0
760 1219268608.0
761 1219268608.0
762 1219268608.0
763 1219268608.0
764 1219268608.0
765 1219268608.0
766 1219268608.0
767 1219268608.0
768 1219801088.0
769 1222766592.0
770 1224458240.0
771 1229594624.0
772 1234460672.0
773 1239326720.0
774 1244192768.0
775 1249804288.0
776 1251696640.0
777 1256833024.0
778 1261920256.0
779 1266515968.0
780 1271099392.0
781 1276235776.0
782 1280831488.0
783 1285967872.0
784 1291104256.0
785 1296506880.0
786 1300258816.0
787 1300258816.0
788 1300258816.0
789 1300258816.0
790 1300258816.0
791 1300258816.0
792 1300258816.0
793 1300258816.0
794 1300258816.0
795 1300258816.0
796 1300258816.0
797 1302102016.0
798 1302102016.0
799 1302102016.0
800 1302102016.0
801 1302102016.0
802 1301696512.0
803 1301696512.0
804 1301696512.0
805 1301696512.0
806 1301696512.0
807 1301696512.0
808 1301696512.0
809 1301696512.0
810 1301696512.0
811 1301696512.0
812 1301696512.0
813 1301696512.0
814 1301696512.0
815 1301696512.0
816 1301696512.0
817 1301696512.0
818 1301696512.0
819 1301778432.0
820 1301778432.0
821 1301778432.0
822 1301778432.0
823 1301778432.0
824 1301778432.0
825 1301778432.0
826 1301778432.0
827 1301778432.0
828 1301778432.0
829 1301778432.0
830 1301778432.0
831 1301778432.0
832 1301778432.0
833 1301778432.0
834 1301778432.0
835 1301778432.0
836 1301778432.0
837 1301778432.0
838 1301778432.0
839 1301778432.0
840 1301778432.0
841 1301778432.0
842 1301778432.0
843 1301778432.0
844 1301778432.0
845 1301778432.0
846 1301778432.0
847 1301778432.0
848 1301778432.0
849 1301778432.0
850 1301778432.0
851 1301778432.0
852 1301778432.0
853 1301778432.0
854 1303789568.0
855 1303789568.0
856 1303789568.0
857 1301901312.0
858 1301901312.0
859 1301901312.0
860 1301901312.0
861 1301901312.0
862 1301901312.0
863 1301901312.0
864 1301901312.0
865 1301901312.0
866 1301901312.0
867 1301901312.0
868 1301901312.0
869 1301901312.0
870 1301901312.0
871 1301901312.0
872 1301901312.0
873 1301901312.0
874 1301901312.0
875 1301901312.0
876 1301901312.0
877 1301901312.0
878 1301901312.0
879 1301901312.0
880 1301901312.0
881 1301901312.0
882 1301901312.0
883 1301901312.0
884 1301901312.0
885 1301901312.0
886 1301901312.0
887 1301901312.0
888 1301901312.0
889 1301901312.0
890 1301901312.0
891 1301901312.0
892 1301901312.0
893 1301901312.0
894 1301901312.0
895 1301901312.0
896 1301901312.0
897 1301901312.0
898 1301901312.0
899 1301901312.0
900 1301987328.0
901 1301987328.0
902 1301987328.0
903 1301987328.0
904 1301987328.0
905 1301987328.0
906 1301987328.0
907 1301987328.0
908 1301987328.0
909 1301987328.0
910 1302089728.0
911 1302089728.0
912 1302089728.0
913 1302089728.0
914 1302089728.0
915 1302089728.0
916 1302089728.0
917 1302089728.0
918 1302089728.0
919 1302089728.0
920 1302089728.0
921 1302089728.0
922 1302089728.0
923 1302089728.0
924 1302089728.0
925 1302089728.0
926 1302089728.0
927 1302089728.0
928 1302089728.0
929 1302089728.0
930 1302089728.0
931 1302089728.0
932 1302089728.0
933 1302089728.0
934 1302179840.0
935 1302179840.0
936 1302179840.0
937 1302179840.0
938 1302179840.0
939 1302179840.0
940 1302179840.0
941 1302179840.0
942 1302179840.0
943 1302179840.0
944 1302179840.0
945 1302179840.0
946 1302179840.0
947 1302179840.0
948 1302179840.0
949 1302179840.0
950 1302179840.0
951 1302179840.0
952 1302179840.0
953 1302179840.0
954 1302179840.0
955 1302179840.0
956 1302179840.0
957 1302179840.0
958 1302179840.0
959 1302179840.0
960 1302179840.0
961 1302179840.0
962 1302179840.0
963 1302179840.0
964 1302179840.0
965 1302376448.0
966 1302376448.0
967 1302376448.0
968 1302376448.0
969 1302376448.0
970 1302405120.0
971 1302405120.0
972 1302405120.0
973 1302405120.0
974 1302405120.0
975 1302409216.0
976 1302409216.0
977 1302409216.0
978 1302409216.0
979 1302409216.0
980 1302429696.0
981 1302429696.0
982 1302429696.0
983 1302429696.0
984 1302429696.0
985 1302429696.0
986 1302429696.0
987 1302429696.0
988 1302429696.0
989 1302429696.0
990 1302429696.0
991 1302429696.0
992 1302429696.0
993 1302429696.0
994 1302429696.0
995 1302499328.0
996 1302499328.0
997 1302499328.0
998 1302499328.0
999 1302499328.0
1000 1302499328.0
1001 1302499328.0
1002 1302499328.0
1003 1302499328.0
1004 1302499328.0
1005 1302634496.0
1006 1302634496.0
1007 1302634496.0
1008 1302634496.0
1009 1302634496.0
1010 1302634496.0
1011 1302634496.0
1012 1302634496.0
1013 1302634496.0
1014 1302634496.0
1015 1302634496.0
1016 1302634496.0
1017 1302634496.0
1018 1302634496.0
1019 1302634496.0
1020 1302634496.0
1021 1302634496.0
1022 1302634496.0
1023 1302634496.0
1024 1302634496.0
1025 1302634496.0
1026 1302634496.0
1027 1302634496.0
1028 1302634496.0
1029 1302634496.0
1030 1302634496.0
1031 1302634496.0
1032 1302634496.0
1033 1302634496.0
1034 1302634496.0
1035 1302634496.0
1036 1302634496.0
1037 1302634496.0
1038 1302634496.0
1039 1302634496.0
1040 1302634496.0
1041 1302634496.0
1042 1302634496.0
1043 1302634496.0
1044 1302634496.0
1045 1302634496.0
1046 1302634496.0
1047 1302634496.0
1048 1302634496.0
1049 1302634496.0
1050 1303142400.0
1051 1303142400.0
1052 1303142400.0
1053 1303142400.0
1054 1303142400.0
1055 1303371776.0
1056 1303371776.0
1057 1303371776.0
1058 1302978560.0
1059 1302978560.0
1060 1302978560.0
1061 1302978560.0
1062 1302978560.0
1063 1302978560.0
1064 1302978560.0
1065 1302978560.0
1066 1302978560.0
1067 1302978560.0
1068 1302978560.0
1069 1302978560.0
1070 1302978560.0
1071 1302978560.0
1072 1302978560.0
1073 1302978560.0
1074 1302978560.0
1075 1302978560.0
1076 1302978560.0
1077 1302978560.0
1078 1302978560.0
1079 1302978560.0
1080 1303764992.0
1081 1304297472.0
1082 1304297472.0
1083 1304297472.0
1084 1304297472.0
1085 1307734016.0
1086 1307734016.0
1087 1307734016.0
1088 1307734016.0
1089 1307734016.0
1090 1307734016.0
1091 1307734016.0
1092 1307734016.0
1093 1307734016.0
1094 1307734016.0
1095 1307734016.0
1096 1307734016.0
1097 1307734016.0
1098 1307734016.0
1099 1307734016.0
1100 1307734016.0
1101 1307734016.0
1102 1307734016.0
1103 1307734016.0
1104 1307734016.0
1105 1307758592.0
1106 1307758592.0
1107 1307758592.0
1108 1307758592.0
1109 1307758592.0
1110 1307758592.0
1111 1307758592.0
1112 1307758592.0
1113 1307758592.0
1114 1307758592.0
1115 1307766784.0
1116 1307766784.0
1117 1307766784.0
1118 1307766784.0
1119 1307766784.0
1120 1307766784.0
1121 1307766784.0
1122 1307766784.0
1123 1307766784.0
1124 1307766784.0
1125 1307766784.0
1126 1307832320.0
1127 1307832320.0
1128 1307832320.0
1129 1307832320.0
1130 1307832320.0
1131 1307832320.0
1132 1307832320.0
1133 1307832320.0
1134 1307832320.0
1135 1307832320.0
1136 1307832320.0
1137 1307832320.0
1138 1307832320.0
1139 1307832320.0
1140 1307832320.0
1141 1307832320.0
1142 1307865088.0
1143 1307865088.0
1144 1307865088.0
1145 1307865088.0
1146 1307996160.0
1147 1307996160.0
1148 1307996160.0
1149 1307996160.0
1150 1307996160.0
1151 1307996160.0
1152 1307996160.0
1153 1307996160.0
1154 1307996160.0
1155 1307996160.0
1156 1308008448.0
1157 1308008448.0
1158 1308008448.0
1159 1308008448.0
1160 1308008448.0
1161 1308008448.0
1162 1308008448.0
1163 1308008448.0
1164 1308008448.0
1165 1308008448.0
1166 1308008448.0
1167 1308008448.0
1168 1308008448.0
1169 1308008448.0
1170 1308008448.0
1171 1308008448.0
1172 1308008448.0
1173 1308008448.0
1174 1308008448.0
1175 1308008448.0
1176 1308053504.0
1177 1308053504.0
1178 1308053504.0
1179 1308053504.0
1180 1308053504.0
1181 1308053504.0
1182 1308090368.0
1183 1308090368.0
1184 1308295168.0
1185 1308295168.0
1186 1308377088.0
1187 1308377088.0
1188 1308377088.0
1189 1308377088.0
1190 1308377088.0
1191 1308377088.0
1192 1308377088.0
1193 1308377088.0
1194 1308377088.0
1195 1308377088.0
1196 1308377088.0
1197 1308377088.0
1198 1308377088.0
1199 1308377088.0
1200 1309769728.0
1201 1309769728.0
1202 1309769728.0
1203 1309769728.0
1204 1309769728.0
1205 1309769728.0
1206 1309769728.0
1207 1309769728.0
1208 1309769728.0
1209 1309769728.0
1210 1309769728.0
1211 1309769728.0
1212 1309769728.0
1213 1309769728.0
1214 1309769728.0
1215 1309769728.0
1216 1309769728.0
1217 1309769728.0
1218 1309769728.0
1219 1309769728.0
1220 1309769728.0
1221 1309769728.0
1222 1309769728.0
1223 1309769728.0
1224 1309769728.0
1225 1309769728.0
1226 1310023680.0
1227 1310023680.0
1228 1310023680.0
1229 1310023680.0
1230 1310023680.0
1231 1310023680.0
1232 1310023680.0
1233 1310023680.0
1234 1310023680.0
1235 1310023680.0
1236 1310146560.0
1237 1310146560.0
1238 1310146560.0
1239 1310146560.0
1240 1310146560.0
1241 1310146560.0
1242 1310146560.0
1243 1310146560.0
1244 1310363648.0
1245 1310363648.0
1246 1310363648.0
1247 1310363648.0
1248 1310363648.0
1249 1310388224.0
1250 1310388224.0
1251 1310912512.0
1252 1310912512.0
1253 1310912512.0
1254 1310912512.0
1255 1310912512.0
1256 1310912512.0
1257 1310912512.0
1258 1310912512.0
1259 1310912512.0
1260 1310912512.0
1261 1310912512.0
1262 1310912512.0
1263 1310912512.0
1264 1310912512.0
1265 1310912512.0
1266 1310912512.0
1267 1310912512.0
1268 1310912512.0
1269 1310228480.0
1270 1310228480.0
1271 1310228480.0
1272 1310228480.0
1273 1310228480.0
1274 1310228480.0
1275 1310228480.0
1276 1310228480.0
1277 1310228480.0
1278 1310228480.0
1279 1310334976.0
1280 1310334976.0
1281 1310334976.0
1282 1310334976.0
1283 1310334976.0
1284 1310429184.0
1285 1310429184.0
1286 1313247232.0
1287 1313280000.0
1288 1313280000.0
1289 1313280000.0
1290 1313280000.0
1291 1313280000.0
1292 1313280000.0
1293 1313280000.0
1294 1313280000.0
1295 1313280000.0
1296 1313280000.0
1297 1313280000.0
1298 1313280000.0
1299 1313280000.0
1300 1313280000.0
1301 1313280000.0
1302 1313280000.0
1303 1313280000.0
1304 1313280000.0
1305 1313280000.0
1306 1313280000.0
1307 1313280000.0
1308 1313280000.0
1309 1313280000.0
1310 1313280000.0
1311 1313280000.0
1312 1313280000.0
1313 1313280000.0
1314 1313280000.0
1315 1313280000.0
1316 1313280000.0
1317 1313280000.0
1318 1313280000.0
1319 1313280000.0
1320 1313280000.0
1321 1313280000.0
1322 1313280000.0
1323 1313280000.0
1324 1313280000.0
1325 1313280000.0
1326 1313280000.0
1327 1313280000.0
1328 1313280000.0
1329 1313280000.0
1330 1313280000.0
1331 1313280000.0
1332 1313280000.0
1333 1313280000.0
1334 1313280000.0
1335 1313280000.0
1336 1313280000.0
1337 1313280000.0
1338 1313280000.0
1339 1313280000.0
1340 1313280000.0
1341 1313280000.0
1342 1313280000.0
1343 1313280000.0
1344 1313280000.0
1345 1313280000.0
1346 1313280000.0
1347 1313280000.0
1348 1313280000.0
1349 1313280000.0
1350 1313280000.0
1351 1313280000.0
1352 1313280000.0
1353 1313280000.0
1354 1313280000.0
1355 1313280000.0
1356 1313280000.0
1357 1313480704.0
1358 1313480704.0
1359 1315151872.0
1360 1315151872.0
1361 1315151872.0
1362 1315151872.0
1363 1315151872.0
1364 1315151872.0
1365 1315151872.0
1366 1315151872.0
1367 1315151872.0
1368 1315151872.0
1369 1315151872.0
1370 1315151872.0
1371 1315151872.0
1372 1315151872.0
1373 1315151872.0
1374 1315151872.0
1375 1315151872.0
1376 1315151872.0
1377 1315151872.0
1378 1315176448.0
1379 1315176448.0
1380 1315176448.0
1381 1315176448.0
1382 1315176448.0
1383 1315176448.0
1384 1315176448.0
1385 1315176448.0
1386 1315176448.0
1387 1315176448.0
1388 1315176448.0
1389 1315176448.0
1390 1315176448.0
1391 1315176448.0
1392 1315176448.0
1393 1315176448.0
1394 1315176448.0
1395 1315176448.0
1396 1315176448.0
1397 1315176448.0
1398 1315176448.0
1399 1315176448.0
1400 1315176448.0
1401 1315176448.0
1402 1315176448.0
1403 1315700736.0
1404 1315700736.0
1405 1315700736.0
1406 1315700736.0
1407 1315700736.0
1408 1315700736.0
1409 1315700736.0
1410 1315700736.0
1411 1315700736.0
1412 1315700736.0
1413 1315700736.0
1414 1315700736.0
1415 1315700736.0
1416 1315700736.0
1417 1315700736.0
1418 1315905536.0
1419 1315905536.0
1420 1315905536.0
1421 1315905536.0
1422 1315905536.0
1423 1315905536.0
1424 1315905536.0
1425 1315905536.0
1426 1315905536.0
1427 1315905536.0
1428 1315905536.0
1429 1315905536.0
1430 1315905536.0
1431 1315905536.0
1432 1315905536.0
1433 1315905536.0
1434 1315905536.0
1435 1315905536.0
1436 1315905536.0
1437 1315905536.0
1438 1315905536.0
1439 1315905536.0
1440 1315188736.0
1441 1315188736.0
1442 1315188736.0
1443 1314484224.0
1444 1314484224.0
1445 1314484224.0
1446 1314484224.0
1447 1314484224.0
1448 1314484224.0
1449 1314484224.0
1450 1314484224.0
1451 1314484224.0
1452 1314484224.0
1453 1314484224.0
1454 1314484224.0
1455 1314484224.0
1456 1314484224.0
1457 1314484224.0
1458 1314484224.0
1459 1314484224.0
1460 1314484224.0
1461 1314484224.0
1462 1314484224.0
1463 1314484224.0
1464 1314484224.0
1465 1314484224.0
1466 1314484224.0
1467 1314484224.0
1468 1314484224.0
1469 1314484224.0
1470 1314484224.0
1471 1314484224.0
1472 1314484224.0
1473 1314484224.0
1474 1317666816.0
1475 1314562048.0
1476 1314562048.0
1477 1314562048.0
1478 1314562048.0
1479 1314562048.0
1480 1314562048.0
1481 1314562048.0
1482 1314562048.0
1483 1314562048.0
1484 1314562048.0
1485 1314562048.0
1486 1314562048.0
1487 1314562048.0
1488 1314562048.0
1489 1314562048.0
1490 1314562048.0
1491 1314562048.0
1492 1314562048.0
1493 1314562048.0
1494 1314562048.0
1495 1314562048.0
1496 1314562048.0
1497 1314562048.0
1498 1314562048.0
1499 1314562048.0
1500 1314562048.0
1501 1314562048.0
1502 1314562048.0
1503 1314562048.0
1504 1314562048.0
1505 1314562048.0
1506 1314562048.0
1507 1314562048.0
1508 1314562048.0
1509 1314562048.0
1510 1314562048.0
1511 1314562048.0
1512 1314562048.0
1513 1314562048.0
1514 1314562048.0
1515 1314562048.0
1516 1314562048.0
1517 1314562048.0
1518 1314562048.0
1519 1314562048.0
1520 1314562048.0
1521 1314562048.0
1522 1314562048.0
1523 1314562048.0
1524 1314562048.0
1525 1314562048.0
1526 1314562048.0
1527 1314562048.0
1528 1314562048.0
1529 1314562048.0
1530 1314562048.0
1531 1314562048.0
1532 1314562048.0
1533 1314562048.0
1534 1314562048.0
1535 1314562048.0
1536 1314562048.0
1537 1314562048.0
1538 1314562048.0
1539 1314562048.0
1540 1314562048.0
1541 1314562048.0
1542 1314562048.0
1543 1314562048.0
1544 1314562048.0
1545 1314562048.0
1546 1314562048.0
1547 1314562048.0
1548 1314562048.0
1549 1314562048.0
1550 1314562048.0
1551 1314562048.0
1552 1314562048.0
1553 1314562048.0
1554 1313587200.0
1555 1313587200.0
1556 1313587200.0
1557 1313587200.0
1558 1313587200.0
1559 1313587200.0
1560 1313587200.0
1561 1313587200.0
1562 1313587200.0
1563 1313587200.0
1564 1313587200.0
1565 1313587200.0
1566 1313587200.0
1567 1313587200.0
1568 1313587200.0
1569 1313587200.0
1570 1313587200.0
1571 1313587200.0
1572 1313587200.0
1573 1313587200.0
1574 1313587200.0
1575 1313587200.0
1576 1313587200.0
1577 1313587200.0
1578 1313587200.0
1579 1313587200.0
1580 1313587200.0
1581 1313587200.0
1582 1313587200.0
1583 1313587200.0
1584 1313587200.0
1585 1313849344.0
1586 1313849344.0
1587 1313849344.0
1588 1313849344.0
1589 1313849344.0
1590 1313423360.0
1591 1313423360.0
1592 1313423360.0
1593 1313423360.0
1594 1313423360.0
1595 1313423360.0
1596 1313423360.0
1597 1313423360.0
1598 1313423360.0
1599 1313423360.0
1600 1313423360.0
1601 1313423360.0
1602 1313423360.0
1603 1313423360.0
1604 1313423360.0
1605 1313480704.0
1606 1313480704.0
1607 1313480704.0
1608 1313480704.0
1609 1313480704.0
1610 1313480704.0
1611 1313480704.0
1612 1313480704.0
1613 1313480704.0
1614 1313480704.0
1615 1313480704.0
1616 1313480704.0
1617 1313480704.0
1618 1313480704.0
1619 1313480704.0
1620 1313480704.0
1621 1313480704.0
1622 1313480704.0
1623 1313480704.0
1624 1313480704.0
1625 1313480704.0
1626 1313480704.0
1627 1313480704.0
1628 1313480704.0
1629 1313480704.0
1630 1313480704.0
1631 1313480704.0
1632 1313480704.0
1633 1313480704.0
1634 1313480704.0
1635 1313480704.0
1636 1313480704.0
1637 1313480704.0
1638 1313480704.0
1639 1313480704.0
1640 1313480704.0
1641 1313480704.0
1642 1313480704.0
1643 1313480704.0
1644 1313480704.0
1645 1313480704.0
1646 1313480704.0
1647 1313480704.0
1648 1313480704.0
1649 1313480704.0
1650 1313480704.0
1651 1313480704.0
1652 1313480704.0
1653 1313480704.0
1654 1313480704.0
1655 1313480704.0
1656 1313480704.0
1657 1313480704.0
1658 1313480704.0
1659 1313480704.0
1660 1313480704.0
1661 1313480704.0
1662 1313480704.0
1663 1313480704.0
1664 1313480704.0
1665 1313480704.0
1666 1313480704.0
1667 1313480704.0
1668 1313480704.0
1669 1313480704.0
1670 1313480704.0
1671 1313480704.0
1672 1313480704.0
1673 1313480704.0
1674 1313480704.0
1675 1313480704.0
1676 1313480704.0
1677 1313480704.0
1678 1313480704.0
1679 1313480704.0
1680 1313480704.0
1681 1313480704.0
1682 1313480704.0
1683 1313480704.0
1684 1313480704.0
1685 1313480704.0
1686 1313480704.0
1687 1313480704.0
1688 1313480704.0
1689 1313480704.0
1690 1313734656.0
1691 1313734656.0
1692 1313734656.0
1693 1313734656.0
1694 1313734656.0
1695 1313734656.0
1696 1313734656.0
1697 1313734656.0
1698 1313734656.0
1699 1313734656.0
1700 1313734656.0
1701 1313734656.0
1702 1313734656.0
1703 1313734656.0
1704 1313734656.0
1705 1313734656.0
1706 1313734656.0
1707 1313734656.0
1708 1313734656.0
1709 1313734656.0
1710 1313734656.0
1711 1313734656.0
1712 1313734656.0
1713 1313734656.0
1714 1313734656.0
1715 1313734656.0
1716 1313734656.0
1717 1313734656.0
1718 1313734656.0
1719 1313734656.0
1720 1313734656.0
1721 1313734656.0
1722 1313734656.0
1723 1313734656.0
1724 1313734656.0
1725 1313734656.0
1726 1313734656.0
1727 1313734656.0
1728 1313734656.0
1729 1313734656.0
1730 1313734656.0
1731 1313734656.0
1732 1313734656.0
1733 1313734656.0
1734 1313734656.0
1735 1313734656.0
1736 1313734656.0
1737 1313734656.0
1738 1313734656.0
1739 1313734656.0
1740 1313751040.0
1741 1313751040.0
1742 1313751040.0
1743 1313751040.0
1744 1313751040.0
1745 1313820672.0
1746 1313820672.0
1747 1313820672.0
1748 1313820672.0
1749 1313820672.0
1750 1313935360.0
1751 1313935360.0
1752 1313935360.0
1753 1313935360.0
1754 1313935360.0
1755 1313935360.0
1756 1313935360.0
1757 1313935360.0
1758 1313935360.0
1759 1313935360.0
1760 1313935360.0
1761 1313935360.0
1762 1313935360.0
1763 1313935360.0
1764 1313935360.0
1765 1313935360.0
1766 1313935360.0
1767 1313935360.0
1768 1313935360.0
1769 1313935360.0
1770 1313935360.0
1771 1313935360.0
1772 1313935360.0
1773 1313935360.0
1774 1313935360.0
1775 1313935360.0
1776 1313935360.0
1777 1313935360.0
1778 1313935360.0
1779 1313935360.0
1780 1313935360.0
1781 1313935360.0
1782 1313935360.0
1783 1313935360.0
1784 1313935360.0
1785 1313935360.0
1786 1313935360.0
1787 1313935360.0
1788 1313935360.0
1789 1313935360.0
1790 1313935360.0
1791 1313935360.0
1792 1313935360.0
1793 1313935360.0
1794 1313935360.0
1795 1313935360.0
1796 1313935360.0
1797 1313935360.0
1798 1313935360.0
1799 1313935360.0
1800 1313935360.0
1801 1313935360.0
1802 1313935360.0
1803 1313935360.0
1804 1313935360.0
1805 1313935360.0
1806 1313935360.0
1807 1313935360.0
1808 1313935360.0
1809 1313935360.0
1810 1313935360.0
1811 1313935360.0
1812 1313935360.0
1813 1313935360.0
1814 1313935360.0
1815 1313935360.0
1816 1313935360.0
1817 1313935360.0
1818 1313935360.0
