0 43425792.0
1 43425792.0
2 43425792.0
3 43425792.0
4 44568576.0
5 44568576.0
6 44568576.0
7 44568576.0
8 44568576.0
9 44568576.0
10 44568576.0
11 44568576.0
12 44568576.0
13 44568576.0
14 97202176.0
15 97202176.0
16 97202176.0
17 97202176.0
18 97202176.0
19 97202176.0
20 97202176.0
21 97202176.0
22 97202176.0
23 97202176.0
24 97202176.0
25 97202176.0
26 97202176.0
27 97202176.0
28 97202176.0
29 97202176.0
30 97202176.0
31 64647168.0
32 64917504.0
33 64917504.0
34 64917504.0
35 64917504.0
36 64917504.0
37 64917504.0
38 64917504.0
39 64917504.0
40 64917504.0
41 64917504.0
42 64917504.0
43 64917504.0
44 64917504.0
45 64917504.0
46 64917504.0
47 64917504.0
48 64917504.0
49 64917504.0
50 64917504.0
51 64917504.0
52 64917504.0
53 64917504.0
54 64917504.0
55 64917504.0
56 64917504.0
57 64917504.0
58 64917504.0
59 64917504.0
60 64917504.0
61 64917504.0
62 64917504.0
63 64917504.0
64 64917504.0
65 64917504.0
66 64917504.0
67 64917504.0
68 64917504.0
69 64917504.0
70 64917504.0
71 64917504.0
72 64917504.0
73 64917504.0
74 95027200.0
75 95027200.0
76 95027200.0
77 95027200.0
78 95027200.0
79 95027200.0
80 95916032.0
81 96792576.0
82 96792576.0
83 96792576.0
84 96792576.0
85 97054720.0
86 97054720.0
87 97054720.0
88 97054720.0
89 97869824.0
90 63766528.0
91 63766528.0
92 63766528.0
93 64548864.0
94 64548864.0
95 65212416.0
96 65212416.0
97 65212416.0
98 65212416.0
99 66220032.0
100 67448832.0
101 67448832.0
102 67448832.0
103 68038656.0
104 65712128.0
105 65712128.0
106 65712128.0
107 65712128.0
108 65712128.0
109 67096576.0
110 67551232.0
111 67551232.0
112 67551232.0
113 68857856.0
114 68857856.0
115 68857856.0
116 68857856.0
117 68857856.0
118 68857856.0
119 67137536.0
120 68210688.0
121 68210688.0
122 68210688.0
123 69431296.0
124 69431296.0
125 69431296.0
126 69431296.0
127 69431296.0
128 69939200.0
129 70471680.0
130 71176192.0
131 71176192.0
132 71962624.0
133 68571136.0
134 103055360.0
135 103055360.0
136 103055360.0
137 103055360.0
138 103055360.0
139 103624704.0
140 105021440.0
141 105021440.0
142 105021440.0
143 105865216.0
144 105865216.0
145 105865216.0
146 105865216.0
147 105865216.0
148 105865216.0
149 106373120.0
150 108134400.0
151 108134400.0
152 108134400.0
153 108986368.0
154 72343552.0
155 75005952.0
156 75005952.0
157 75005952.0
158 75005952.0
159 76341248.0
160 77758464.0
161 77758464.0
162 77758464.0
163 78823424.0
164 76492800.0
165 76492800.0
166 76492800.0
167 76492800.0
168 76492800.0
169 78413824.0
170 79310848.0
171 79310848.0
172 79839232.0
173 80924672.0
174 80924672.0
175 80924672.0
176 80924672.0
177 80924672.0
178 80924672.0
179 82464768.0
180 79331328.0
181 79331328.0
182 79962112.0
183 81272832.0
184 81272832.0
185 81272832.0
186 81272832.0
187 81272832.0
188 81272832.0
189 82812928.0
190 84127744.0
191 84127744.0
192 84848640.0
193 85913600.0
194 120385536.0
195 82718720.0
196 82718720.0
197 82718720.0
198 82718720.0
199 84103168.0
200 85254144.0
201 85254144.0
202 85254144.0
203 87027712.0
204 87027712.0
205 87027712.0
206 87027712.0
207 87027712.0
208 87027712.0
209 88309760.0
210 89477120.0
211 89477120.0
212 89477120.0
213 91025408.0
214 92090368.0
215 87130112.0
216 87130112.0
217 87130112.0
218 87130112.0
219 88514560.0
220 90066944.0
221 90656768.0
222 90656768.0
223 91451392.0
224 92254208.0
225 89145344.0
226 89145344.0
227 89145344.0
228 89145344.0
229 91324416.0
230 92807168.0
231 92807168.0
232 93323264.0
233 93847552.0
234 94920704.0
235 94920704.0
236 94920704.0
237 94920704.0
238 94920704.0
239 93720576.0
240 95084544.0
241 95084544.0
242 95084544.0
243 95592448.0
244 97185792.0
245 97185792.0
246 97185792.0
247 97185792.0
248 97185792.0
249 99291136.0
250 95412224.0
251 95412224.0
252 96063488.0
253 96325632.0
254 132513792.0
255 132513792.0
256 132513792.0
257 132513792.0
258 132513792.0
259 133038080.0
260 135405568.0
261 135405568.0
262 135405568.0
263 135405568.0
264 137527296.0
265 99205120.0
266 99205120.0
267 99205120.0
268 99205120.0
269 99205120.0
270 102850560.0
271 103116800.0
272 103116800.0
273 103784448.0
274 105914368.0
275 108388352.0
276 104484864.0
277 104484864.0
278 104484864.0
279 104484864.0
280 108486656.0
281 108752896.0
282 108752896.0
283 109142016.0
284 111411200.0
285 107311104.0
286 107311104.0
287 107311104.0
288 107311104.0
289 108048384.0
290 111321088.0
291 111910912.0
292 111910912.0
293 112500736.0
294 110923776.0
295 110923776.0
296 110923776.0
297 110923776.0
298 110923776.0
299 111525888.0
300 113651712.0
301 115322880.0
302 115322880.0
303 112402432.0
304 114909184.0
305 114909184.0
306 114909184.0
307 114909184.0
308 114909184.0
309 115392512.0
310 117817344.0
311 119205888.0
312 119205888.0
313 119926784.0
314 152203264.0
315 152203264.0
316 112971776.0
317 112971776.0
318 112971776.0
319 112971776.0
320 115425280.0
321 117055488.0
322 117055488.0
323 117055488.0
324 119369728.0
325 119369728.0
326 121532416.0
327 121532416.0
328 121532416.0
329 121532416.0
330 123604992.0
331 120152064.0
332 120152064.0
333 120926208.0
334 123588608.0
335 123588608.0
336 123588608.0
337 123588608.0
338 123588608.0
339 123588608.0
340 126193664.0
341 124366848.0
342 124366848.0
343 124366848.0
344 127119360.0
345 127651840.0
346 127651840.0
347 127651840.0
348 127651840.0
349 127651840.0
350 126910464.0
351 128851968.0
352 128851968.0
353 129560576.0
354 131952640.0
355 131952640.0
356 128061440.0
357 128061440.0
358 128061440.0
359 128061440.0
360 131317760.0
361 133586944.0
362 133586944.0
363 134320128.0
364 136982528.0
365 136982528.0
366 132390912.0
367 132390912.0
368 132390912.0
369 132390912.0
370 135651328.0
371 138092544.0
372 138092544.0
373 138596352.0
374 175706112.0
375 175706112.0
376 136753152.0
377 136753152.0
378 136753152.0
379 136753152.0
380 139603968.0
381 141586432.0
382 141586432.0
383 141586432.0
384 143949824.0
385 144220160.0
386 141938688.0
387 141938688.0
388 141938688.0
389 141938688.0
390 142843904.0
391 147480576.0
392 147480576.0
393 145027072.0
394 145027072.0
395 147943424.0
396 147943424.0
397 147943424.0
398 147943424.0
399 147943424.0
400 147943424.0
401 149598208.0
402 150110208.0
403 150110208.0
404 150700032.0
405 153993216.0
406 153993216.0
407 149983232.0
408 149983232.0
409 149983232.0
410 150605824.0
411 154038272.0
412 156536832.0
413 156536832.0
414 157257728.0
415 155918336.0
416 155918336.0
417 155918336.0
418 155918336.0
419 155918336.0
420 156426240.0
421 156540928.0
422 158945280.0
423 158945280.0
424 159666176.0
425 163037184.0
426 163037184.0
427 163037184.0
428 163037184.0
429 163037184.0
430 163037184.0
431 165163008.0
432 167817216.0
433 167817216.0
434 202264576.0
435 205918208.0
436 205918208.0
437 166830080.0
438 166830080.0
439 166830080.0
440 166830080.0
441 169848832.0
442 172199936.0
443 172199936.0
444 172199936.0
445 174784512.0
446 170901504.0
447 171155456.0
448 171155456.0
449 171155456.0
450 171155456.0
451 174297088.0
452 173010944.0
453 173010944.0
454 174796800.0
455 177156096.0
456 177827840.0
457 177827840.0
458 177827840.0
459 177827840.0
460 177827840.0
461 177377280.0
462 180383744.0
463 180383744.0
464 180383744.0
465 184614912.0
466 185135104.0
467 180375552.0
468 180375552.0
469 180375552.0
470 180375552.0
471 183259136.0
472 187564032.0
473 187564032.0
474 187564032.0
475 185282560.0
476 187920384.0
477 187920384.0
478 187920384.0
479 187920384.0
480 187920384.0
481 188395520.0
482 189460480.0
483 189730816.0
484 189730816.0
485 190394368.0
486 194088960.0
487 196333568.0
488 196333568.0
489 196333568.0
490 196333568.0
491 196829184.0
492 195182592.0
493 197836800.0
494 228491264.0
495 228491264.0
496 231657472.0
497 231657472.0
498 194322432.0
499 194322432.0
500 194322432.0
501 194965504.0
502 198402048.0
503 200421376.0
504 200421376.0
505 197029888.0
506 200626176.0
507 200626176.0
508 200626176.0
509 200626176.0
510 200626176.0
511 200626176.0
512 200695808.0
513 202911744.0
514 202911744.0
515 203444224.0
516 206606336.0
517 206606336.0
518 202432512.0
519 202432512.0
520 202432512.0
521 202432512.0
522 206487552.0
523 209137664.0
524 209137664.0
525 209670144.0
526 208982016.0
527 208982016.0
528 208982016.0
529 208982016.0
530 208982016.0
531 208982016.0
532 212684800.0
533 210198528.0
534 210198528.0
535 211566592.0
536 214450176.0
537 214450176.0
538 216518656.0
539 216518656.0
540 216518656.0
541 216518656.0
542 220327936.0
543 217718784.0
544 217718784.0
545 218251264.0
546 221147136.0
547 221147136.0
548 221405184.0
549 221405184.0
550 221405184.0
551 221405184.0
552 219361280.0
553 222183424.0
554 256630784.0
555 257294336.0
556 259657728.0
557 260427776.0
558 239824896.0
559 239824896.0
560 239824896.0
561 239824896.0
562 243109888.0
563 245297152.0
564 245297152.0
565 245960704.0
566 246747136.0
567 243957760.0
568 243957760.0
569 243957760.0
570 243957760.0
571 243957760.0
572 246976512.0
573 249470976.0
574 249470976.0
575 249860096.0
576 250392576.0
577 230952960.0
578 230952960.0
579 230952960.0
580 230952960.0
581 230952960.0
582 231587840.0
583 236638208.0
584 236879872.0
585 236879872.0
586 237502464.0
587 235040768.0
588 235040768.0
589 235040768.0
590 235040768.0
591 235040768.0
592 235675648.0
593 238727168.0
594 240615424.0
595 240615424.0
596 241147904.0
597 238686208.0
598 238686208.0
599 240750592.0
600 240750592.0
601 240750592.0
602 241565696.0
603 244424704.0
604 246628352.0
605 246628352.0
606 243314688.0
607 246333440.0
608 246333440.0
609 246333440.0
610 246333440.0
611 246333440.0
612 246595584.0
613 248971264.0
614 247406592.0
615 247406592.0
616 248729600.0
617 251219968.0
618 251219968.0
619 251219968.0
620 251219968.0
621 251219968.0
622 251965440.0
623 250314752.0
624 252272640.0
625 252932096.0
626 252932096.0
627 255029248.0
628 255029248.0
629 255029248.0
630 255029248.0
631 255029248.0
632 255537152.0
633 253673472.0
634 255717376.0
635 255717376.0
636 256307200.0
637 258404352.0
638 258404352.0
639 258404352.0
640 258404352.0
641 258404352.0
642 258912256.0
643 256987136.0
644 258691072.0
645 258691072.0
646 259399680.0
647 261509120.0
648 261509120.0
649 261509120.0
650 261509120.0
651 261509120.0
652 262004736.0
653 260059136.0
654 261820416.0
655 261820416.0
656 262348800.0
657 264581120.0
658 264581120.0
659 266715136.0
660 266715136.0
661 266715136.0
662 266715136.0
663 265265152.0
664 267390976.0
665 267390976.0
666 268136448.0
667 269991936.0
668 269991936.0
669 269991936.0
670 269991936.0
671 269991936.0
672 266559488.0
673 268263424.0
674 304250880.0
675 304250880.0
676 304975872.0
677 307314688.0
678 307314688.0
679 307314688.0
680 307314688.0
681 307314688.0
682 307314688.0
683 287854592.0
684 289730560.0
685 289730560.0
686 290250752.0
687 291827712.0
688 291827712.0
689 291827712.0
690 291827712.0
691 291827712.0
692 291827712.0
693 273403904.0
694 275447808.0
695 275447808.0
696 276066304.0
697 277643264.0
698 277643264.0
699 277643264.0
700 277643264.0
701 277643264.0
702 277643264.0
703 279715840.0
704 276987904.0
705 276987904.0
706 277803008.0
707 279379968.0
708 279379968.0
709 279379968.0
710 279379968.0
711 279379968.0
712 279379968.0
713 281452544.0
714 278974464.0
715 278974464.0
716 279621632.0
717 280653824.0
718 281456640.0
719 283525120.0
720 283525120.0
721 283525120.0
722 283525120.0
723 285597696.0
724 286990336.0
725 286990336.0
726 283590656.0
727 284504064.0
728 285294592.0
729 285294592.0
730 285294592.0
731 285294592.0
732 285294592.0
733 286543872.0
734 318353408.0
735 318353408.0
736 319111168.0
737 319111168.0
738 282525696.0
739 282525696.0
740 282525696.0
741 282525696.0
742 282525696.0
743 283164672.0
744 285638656.0
745 285638656.0
746 286089216.0
747 286347264.0
748 284397568.0
749 284397568.0
750 284397568.0
751 284397568.0
752 284397568.0
753 285020160.0
754 286531584.0
755 287715328.0
756 288210944.0
757 288210944.0
758 289259520.0
759 289259520.0
760 289259520.0
761 289259520.0
762 289259520.0
763 286363648.0
764 287797248.0
765 289185792.0
766 289185792.0
767 289681408.0
768 290729984.0
769 290729984.0
770 290729984.0
771 290729984.0
772 290729984.0
773 291225600.0
774 292274176.0
775 293339136.0
776 293339136.0
777 289370112.0
778 290865152.0
779 290865152.0
780 290865152.0
781 290865152.0
782 290865152.0
783 291360768.0
784 292532224.0
785 293666816.0
786 293666816.0
787 294293504.0
788 295337984.0
789 295337984.0
790 291610624.0
791 291610624.0
792 293937152.0
793 294797312.0
794 329854976.0
795 331112448.0
796 331620352.0
797 332075008.0
798 332623872.0
799 332623872.0
800 332623872.0
801 332623872.0
802 332623872.0
803 296398848.0
804 297062400.0
805 298373120.0
806 298373120.0
807 298893312.0
808 299405312.0
809 299405312.0
810 299405312.0
811 299405312.0
812 299405312.0
813 299913216.0
814 300445696.0
815 301379584.0
816 301379584.0
817 301875200.0
818 298643456.0
819 298643456.0
820 298643456.0
821 298643456.0
822 298643456.0
823 299282432.0
824 300138496.0
825 301125632.0
826 301125632.0
827 301621248.0
828 302133248.0
829 302133248.0
830 302133248.0
831 302133248.0
832 302133248.0
833 302641152.0
834 303173632.0
835 300576768.0
836 300576768.0
837 301203456.0
838 302039040.0
839 302039040.0
840 302039040.0
841 302039040.0
842 302039040.0
843 302538752.0
844 303050752.0
845 304041984.0
846 304041984.0
847 304803840.0
848 305315840.0
849 305315840.0
850 302309376.0
851 302309376.0
852 302309376.0
853 302309376.0
854 336781312.0
855 338006016.0
856 338006016.0
857 338649088.0
858 338649088.0
859 338649088.0
860 338649088.0
861 338649088.0
862 338649088.0
863 338649088.0
864 338649088.0
865 338649088.0
866 338649088.0
867 338649088.0
868 338649088.0
869 338649088.0
870 338649088.0
871 338649088.0
872 338649088.0
873 338649088.0
874 338649088.0
875 338649088.0
876 338649088.0
877 338649088.0
878 338649088.0
879 338649088.0
880 338649088.0
881 338649088.0
882 338649088.0
883 338649088.0
884 338649088.0
885 338649088.0
886 338649088.0
887 338649088.0
888 338649088.0
889 338649088.0
890 338649088.0
891 338649088.0
892 338649088.0
893 338649088.0
894 338649088.0
895 338649088.0
896 338649088.0
897 338649088.0
898 338649088.0
899 338649088.0
900 338649088.0
901 338649088.0
902 338649088.0
903 338649088.0
904 338649088.0
905 338649088.0
906 338649088.0
907 338649088.0
908 338649088.0
909 338649088.0
910 338649088.0
911 338649088.0
912 338649088.0
913 338649088.0
914 338649088.0
915 338649088.0
916 338649088.0
917 338649088.0
918 338649088.0
919 338649088.0
920 338649088.0
921 338649088.0
922 338649088.0
923 338649088.0
924 338649088.0
925 338649088.0
926 338649088.0
927 338649088.0
928 338649088.0
929 339587072.0
930 339587072.0
931 339587072.0
932 339587072.0
933 303632384.0
934 306356224.0
935 306356224.0
936 306356224.0
937 306356224.0
938 306356224.0
939 307556352.0
940 307556352.0
941 308584448.0
942 308584448.0
943 309116928.0
944 309116928.0
945 309116928.0
946 309116928.0
947 309116928.0
948 309628928.0
949 308207616.0
950 308207616.0
951 308207616.0
952 309182464.0
953 309694464.0
954 309694464.0
955 309694464.0
956 309694464.0
957 309694464.0
958 310206464.0
959 311070720.0
960 311341056.0
961 311341056.0
962 311898112.0
963 312410112.0
964 312410112.0
965 309010432.0
966 309010432.0
967 309010432.0
968 309641216.0
969 310476800.0
970 311709696.0
971 311709696.0
972 312242176.0
973 312762368.0
974 349437952.0
975 349437952.0
976 349437952.0
977 349437952.0
978 349437952.0
979 349933568.0
980 350601216.0
981 350601216.0
982 350601216.0
983 313749504.0
984 313749504.0
985 313749504.0
986 313749504.0
987 313749504.0
988 313749504.0
989 314400768.0
990 315965440.0
991 315965440.0
992 315965440.0
993 317259776.0
994 317390848.0
995 317661184.0
996 317661184.0
997 317661184.0
998 317661184.0
999 318808064.0
1000 316444672.0
1001 316444672.0
1002 316444672.0
1003 317804544.0
1004 318337024.0
1005 318337024.0
1006 318337024.0
1007 318337024.0
1008 318849024.0
1009 319373312.0
1010 317632512.0
1011 317632512.0
1012 318472192.0
1013 319586304.0
1014 319586304.0
1015 319844352.0
1016 319844352.0
1017 319844352.0
1018 320106496.0
1019 321273856.0
1020 322662400.0
1021 322662400.0
1022 323153920.0
1023 320421888.0
1024 320421888.0
1025 320421888.0
1026 320421888.0
1027 320421888.0
1028 320421888.0
1029 322420736.0
1030 323076096.0
1031 323600384.0
1032 324300800.0
1033 325345280.0
1034 355467264.0
1035 355467264.0
1036 355467264.0
1037 355467264.0
1038 355467264.0
1039 318922752.0
1040 320548864.0
1041 320548864.0
1042 320548864.0
1043 321773568.0
1044 322306048.0
1045 322306048.0
1046 322306048.0
1047 322306048.0
1048 322306048.0
1049 323346432.0
1050 323739648.0
1051 320770048.0
1052 320770048.0
1053 323522560.0
1054 323522560.0
1055 323522560.0
1056 323522560.0
1057 323522560.0
1058 323522560.0
1059 325062656.0
1060 323637248.0
1061 323637248.0
1062 323637248.0
1063 326029312.0
1064 326029312.0
1065 326279168.0
1066 326279168.0
1067 326279168.0
1068 326279168.0
1069 328134656.0
1070 325451776.0
1071 325451776.0
1072 325844992.0
1073 328003584.0
1074 328003584.0
1075 330235904.0
1076 330235904.0
1077 330235904.0
1078 330235904.0
1079 332341248.0
1080 330764288.0
1081 330764288.0
1082 331415552.0
1083 333045760.0
1084 333316096.0
1085 333316096.0
1086 333316096.0
1087 333316096.0
1088 333316096.0
1089 335421440.0
1090 336809984.0
1091 336809984.0
1092 337203200.0
1093 333934592.0
1094 369209344.0
1095 371613696.0
1096 371613696.0
1097 371613696.0
1098 371613696.0
1099 373198848.0
1100 374636544.0
1101 374636544.0
1102 374636544.0
1103 375291904.0
1104 376352768.0
1105 338468864.0
1106 338468864.0
1107 338468864.0
1108 338468864.0
1109 339447808.0
1110 342446080.0
1111 342446080.0
1112 343826432.0
1113 343826432.0
1114 345391104.0
1115 345391104.0
1116 341270528.0
1117 341270528.0
1118 341270528.0
1119 341909504.0
1120 346406912.0
1121 346406912.0
1122 346406912.0
1123 346898432.0
1124 344698880.0
1125 344698880.0
1126 344698880.0
1127 344698880.0
1128 344698880.0
1129 345325568.0
1130 349007872.0
1131 349249536.0
1132 349249536.0
1133 349913088.0
1134 347561984.0
1135 347561984.0
1136 347561984.0
1137 347561984.0
1138 347561984.0
1139 348200960.0
1140 351309824.0
1141 352432128.0
1142 352432128.0
1143 353112064.0
1144 355241984.0
1145 355241984.0
1146 350728192.0
1147 350728192.0
1148 350728192.0
1149 351354880.0
1150 353787904.0
1151 355340288.0
1152 355340288.0
1153 356003840.0
1154 392568832.0
1155 392568832.0
1156 354127872.0
1157 354127872.0
1158 354127872.0
1159 354127872.0
1160 356667392.0
1161 358936576.0
1162 358936576.0
1163 359329792.0
1164 361697280.0
1165 361697280.0
1166 359477248.0
1167 359477248.0
1168 359477248.0
1169 359477248.0
1170 362037248.0
1171 363917312.0
1172 363917312.0
1173 363917312.0
1174 366809088.0
1175 366809088.0
1176 362360832.0
1177 362360832.0
1178 362360832.0
1179 362360832.0
1180 365719552.0
1181 364478464.0
1182 364478464.0
1183 364478464.0
1184 368689152.0
1185 368918528.0
1186 368918528.0
1187 368918528.0
1188 368918528.0
1189 369426432.0
1190 372088832.0
1191 373649408.0
1192 373649408.0
1193 368959488.0
1194 370794496.0
1195 372113408.0
1196 372113408.0
1197 372113408.0
1198 372113408.0
1199 372621312.0
1200 375480320.0
1201 373256192.0
1202 373256192.0
1203 374247424.0
1204 377040896.0
1205 377040896.0
1206 377040896.0
1207 377040896.0
1208 377040896.0
1209 377040896.0
1210 380174336.0
1211 377753600.0
1212 377753600.0
1213 378937344.0
1214 411688960.0
1215 411688960.0
1216 413790208.0
1217 413790208.0
1218 413790208.0
1219 413790208.0
1220 378036224.0
1221 380530688.0
1222 380530688.0
1223 380530688.0
1224 383143936.0
1225 383143936.0
1226 383393792.0
1227 383393792.0
1228 383393792.0
1229 383393792.0
1230 381206528.0
1231 384167936.0
1232 384167936.0
1233 384167936.0
1234 388358144.0
1235 388358144.0
1236 388358144.0
1237 388358144.0
1238 388358144.0
1239 388358144.0
1240 385970176.0
1241 388911104.0
1242 388911104.0
1243 388911104.0
1244 391204864.0
1245 392802304.0
1246 388751360.0
1247 388751360.0
1248 388751360.0
1249 388751360.0
1250 389971968.0
1251 394805248.0
1252 394805248.0
1253 395595776.0
1254 395595776.0
1255 394567680.0
1256 394829824.0
1257 395079680.0
1258 395079680.0
1259 395079680.0
1260 395608064.0
1261 395751424.0
1262 397312000.0
1263 397975552.0
1264 397975552.0
1265 400900096.0
1266 401162240.0
1267 397316096.0
1268 397316096.0
1269 397316096.0
1270 398204928.0
1271 403496960.0
1272 405417984.0
1273 406081536.0
1274 440528896.0
1275 422711296.0
1276 422711296.0
1277 422711296.0
1278 422711296.0
1279 422711296.0
1280 422711296.0
1281 425848832.0
1282 406491136.0
1283 406491136.0
1284 406491136.0
1285 410107904.0
1286 410107904.0
1287 410640384.0
1288 410640384.0
1289 410640384.0
1290 410640384.0
1291 413810688.0
1292 416460800.0
1293 411246592.0
1294 411906048.0
1295 415797248.0
1296 415797248.0
1297 415797248.0
1298 415797248.0
1299 415797248.0
1300 416305152.0
1301 415256576.0
1302 418258944.0
1303 418258944.0
1304 419053568.0
1305 422780928.0
1306 422780928.0
1307 418336768.0
1308 418336768.0
1309 418336768.0
1310 418725888.0
1311 422653952.0
1312 425209856.0
1313 425209856.0
1314 425873408.0
1315 424558592.0
1316 424558592.0
1317 424558592.0
1318 424558592.0
1319 424558592.0
1320 424558592.0
1321 428761088.0
1322 430907392.0
1323 426848256.0
1324 427511808.0
1325 431095808.0
1326 431616000.0
1327 433688576.0
1328 433688576.0
1329 433688576.0
1330 433688576.0
1331 435286016.0
1332 437710848.0
1333 437710848.0
1334 472821760.0
1335 474132480.0
1336 436510720.0
1337 437891072.0
1338 437891072.0
1339 437891072.0
1340 437891072.0
1341 439099392.0
1342 443211776.0
1343 443211776.0
1344 443924480.0
1345 443924480.0
1346 441982976.0
1347 441982976.0
1348 441982976.0
1349 441982976.0
1350 441982976.0
1351 442490880.0
1352 447332352.0
1353 448106496.0
1354 448106496.0
1355 444239872.0
1356 447918080.0
1357 450097152.0
1358 450097152.0
1359 450097152.0
1360 450097152.0
1361 450605056.0
1362 451256320.0
1363 451497984.0
1364 451497984.0
1365 452165632.0
1366 455327744.0
1367 455327744.0
1368 455573504.0
1369 455573504.0
1370 455573504.0
1371 452243456.0
1372 456806400.0
1373 458690560.0
1374 458690560.0
1375 459288576.0
1376 457154560.0
1377 457154560.0
1378 457154560.0
1379 457154560.0
1380 457154560.0
1381 457777152.0
1382 461340672.0
1383 463495168.0
1384 463495168.0
1385 459841536.0
1386 463552512.0
1387 463552512.0
1388 463552512.0
1389 463552512.0
1390 463552512.0
1391 464048128.0
1392 467222528.0
1393 463613952.0
1394 498085888.0
1395 498876416.0
1396 501915648.0
1397 502038528.0
1398 502038528.0
1399 502038528.0
1400 502038528.0
1401 502665216.0
1402 504717312.0
1403 507199488.0
1404 507199488.0
1405 485478400.0
1406 488628224.0
1407 488628224.0
1408 488628224.0
1409 488628224.0
1410 488628224.0
1411 488628224.0
1412 491798528.0
1413 473219072.0
1414 473219072.0
1415 473821184.0
1416 476450816.0
1417 476450816.0
1418 476450816.0
1419 476450816.0
1420 476450816.0
1421 476450816.0
1422 475107328.0
1423 477597696.0
1424 477597696.0
1425 478187520.0
1426 480550912.0
1427 480821248.0
1428 482717696.0
1429 482717696.0
1430 482717696.0
1431 482717696.0
1432 480837632.0
1433 484007936.0
1434 484007936.0
1435 484540416.0
1436 486551552.0
1437 487575552.0
1438 483323904.0
1439 483323904.0
1440 483323904.0
1441 483323904.0
1442 485126144.0
1443 489013248.0
1444 489013248.0
1445 489013248.0
1446 489545728.0
1447 492175360.0
1448 492175360.0
1449 487006208.0
1450 487006208.0
1451 487006208.0
1452 487641088.0
1453 491282432.0
1454 522260480.0
1455 522260480.0
1456 522850304.0
1457 487047168.0
1458 487047168.0
1459 487047168.0
1460 487047168.0
1461 487047168.0
1462 487669760.0
1463 490192896.0
1464 488706048.0
1465 488706048.0
1466 489365504.0
1467 491855872.0
1468 491855872.0
1469 491855872.0
1470 491855872.0
1471 491855872.0
1472 492363776.0
1473 494751744.0
1474 491876352.0
1475 491876352.0
1476 492265472.0
1477 495026176.0
1478 495026176.0
1479 495026176.0
1480 495026176.0
1481 495026176.0
1482 495534080.0
1483 497664000.0
1484 495435776.0
1485 495435776.0
1486 496259072.0
1487 498376704.0
1488 498376704.0
1489 500338688.0
1490 500338688.0
1491 500338688.0
1492 500338688.0
1493 502960128.0
1494 504586240.0
1495 504586240.0
1496 500158464.0
1497 502779904.0
1498 502779904.0
1499 502779904.0
1500 502779904.0
1501 502779904.0
1502 502779904.0
1503 505389056.0
1504 503009280.0
1505 503009280.0
1506 503398400.0
1507 506171392.0
1508 506171392.0
1509 506171392.0
1510 506171392.0
1511 506171392.0
1512 506171392.0
1513 508223488.0
1514 507772928.0
1515 507772928.0
1516 508362752.0
1517 509628416.0
1518 510431232.0
1519 510431232.0
1520 510431232.0
1521 510431232.0
1522 510431232.0
1523 509054976.0
1524 511393792.0
1525 511393792.0
1526 512049152.0
1527 512049152.0
1528 513679360.0
1529 513679360.0
1530 513679360.0
1531 513679360.0
1532 513679360.0
1533 510390272.0
1534 513875968.0
1535 513875968.0
1536 513875968.0
1537 514465792.0
1538 516030464.0
1539 516030464.0
1540 516030464.0
1541 516030464.0
1542 516030464.0
1543 512745472.0
1544 516399104.0
1545 516399104.0
1546 516399104.0
1547 516968448.0
1548 518533120.0
1549 520364032.0
1550 520364032.0
1551 520364032.0
1552 520364032.0
1553 520871936.0
1554 519135232.0
1555 519675904.0
1556 519675904.0
1557 520364032.0
1558 521940992.0
1559 521940992.0
1560 521940992.0
1561 521940992.0
1562 521940992.0
1563 522461184.0
1564 524374016.0
1565 525045760.0
1566 525045760.0
1567 521027584.0
1568 523112448.0
1569 523112448.0
1570 523112448.0
1571 523112448.0
1572 523112448.0
1573 523112448.0
1574 558624768.0
1575 560463872.0
1576 560463872.0
1577 560791552.0
1578 561876992.0
1579 524812288.0
1580 524812288.0
1581 524812288.0
1582 524812288.0
1583 525463552.0
1584 526790656.0
1585 527732736.0
1586 527732736.0
1587 528433152.0
1588 529485824.0
1589 529485824.0
1590 529731584.0
1591 529731584.0
1592 529731584.0
1593 526884864.0
1594 528199680.0
1595 529481728.0
1596 529481728.0
1597 530026496.0
1598 531185664.0
1599 531185664.0
1600 531185664.0
1601 531185664.0
1602 531185664.0
1603 531513344.0
1604 529408000.0
1605 530984960.0
1606 530984960.0
1607 531673088.0
1608 532738048.0
1609 532738048.0
1610 532738048.0
1611 532738048.0
1612 532738048.0
1613 532738048.0
1614 534278144.0
1615 531353600.0
1616 531353600.0
1617 532013056.0
1618 533516288.0
1619 533516288.0
1620 535412736.0
1621 535412736.0
1622 535412736.0
1623 535908352.0
1624 536952832.0
1625 538193920.0
1626 538193920.0
1627 538783744.0
1628 535879680.0
1629 535879680.0
1630 535879680.0
1631 535879680.0
1632 535879680.0
1633 535879680.0
1634 570908672.0
1635 572223488.0
1636 572223488.0
1637 572669952.0
1638 573259776.0
1639 573259776.0
1640 573259776.0
1641 573259776.0
1642 573259776.0
1643 573259776.0
1644 573792256.0
1645 538951680.0
1646 538951680.0
1647 538951680.0
1648 539975680.0
1649 539975680.0
1650 539975680.0
1651 539975680.0
1652 539975680.0
1653 539975680.0
1654 540471296.0
1655 540971008.0
1656 540971008.0
1657 540971008.0
1658 541536256.0
1659 541536256.0
1660 541536256.0
1661 541536256.0
1662 541536256.0
1663 541536256.0
1664 542068736.0
1665 539762688.0
1666 539762688.0
1667 539762688.0
1668 540897280.0
1669 541155328.0
1670 541155328.0
1671 541155328.0
1672 541155328.0
1673 541155328.0
1674 542175232.0
1675 542781440.0
1676 542781440.0
1677 543346688.0
1678 541159424.0
1679 541159424.0
1680 541159424.0
1681 541159424.0
1682 541159424.0
1683 541159424.0
1684 542658560.0
1685 543502336.0
1686 543502336.0
1687 543502336.0
1688 544460800.0
1689 544718848.0
1690 544718848.0
1691 544718848.0
1692 544718848.0
1693 544718848.0
1694 574840832.0
1695 575397888.0
1696 575397888.0
1697 539144192.0
1698 539144192.0
1699 539144192.0
1700 539144192.0
1701 539144192.0
1702 539144192.0
1703 539144192.0
1704 539144192.0
1705 539144192.0
1706 539144192.0
1707 539144192.0
1708 539144192.0
1709 539144192.0
1710 539144192.0
1711 539144192.0
1712 539144192.0
1713 539144192.0
1714 539144192.0
1715 539144192.0
1716 539144192.0
1717 539144192.0
1718 539144192.0
1719 539144192.0
1720 539144192.0
1721 539144192.0
1722 539144192.0
1723 539144192.0
1724 539144192.0
1725 539144192.0
1726 539144192.0
1727 539144192.0
1728 539144192.0
1729 539144192.0
1730 539144192.0
1731 539144192.0
1732 539144192.0
1733 539144192.0
1734 539144192.0
1735 539144192.0
1736 539144192.0
1737 539144192.0
1738 539144192.0
1739 539144192.0
1740 539144192.0
1741 539144192.0
1742 539144192.0
1743 539144192.0
1744 539144192.0
1745 539144192.0
1746 539144192.0
1747 539144192.0
1748 539144192.0
1749 539144192.0
1750 539144192.0
1751 539144192.0
1752 539144192.0
1753 539144192.0
1754 573616128.0
1755 573616128.0
1756 573616128.0
1757 573616128.0
1758 573616128.0
1759 573616128.0
1760 573616128.0
1761 573616128.0
1762 573616128.0
1763 573616128.0
1764 573616128.0
1765 573616128.0
1766 573616128.0
1767 573616128.0
1768 573616128.0
1769 573616128.0
1770 573616128.0
1771 573616128.0
1772 573616128.0
1773 573616128.0
1774 573616128.0
1775 573616128.0
1776 573616128.0
1777 573616128.0
1778 573616128.0
1779 573616128.0
1780 573616128.0
1781 573616128.0
1782 573616128.0
1783 573616128.0
1784 573616128.0
1785 573616128.0
1786 573616128.0
1787 573616128.0
1788 573616128.0
1789 573616128.0
1790 573616128.0
1791 573616128.0
1792 573616128.0
1793 573616128.0
1794 573616128.0
1795 573616128.0
1796 573616128.0
1797 573616128.0
1798 573616128.0
1799 573616128.0
1800 573616128.0
1801 573616128.0
1802 573616128.0
1803 573616128.0
1804 573616128.0
1805 573616128.0
1806 573616128.0
1807 573616128.0
1808 573616128.0
1809 573616128.0
1810 573616128.0
1811 573616128.0
1812 573616128.0
1813 573616128.0
1814 573616128.0
1815 573616128.0
1816 573616128.0
1817 573616128.0
1818 573616128.0
