0 0.0
1 168.0
2 160.0
3 90.0
4 0.0
5 0.0
6 70.0
7 0.0
8 0.0
9 0.0
10 70.0
11 0.0
12 204.0
13 0.0
14 0.0
15 0.0
16 0.0
17 42.0
18 0.0
19 0.0
20 0.0
21 0.0
22 0.0
23 0.0
24 0.0
25 0.0
26 0.0
27 0.0
28 0.0
29 0.0
30 0.0
31 3648.0
32 2428865.0
33 2350.0
34 0.0
35 0.0
36 42.0
37 0.0
38 0.0
39 0.0
40 766507.0
41 0.0
42 0.0
43 0.0
44 0.0
45 0.0
46 0.0
47 0.0
48 0.0
49 0.0
50 0.0
51 0.0
52 0.0
53 0.0
54 0.0
55 0.0
56 0.0
57 0.0
58 0.0
59 0.0
60 0.0
61 0.0
62 0.0
63 0.0
64 0.0
65 0.0
66 0.0
67 0.0
68 0.0
69 0.0
70 0.0
71 0.0
72 203248.0
73 3282.0
74 20595.0
75 11552.0
76 50240.0
77 58842.0
78 57794.0
79 65607.0
80 56606.0
81 27279.0
82 48988.0
83 36623.0
84 38219.0
85 39639.0
86 47752.0
87 50616.0
88 66888.0
89 75474.0
90 79611.0
91 79046.0
92 82238.0
93 40768.0
94 16344.0
95 49449.0
96 50495.0
97 60764.0
98 66574.0
99 82133.0
100 54361.0
101 72288.0
102 54162.0
103 48277.0
104 79705.0
105 57403.0
106 70997.0
107 74549.0
108 82812.0
109 80815.0
110 84519.0
111 58069.0
112 46019.0
113 75757.0
114 67341.0
115 51184.0
116 58326.0
117 68608.0
118 73769.0
119 78301.0
120 79530.0
121 79056.0
122 80338.0
123 80060.0
124 78029.0
125 80042.0
126 77206.0
127 81806.0
128 80943.0
129 79183.0
130 80552.0
131 79322.0
132 2785174.0
133 736504.0
134 103943.0
135 73328.0
136 52644.0
137 50323.0
138 50774.0
139 54609.0
140 56641.0
141 50328.0
142 49235.0
143 50330.0
144 59318.0
145 58771.0
146 68857.0
147 70514.0
148 66273.0
149 72478.0
150 68434.0
151 68935.0
152 75515.0
153 78461.0
154 88932.0
155 88138.0
156 87446.0
157 98695.0
158 102244.0
159 121640.0
160 123789.0
161 129750.0
162 130876.0
163 131948.0
164 138507.0
165 136701.0
166 154721.0
167 158951.0
168 157857.0
169 157927.0
170 156977.0
171 161219.0
172 159391.0
173 161969.0
174 159350.0
175 158743.0
176 164720.0
177 153920.0
178 156147.0
179 159514.0
180 161314.0
181 157091.0
182 160532.0
183 157800.0
184 160321.0
185 159738.0
186 161594.0
187 161211.0
188 159582.0
189 159036.0
190 158396.0
191 157914.0
192 2875647.0
193 830687.0
194 169121.0
195 107129.0
196 71343.0
197 73065.0
198 76712.0
199 87306.0
200 107603.0
201 78856.0
202 84379.0
203 85093.0
204 92905.0
205 111556.0
206 91477.0
207 116852.0
208 119511.0
209 121475.0
210 141293.0
211 136944.0
212 131537.0
213 132140.0
214 130489.0
215 133701.0
216 130815.0
217 137990.0
218 111091.0
219 115732.0
220 132742.0
221 169524.0
222 197227.0
223 203443.0
224 204920.0
225 218911.0
226 202379.0
227 213716.0
228 218344.0
229 221964.0
230 201676.0
231 238272.0
232 234187.0
233 238897.0
234 245259.0
235 238017.0
236 231344.0
237 242229.0
238 222987.0
239 237248.0
240 240348.0
241 240173.0
242 236245.0
243 238693.0
244 235249.0
245 249228.0
246 239078.0
247 240652.0
248 217044.0
249 240959.0
250 238617.0
251 238635.0
252 4388188.0
253 887070.0
254 264665.0
255 155279.0
256 112367.0
257 111155.0
258 124136.0
259 134761.0
260 138775.0
261 139142.0
262 142151.0
263 157435.0
264 157902.0
265 154644.0
266 104798.0
267 126563.0
268 115585.0
269 147261.0
270 190190.0
271 194200.0
272 184601.0
273 182692.0
274 163906.0
275 180903.0
276 175609.0
277 186128.0
278 268715.0
279 275063.0
280 286659.0
281 297830.0
282 292977.0
283 289412.0
284 289818.0
285 316929.0
286 318666.0
287 320833.0
288 308509.0
289 314545.0
290 323809.0
291 307555.0
292 328121.0
293 322008.0
294 317226.0
295 311887.0
296 335514.0
297 319802.0
298 289311.0
299 322809.0
300 308873.0
301 328779.0
302 319363.0
303 319164.0
304 312162.0
305 323885.0
306 329873.0
307 315224.0
308 318729.0
309 308276.0
310 312960.0
311 305871.0
312 3064123.0
313 966887.0
314 349680.0
315 257453.0
316 199486.0
317 241974.0
318 119972.0
319 144510.0
320 148779.0
321 148027.0
322 151327.0
323 151876.0
324 120384.0
325 207234.0
326 159351.0
327 170274.0
328 205166.0
329 188158.0
330 168827.0
331 243665.0
332 230884.0
333 187647.0
334 210498.0
335 237279.0
336 180197.0
337 177121.0
338 315319.0
339 338014.0
340 366101.0
341 410365.0
342 401576.0
343 380261.0
344 396281.0
345 419288.0
346 377039.0
347 401756.0
348 406509.0
349 395675.0
350 400094.0
351 393119.0
352 402569.0
353 398760.0
354 397677.0
355 392029.0
356 400854.0
357 402695.0
358 394808.0
359 379574.0
360 399879.0
361 392607.0
362 404472.0
363 385118.0
364 399609.0
365 403821.0
366 401945.0
367 422827.0
368 393873.0
369 380186.0
370 386688.0
371 384518.0
372 3130420.0
373 1052088.0
374 437583.0
375 283301.0
376 137064.0
377 147332.0
378 169864.0
379 153236.0
380 206621.0
381 117632.0
382 184895.0
383 205802.0
384 242219.0
385 184538.0
386 221274.0
387 179486.0
388 270846.0
389 278951.0
390 285950.0
391 227425.0
392 381978.0
393 271750.0
394 270442.0
395 283569.0
396 291636.0
397 329408.0
398 444354.0
399 461645.0
400 484946.0
401 481656.0
402 487391.0
403 488638.0
404 477146.0
405 471373.0
406 470865.0
407 487895.0
408 488566.0
409 483245.0
410 480006.0
411 474192.0
412 483923.0
413 472869.0
414 473356.0
415 467650.0
416 483224.0
417 488233.0
418 489416.0
419 483593.0
420 466938.0
421 491062.0
422 479713.0
423 448062.0
424 483781.0
425 477956.0
426 483587.0
427 478396.0
428 479506.0
429 480399.0
430 470945.0
431 3224880.0
432 1603860.0
433 510060.0
434 355353.0
435 242456.0
436 175318.0
437 198557.0
438 212131.0
439 162373.0
440 178661.0
441 153470.0
442 153950.0
443 229243.0
444 225676.0
445 242176.0
446 186094.0
447 133916.0
448 184242.0
449 171716.0
450 235899.0
451 154220.0
452 232696.0
453 396168.0
454 309949.0
455 310459.0
456 433976.0
457 417746.0
458 423937.0
459 547062.0
460 545626.0
461 555086.0
462 549743.0
463 554320.0
464 559801.0
465 557726.0
466 551632.0
467 557242.0
468 563613.0
469 559315.0
470 562428.0
471 541827.0
472 552860.0
473 558319.0
474 557449.0
475 559788.0
476 565042.0
477 564757.0
478 576307.0
479 556443.0
480 542773.0
481 541850.0
482 542192.0
483 546905.0
484 557714.0
485 564571.0
486 547695.0
487 555932.0
488 562334.0
489 585309.0
490 549759.0
491 549635.0
492 452960.0
493 712463.0
494 529567.0
495 503628.0
496 488144.0
497 482927.0
498 491243.0
499 479626.0
500 484808.0
501 468598.0
502 486245.0
503 452251.0
504 475013.0
505 475927.0
506 475824.0
507 476067.0
508 487148.0
509 476513.0
510 474175.0
511 468279.0
512 468434.0
513 475292.0
514 472986.0
515 465223.0
516 467490.0
517 481485.0
518 481765.0
519 472600.0
520 479162.0
521 451776.0
522 485093.0
523 460011.0
524 475987.0
525 475013.0
526 477816.0
527 478074.0
528 490386.0
529 477006.0
530 462864.0
531 480857.0
532 473927.0
533 473342.0
534 480676.0
535 478803.0
536 453402.0
537 470029.0
538 482820.0
539 472792.0
540 478090.0
541 454088.0
542 480685.0
543 453895.0
544 484478.0
545 467565.0
546 479112.0
547 477354.0
548 484887.0
549 474332.0
550 475681.0
551 469691.0
552 455615.0
553 392981.0
554 395909.0
555 380406.0
556 395268.0
557 392417.0
558 408387.0
559 396125.0
560 396819.0
561 391423.0
562 400586.0
563 388719.0
564 397325.0
565 384489.0
566 406932.0
567 395369.0
568 391764.0
569 412591.0
570 402799.0
571 395247.0
572 386629.0
573 379689.0
574 402493.0
575 394889.0
576 390844.0
577 390577.0
578 398256.0
579 396406.0
580 399067.0
581 396793.0
582 393967.0
583 386735.0
584 394585.0
585 395467.0
586 393476.0
587 398977.0
588 386099.0
589 415065.0
590 401765.0
591 391799.0
592 394585.0
593 389678.0
594 395175.0
595 391848.0
596 391751.0
597 393253.0
598 397443.0
599 402494.0
600 402033.0
601 392208.0
602 406619.0
603 387337.0
604 393130.0
605 391604.0
606 392356.0
607 392455.0
608 396090.0
609 399828.0
610 394895.0
611 394238.0
612 305557.0
613 276935.0
614 309880.0
615 301296.0
616 307664.0
617 265968.0
618 274872.0
619 318372.0
620 322660.0
621 344348.0
622 345880.0
623 324432.0
624 321142.0
625 319194.0
626 326872.0
627 323148.0
628 341248.0
629 326724.0
630 358388.0
631 319628.0
632 303516.0
633 312560.0
634 329736.0
635 315428.0
636 335152.0
637 324144.0
638 313256.0
639 344328.0
640 322840.0
641 317568.0
642 326100.0
643 318115.0
644 323993.0
645 328864.0
646 319916.0
647 334730.0
648 323908.0
649 332716.0
650 342622.0
651 326372.0
652 327928.0
653 315060.0
654 328664.0
655 310424.0
656 325248.0
657 324938.0
658 313966.0
659 339068.0
660 330492.0
661 320496.0
662 307344.0
663 322252.0
664 315100.0
665 325896.0
666 317360.0
667 324256.0
668 321308.0
669 333080.0
670 326280.0
671 322426.0
672 277509.0
673 243896.0
674 231907.0
675 241355.0
676 237007.0
677 245350.0
678 241269.0
679 250027.0
680 235104.0
681 256355.0
682 244665.0
683 230369.0
684 243177.0
685 243200.0
686 235041.0
687 240909.0
688 243060.0
689 253137.0
690 245335.0
691 245159.0
692 241141.0
693 240498.0
694 240368.0
695 236897.0
696 249502.0
697 235494.0
698 245652.0
699 247484.0
700 240019.0
701 240982.0
702 240373.0
703 240850.0
704 240276.0
705 246455.0
706 243364.0
707 235315.0
708 247342.0
709 246902.0
710 248674.0
711 254162.0
712 230036.0
713 240775.0
714 241974.0
715 245031.0
716 240560.0
717 241697.0
718 241545.0
719 250048.0
720 252933.0
721 247528.0
722 236691.0
723 240777.0
724 236929.0
725 241372.0
726 244359.0
727 246665.0
728 243843.0
729 236528.0
730 267424.0
731 257539.0
732 212914.0
733 155314.0
734 156984.0
735 158762.0
736 161534.0
737 159718.0
738 163262.0
739 165406.0
740 169098.0
741 160928.0
742 164092.0
743 162680.0
744 160006.0
745 155480.0
746 161586.0
747 161732.0
748 163666.0
749 158318.0
750 170806.0
751 160804.0
752 161546.0
753 159490.0
754 164942.0
755 161490.0
756 165028.0
757 156636.0
758 162930.0
759 164876.0
760 168870.0
761 162014.0
762 156912.0
763 159420.0
764 158896.0
765 161604.0
766 158804.0
767 163958.0
768 161804.0
769 162760.0
770 165686.0
771 167080.0
772 158934.0
773 157916.0
774 159804.0
775 159354.0
776 160224.0
777 162770.0
778 160580.0
779 165816.0
780 166784.0
781 167678.0
782 160250.0
783 157414.0
784 159784.0
785 161654.0
786 156954.0
787 163372.0
788 162498.0
789 163674.0
790 163946.0
791 161796.0
792 153109.0
793 66131.0
794 79634.0
795 76063.0
796 81746.0
797 79389.0
798 80837.0
799 79384.0
800 83271.0
801 82613.0
802 80097.0
803 82493.0
804 81092.0
805 78787.0
806 80321.0
807 81828.0
808 82232.0
809 79562.0
810 82161.0
811 86289.0
812 78209.0
813 80178.0
814 81423.0
815 79559.0
816 77769.0
817 81681.0
818 76471.0
819 80392.0
820 80900.0
821 85242.0
822 78846.0
823 79564.0
824 80491.0
825 80132.0
826 80652.0
827 80418.0
828 82314.0
829 81028.0
830 81492.0
831 86636.0
832 80128.0
833 81340.0
834 81648.0
835 80480.0
836 80240.0
837 83916.0
838 80927.0
839 80130.0
840 84068.0
841 87775.0
842 79787.0
843 81126.0
844 79882.0
845 82713.0
846 76164.0
847 81076.0
848 77557.0
849 81476.0
850 80409.0
851 86341.0
852 64595.0
853 0.0
854 0.0
855 0.0
856 0.0
857 0.0
858 0.0
859 0.0
860 0.0
861 0.0
862 0.0
863 0.0
864 0.0
865 0.0
866 0.0
867 0.0
868 0.0
869 0.0
870 0.0
871 0.0
872 0.0
873 0.0
874 0.0
875 0.0
876 0.0
877 0.0
878 0.0
879 0.0
880 0.0
881 0.0
882 0.0
883 0.0
884 0.0
885 0.0
886 0.0
887 0.0
888 0.0
889 0.0
890 0.0
891 0.0
892 0.0
893 0.0
894 0.0
895 0.0
896 0.0
897 0.0
898 0.0
899 0.0
900 0.0
901 0.0
902 0.0
903 0.0
904 0.0
905 0.0
906 0.0
907 0.0
908 0.0
909 0.0
910 0.0
911 0.0
912 559528.0
913 2810887.0
914 20956.0
915 9424.0
916 30311.0
917 24589.0
918 25619.0
919 26118.0
920 27405.0
921 27610.0
922 27591.0
923 28842.0
924 29082.0
925 28626.0
926 28981.0
927 29109.0
928 29384.0
929 29329.0
930 30155.0
931 30211.0
932 30842.0
933 32380.0
934 37215.0
935 34436.0
936 37687.0
937 47889.0
938 54353.0
939 48318.0
940 62870.0
941 56019.0
942 69432.0
943 80160.0
944 82790.0
945 79852.0
946 80234.0
947 73795.0
948 78655.0
949 76078.0
950 81885.0
951 81890.0
952 77701.0
953 79991.0
954 81455.0
955 78074.0
956 77368.0
957 79634.0
958 79071.0
959 79089.0
960 79439.0
961 82522.0
962 78055.0
963 81755.0
964 78104.0
965 79183.0
966 79793.0
967 78820.0
968 78743.0
969 82050.0
970 76937.0
971 80172.0
972 2780951.0
973 736588.0
974 101062.0
975 86766.0
976 55311.0
977 51476.0
978 50421.0
979 52738.0
980 50140.0
981 48612.0
982 47216.0
983 47114.0
984 59744.0
985 58095.0
986 52762.0
987 55392.0
988 48651.0
989 80302.0
990 52692.0
991 95313.0
992 86779.0
993 75016.0
994 78459.0
995 77919.0
996 91800.0
997 130909.0
998 89874.0
999 121958.0
1000 149930.0
1001 169565.0
1002 155927.0
1003 161481.0
1004 142487.0
1005 161253.0
1006 159468.0
1007 159819.0
1008 158514.0
1009 160221.0
1010 157427.0
1011 159014.0
1012 160770.0
1013 156539.0
1014 159905.0
1015 163101.0
1016 166414.0
1017 160993.0
1018 160460.0
1019 156029.0
1020 136549.0
1021 153082.0
1022 160758.0
1023 159939.0
1024 159339.0
1025 160895.0
1026 162475.0
1027 165166.0
1028 150473.0
1029 144728.0
1030 162510.0
1031 156655.0
1032 4296467.0
1033 821126.0
1034 178108.0
1035 132716.0
1036 131239.0
1037 118877.0
1038 97348.0
1039 96303.0
1040 97340.0
1041 113863.0
1042 103516.0
1043 105094.0
1044 105709.0
1045 95308.0
1046 77630.0
1047 84304.0
1048 85638.0
1049 104440.0
1050 136345.0
1051 138200.0
1052 137818.0
1053 138866.0
1054 139216.0
1055 140194.0
1056 138516.0
1057 137915.0
1058 131228.0
1059 145851.0
1060 202515.0
1061 210175.0
1062 220674.0
1063 207828.0
1064 222004.0
1065 225140.0
1066 229602.0
1067 224973.0
1068 223802.0
1069 243146.0
1070 239985.0
1071 234147.0
1072 238735.0
1073 242606.0
1074 241252.0
1075 251193.0
1076 233411.0
1077 235798.0
1078 234601.0
1079 248351.0
1080 242646.0
1081 211443.0
1082 237733.0
1083 236283.0
1084 238164.0
1085 256051.0
1086 236278.0
1087 250405.0
1088 209086.0
1089 230809.0
1090 236203.0
1091 239161.0
1092 2947620.0
1093 905188.0
1094 261592.0
1095 213532.0
1096 100564.0
1097 115139.0
1098 130050.0
1099 121723.0
1100 130756.0
1101 133958.0
1102 136401.0
1103 127860.0
1104 125648.0
1105 129016.0
1106 114055.0
1107 162694.0
1108 130366.0
1109 190998.0
1110 182747.0
1111 150710.0
1112 184409.0
1113 208006.0
1114 226172.0
1115 167886.0
1116 236312.0
1117 256129.0
1118 284519.0
1119 279784.0
1120 279448.0
1121 280983.0
1122 298253.0
1123 292851.0
1124 276192.0
1125 310049.0
1126 294706.0
1127 309375.0
1128 317460.0
1129 315196.0
1130 312762.0
1131 306636.0
1132 317832.0
1133 319018.0
1134 320513.0
1135 317613.0
1136 333761.0
1137 332278.0
1138 296873.0
1139 315710.0
1140 325898.0
1141 311951.0
1142 304762.0
1143 320426.0
1144 314519.0
1145 320496.0
1146 318349.0
1147 347931.0
1148 321544.0
1149 298344.0
1150 300526.0
1151 318961.0
1152 2637913.0
1153 1347954.0
1154 339833.0
1155 250262.0
1156 176831.0
1157 178147.0
1158 183260.0
1159 141244.0
1160 249506.0
1161 214326.0
1162 179875.0
1163 187330.0
1164 139746.0
1165 136682.0
1166 113839.0
1167 109184.0
1168 175169.0
1169 221004.0
1170 225102.0
1171 183409.0
1172 236482.0
1173 186556.0
1174 313131.0
1175 227343.0
1176 207004.0
1177 248402.0
1178 306116.0
1179 338071.0
1180 356524.0
1181 390284.0
1182 378101.0
1183 421497.0
1184 390927.0
1185 408189.0
1186 425951.0
1187 411222.0
1188 410048.0
1189 405165.0
1190 408789.0
1191 420043.0
1192 399095.0
1193 409964.0
1194 414187.0
1195 413056.0
1196 412291.0
1197 418901.0
1198 407004.0
1199 416447.0
1200 388700.0
1201 406675.0
1202 406398.0
1203 418967.0
1204 400881.0
1205 411227.0
1206 425701.0
1207 413751.0
1208 405355.0
1209 407168.0
1210 408443.0
1211 412467.0
1212 3143871.0
1213 1064374.0
1214 422798.0
1215 319283.0
1216 138146.0
1217 149749.0
1218 150896.0
1219 194056.0
1220 183499.0
1221 199808.0
1222 191669.0
1223 172587.0
1224 219835.0
1225 221879.0
1226 178158.0
1227 176790.0
1228 191059.0
1229 256972.0
1230 226712.0
1231 354205.0
1232 284245.0
1233 227981.0
1234 303606.0
1235 262055.0
1236 391444.0
1237 266821.0
1238 350974.0
1239 456582.0
1240 446013.0
1241 464352.0
1242 482614.0
1243 489898.0
1244 491684.0
1245 499272.0
1246 470803.0
1247 535357.0
1248 490818.0
1249 495650.0
1250 477698.0
1251 515601.0
1252 473390.0
1253 494889.0
1254 493504.0
1255 499004.0
1256 495852.0
1257 506027.0
1258 499690.0
1259 482485.0
1260 481143.0
1261 494247.0
1262 494735.0
1263 492493.0
1264 498295.0
1265 494602.0
1266 500907.0
1267 500724.0
1268 493480.0
1269 491148.0
1270 494758.0
1271 491584.0
1272 3747483.0
1273 1157021.0
1274 520741.0
1275 292235.0
1276 225305.0
1277 251985.0
1278 242604.0
1279 225924.0
1280 242254.0
1281 116063.0
1282 316735.0
1283 227695.0
1284 267961.0
1285 125686.0
1286 337601.0
1287 328065.0
1288 288410.0
1289 280679.0
1290 153008.0
1291 393278.0
1292 370217.0
1293 403252.0
1294 380770.0
1295 373206.0
1296 353455.0
1297 507555.0
1298 518880.0
1299 502388.0
1300 504558.0
1301 508808.0
1302 513145.0
1303 498299.0
1304 513695.0
1305 517527.0
1306 518987.0
1307 523230.0
1308 520387.0
1309 521973.0
1310 517852.0
1311 515160.0
1312 531260.0
1313 522069.0
1314 530852.0
1315 512087.0
1316 540459.0
1317 553840.0
1318 569933.0
1319 537363.0
1320 550395.0
1321 553319.0
1322 553642.0
1323 534952.0
1324 559669.0
1325 557984.0
1326 544273.0
1327 577709.0
1328 566422.0
1329 560466.0
1330 541373.0
1331 563935.0
1332 494038.0
1333 697396.0
1334 535027.0
1335 498702.0
1336 482889.0
1337 492841.0
1338 489212.0
1339 482091.0
1340 464047.0
1341 471079.0
1342 471045.0
1343 477860.0
1344 478168.0
1345 477852.0
1346 480967.0
1347 465530.0
1348 488951.0
1349 484942.0
1350 476624.0
1351 465518.0
1352 476336.0
1353 478924.0
1354 471411.0
1355 480790.0
1356 471796.0
1357 478084.0
1358 485042.0
1359 488070.0
1360 461069.0
1361 464051.0
1362 463782.0
1363 475031.0
1364 473695.0
1365 478861.0
1366 473256.0
1367 484090.0
1368 481668.0
1369 486097.0
1370 467646.0
1371 463223.0
1372 470645.0
1373 481190.0
1374 472344.0
1375 461479.0
1376 475442.0
1377 474834.0
1378 479443.0
1379 487412.0
1380 470570.0
1381 468819.0
1382 469054.0
1383 473402.0
1384 469741.0
1385 473555.0
1386 481673.0
1387 475172.0
1388 476506.0
1389 483777.0
1390 462648.0
1391 484531.0
1392 406584.0
1393 448393.0
1394 392375.0
1395 390835.0
1396 396058.0
1397 398606.0
1398 403130.0
1399 402965.0
1400 391818.0
1401 398409.0
1402 392221.0
1403 394096.0
1404 398523.0
1405 397188.0
1406 399994.0
1407 397852.0
1408 392110.0
1409 403280.0
1410 401211.0
1411 357383.0
1412 396130.0
1413 393321.0
1414 391938.0
1415 390289.0
1416 399725.0
1417 394969.0
1418 403104.0
1419 390950.0
1420 386019.0
1421 403400.0
1422 393561.0
1423 392958.0
1424 391955.0
1425 390597.0
1426 396155.0
1427 384613.0
1428 398124.0
1429 397772.0
1430 399151.0
1431 386607.0
1432 389394.0
1433 401275.0
1434 396479.0
1435 384124.0
1436 392225.0
1437 397133.0
1438 377915.0
1439 417912.0
1440 400291.0
1441 398131.0
1442 394363.0
1443 393866.0
1444 396148.0
1445 400052.0
1446 394762.0
1447 390268.0
1448 390796.0
1449 406078.0
1450 400187.0
1451 391983.0
1452 374229.0
1453 352208.0
1454 313557.0
1455 322729.0
1456 318176.0
1457 316264.0
1458 318673.0
1459 329338.0
1460 326733.0
1461 308740.0
1462 318211.0
1463 311426.0
1464 317930.0
1465 307522.0
1466 315385.0
1467 313854.0
1468 316805.0
1469 320763.0
1470 333355.0
1471 309871.0
1472 313857.0
1473 307182.0
1474 314884.0
1475 312691.0
1476 316436.0
1477 313976.0
1478 317842.0
1479 326406.0
1480 329866.0
1481 304081.0
1482 310551.0
1483 313079.0
1484 318139.0
1485 305592.0
1486 312891.0
1487 316048.0
1488 324449.0
1489 312324.0
1490 335774.0
1491 313533.0
1492 310839.0
1493 304217.0
1494 307891.0
1495 315905.0
1496 311274.0
1497 313859.0
1498 316922.0
1499 336799.0
1500 312117.0
1501 315265.0
1502 314733.0
1503 315002.0
1504 320187.0
1505 297602.0
1506 312761.0
1507 310467.0
1508 323293.0
1509 316891.0
1510 333197.0
1511 313918.0
1512 293138.0
1513 225125.0
1514 229447.0
1515 235329.0
1516 235181.0
1517 236558.0
1518 236536.0
1519 245410.0
1520 245524.0
1521 231662.0
1522 235552.0
1523 234689.0
1524 234205.0
1525 233022.0
1526 238160.0
1527 236806.0
1528 238930.0
1529 225141.0
1530 250638.0
1531 240980.0
1532 234985.0
1533 227205.0
1534 234518.0
1535 234936.0
1536 241247.0
1537 231359.0
1538 239866.0
1539 237138.0
1540 246803.0
1541 236865.0
1542 233255.0
1543 234941.0
1544 227003.0
1545 232408.0
1546 233708.0
1547 238725.0
1548 238330.0
1549 232859.0
1550 244627.0
1551 243415.0
1552 235348.0
1553 228151.0
1554 235392.0
1555 233289.0
1556 237816.0
1557 233711.0
1558 238268.0
1559 242531.0
1560 251749.0
1561 229977.0
1562 231891.0
1563 234903.0
1564 233324.0
1565 229839.0
1566 234717.0
1567 235239.0
1568 237816.0
1569 228045.0
1570 242148.0
1571 239864.0
1572 205393.0
1573 28382.0
1574 24496.0
1575 24444.0
1576 24176.0
1577 24128.0
1578 32734.0
1579 119176.0
1580 146224.0
1581 148482.0
1582 156944.0
1583 153076.0
1584 137550.0
1585 155524.0
1586 155918.0
1587 152544.0
1588 158510.0
1589 158044.0
1590 159414.0
1591 159322.0
1592 160310.0
1593 167754.0
1594 152530.0
1595 154998.0
1596 157654.0
1597 156506.0
1598 156302.0
1599 154502.0
1600 160564.0
1601 160442.0
1602 152478.0
1603 155938.0
1604 158070.0
1605 158356.0
1606 156382.0
1607 154200.0
1608 157652.0
1609 157926.0
1610 158068.0
1611 155468.0
1612 158834.0
1613 152344.0
1614 155566.0
1615 156044.0
1616 155262.0
1617 156012.0
1618 160216.0
1619 157750.0
1620 159652.0
1621 160048.0
1622 159116.0
1623 154898.0
1624 153846.0
1625 153474.0
1626 156678.0
1627 156988.0
1628 154362.0
1629 158718.0
1630 158536.0
1631 159930.0
1632 123952.0
1633 12446.0
1634 12222.0
1635 12156.0
1636 11996.0
1637 11912.0
1638 12116.0
1639 12116.0
1640 12713.0
1641 12016.0
1642 12276.0
1643 11956.0
1644 12280.0
1645 11732.0
1646 12116.0
1647 12116.0
1648 11792.0
1649 12340.0
1650 12581.0
1651 12116.0
1652 11792.0
1653 12056.0
1654 12116.0
1655 12116.0
1656 12921.0
1657 12016.0
1658 12116.0
1659 12444.0
1660 12257.0
1661 11892.0
1662 12444.0
1663 12158.0
1664 11956.0
1665 12632.0
1666 11956.0
1667 12280.0
1668 31880.0
1669 74529.0
1670 77373.0
1671 76187.0
1672 70563.0
1673 74328.0
1674 71478.0
1675 75625.0
1676 81885.0
1677 83153.0
1678 74573.0
1679 79945.0
1680 78309.0
1681 77471.0
1682 78057.0
1683 77758.0
1684 77532.0
1685 78499.0
1686 77229.0
1687 79160.0
1688 77172.0
1689 79533.0
1690 74153.0
1691 83976.0
1692 61750.0
1693 0.0
1694 0.0
1695 0.0
1696 0.0
1697 0.0
1698 0.0
1699 0.0
1700 0.0
1701 0.0
1702 0.0
1703 0.0
1704 0.0
1705 0.0
1706 0.0
1707 0.0
1708 0.0
1709 0.0
1710 0.0
1711 0.0
1712 0.0
1713 0.0
1714 0.0
1715 0.0
1716 0.0
1717 0.0
1718 0.0
1719 0.0
1720 0.0
1721 0.0
1722 0.0
1723 0.0
1724 0.0
1725 0.0
1726 0.0
1727 0.0
1728 0.0
1729 0.0
1730 0.0
1731 0.0
1732 0.0
1733 0.0
1734 0.0
1735 0.0
1736 0.0
1737 0.0
1738 0.0
1739 0.0
1740 0.0
1741 0.0
1742 0.0
1743 0.0
1744 0.0
1745 0.0
1746 0.0
1747 0.0
1748 0.0
1749 0.0
1750 0.0
1751 0.0
1752 0.0
1753 0.0
1754 0.0
1755 0.0
1756 0.0
1757 0.0
1758 0.0
1759 0.0
1760 0.0
1761 0.0
1762 0.0
1763 0.0
1764 0.0
1765 0.0
1766 0.0
1767 0.0
1768 0.0
1769 0.0
1770 0.0
1771 0.0
1772 0.0
1773 0.0
1774 0.0
1775 0.0
1776 0.0
1777 0.0
1778 0.0
1779 0.0
1780 0.0
1781 0.0
1782 0.0
1783 0.0
1784 0.0
1785 0.0
1786 0.0
1787 0.0
1788 0.0
1789 0.0
1790 0.0
1791 0.0
1792 0.0
1793 0.0
1794 0.0
1795 0.0
1796 0.0
1797 0.0
1798 0.0
1799 0.0
1800 0.0
1801 0.0
1802 0.0
1803 0.0
1804 0.0
1805 0.0
1806 0.0
1807 0.0
1808 0.0
1809 0.0
1810 0.0
1811 0.0
1812 0.0
1813 0.0
1814 0.0
1815 0.0
1816 0.0
1817 0.0
1818 0.0
