0 102772736.0
1 399687680.0
2 399687680.0
3 399687680.0
4 399687680.0
5 399687680.0
6 399687680.0
7 399687680.0
8 399687680.0
9 399687680.0
10 399687680.0
11 399687680.0
12 399687680.0
13 399687680.0
14 601014272.0
15 601014272.0
16 601014272.0
17 601014272.0
18 601014272.0
19 601014272.0
20 601014272.0
21 601014272.0
22 601014272.0
23 601014272.0
24 601014272.0
25 601014272.0
26 601014272.0
27 601014272.0
28 601014272.0
29 601014272.0
30 601014272.0
31 601014272.0
32 601014272.0
33 601014272.0
34 601014272.0
35 601014272.0
36 601014272.0
37 601014272.0
38 601014272.0
39 601014272.0
40 601014272.0
41 601014272.0
42 601014272.0
43 601014272.0
44 601014272.0
45 601014272.0
46 601014272.0
47 601014272.0
48 601014272.0
49 601014272.0
50 601014272.0
51 601014272.0
52 601014272.0
53 601014272.0
54 601014272.0
55 601014272.0
56 601014272.0
57 601014272.0
58 601014272.0
59 601014272.0
60 601014272.0
61 668123136.0
62 668123136.0
63 668123136.0
64 668123136.0
65 668123136.0
66 668123136.0
67 668123136.0
68 668123136.0
69 668123136.0
70 668123136.0
71 668123136.0
72 668123136.0
73 1934589952.0
74 2987569152.0
75 4745256960.0
76 4678115328.0
77 4678115328.0
78 4678115328.0
79 4678115328.0
80 4678115328.0
81 4678115328.0
82 4678115328.0
83 4678115328.0
84 4678115328.0
85 4678115328.0
86 4678115328.0
87 4678115328.0
88 4678115328.0
89 4678115328.0
90 4678115328.0
91 4678115328.0
92 4678115328.0
93 4678115328.0
94 4678115328.0
95 4678115328.0
96 4678115328.0
97 4678115328.0
98 4678115328.0
99 4678115328.0
100 4678115328.0
101 4678115328.0
102 4678115328.0
103 4678115328.0
104 4678115328.0
105 4678115328.0
106 4678115328.0
107 4678115328.0
108 4678115328.0
109 4678115328.0
110 4678115328.0
111 4678115328.0
112 4678115328.0
113 4678115328.0
114 4678115328.0
115 4678115328.0
116 4678115328.0
117 4678115328.0
118 4678115328.0
119 4678115328.0
120 4678115328.0
121 4678115328.0
122 4678115328.0
123 4678115328.0
124 4678115328.0
125 4678115328.0
126 4678115328.0
127 4678115328.0
128 4678115328.0
129 4678115328.0
130 4678115328.0
131 4678115328.0
132 4678115328.0
133 4678115328.0
134 5030477824.0
135 6708264960.0
136 6708264960.0
137 6708264960.0
138 6708264960.0
139 6708264960.0
140 6708264960.0
141 6708264960.0
142 6708264960.0
143 6708264960.0
144 6708264960.0
145 6708264960.0
146 6708264960.0
147 6708264960.0
148 6708264960.0
149 6708264960.0
150 6708264960.0
151 6708264960.0
152 6708264960.0
153 6708264960.0
154 6708264960.0
155 6708264960.0
156 6708264960.0
157 6708264960.0
158 6708264960.0
159 6708264960.0
160 6708264960.0
161 6708264960.0
162 6708264960.0
163 6708264960.0
164 6708264960.0
165 6708264960.0
166 6708264960.0
167 6708264960.0
168 6708264960.0
169 6708264960.0
170 6708264960.0
171 6708264960.0
172 6708264960.0
173 6708264960.0
174 6708264960.0
175 6708264960.0
176 6708264960.0
177 6708264960.0
178 6708264960.0
179 6708264960.0
180 6708264960.0
181 6708264960.0
182 6708264960.0
183 6708264960.0
184 6708264960.0
185 6725050368.0
186 6708264960.0
187 6708264960.0
188 6708264960.0
189 6708264960.0
190 6708264960.0
191 6708264960.0
192 6708264960.0
193 7245201408.0
194 7253594112.0
195 8394510336.0
196 8352546816.0
197 8352546816.0
198 8352546816.0
199 8352546816.0
200 8352546816.0
201 8352546816.0
202 8352546816.0
203 8352546816.0
204 8352546816.0
205 8386117632.0
206 8352546816.0
207 8352546816.0
208 8352546816.0
209 8352546816.0
210 8352546816.0
211 8352546816.0
212 8352546816.0
213 8352546816.0
214 8352546816.0
215 8386117632.0
216 8352546816.0
217 8352546816.0
218 8352546816.0
219 8352546816.0
220 8352546816.0
221 8352546816.0
222 8352546816.0
223 8352546816.0
224 8352546816.0
225 8386117632.0
226 8352546816.0
227 8352546816.0
228 8352546816.0
229 8352546816.0
230 8352546816.0
231 8352546816.0
232 8352546816.0
233 8352546816.0
234 8352546816.0
235 8612622336.0
236 8553873408.0
237 8553873408.0
238 8553873408.0
239 8553873408.0
240 8553873408.0
241 8553873408.0
242 8553873408.0
243 8553873408.0
244 8553873408.0
245 8830734336.0
246 8755200000.0
247 8755200000.0
248 8755200000.0
249 8755200000.0
250 8755200000.0
251 8755200000.0
252 8755200000.0
253 8755200000.0
254 9594109952.0
255 10726666240.0
256 10818920448.0
257 10818920448.0
258 10818920448.0
259 10818920448.0
260 10818920448.0
261 10818920448.0
262 10818920448.0
263 10818920448.0
264 10818920448.0
265 10852491264.0
266 10818920448.0
267 10818920448.0
268 10818920448.0
269 10818920448.0
270 10818920448.0
271 10818920448.0
272 10818920448.0
273 10818920448.0
274 10818920448.0
275 10877669376.0
276 11087355904.0
277 11087355904.0
278 11087355904.0
279 11087355904.0
280 11087355904.0
281 11087355904.0
282 11087355904.0
283 11087355904.0
284 11087355904.0
285 11095748608.0
286 11087355904.0
287 11087355904.0
288 11087355904.0
289 11087355904.0
290 11087355904.0
291 11087355904.0
292 11087355904.0
293 11087355904.0
294 11087355904.0
295 11087355904.0
296 11154464768.0
297 11154464768.0
298 11154464768.0
299 11154464768.0
300 11154464768.0
301 11154464768.0
302 11154464768.0
303 11154464768.0
304 11154464768.0
305 11154464768.0
306 11154464768.0
307 11154464768.0
308 11154464768.0
309 11154464768.0
310 11154464768.0
311 11154464768.0
312 11154464768.0
313 11154464768.0
314 12135985152.0
315 12790353920.0
316 13302079488.0
317 13302079488.0
318 13302079488.0
319 13302079488.0
320 13302079488.0
321 13302079488.0
322 13302079488.0
323 13302079488.0
324 13302079488.0
325 13302079488.0
326 13302079488.0
327 13302079488.0
328 13302079488.0
329 13302079488.0
330 13302079488.0
331 13302079488.0
332 13302079488.0
333 13302079488.0
334 13302079488.0
335 13302079488.0
336 13838950400.0
337 13838950400.0
338 13838950400.0
339 13838950400.0
340 13838950400.0
341 13838950400.0
342 13838950400.0
343 13838950400.0
344 13838950400.0
345 13838950400.0
346 13880913920.0
347 13838950400.0
348 13838950400.0
349 13838950400.0
350 13838950400.0
351 13838950400.0
352 13838950400.0
353 13838950400.0
354 13838950400.0
355 13838950400.0
356 13906092032.0
357 13838950400.0
358 13838950400.0
359 13838950400.0
360 13838950400.0
361 13838950400.0
362 13838950400.0
363 13838950400.0
364 13838950400.0
365 13838950400.0
366 13964840960.0
367 13838950400.0
368 13838950400.0
369 13838950400.0
370 13838950400.0
371 13838950400.0
372 13838950400.0
373 13838950400.0
374 14694645760.0
375 15206436864.0
376 16104062976.0
377 16003350528.0
378 16003350528.0
379 16003350528.0
380 16003350528.0
381 16003350528.0
382 16003350528.0
383 16003350528.0
384 16003350528.0
385 16003350528.0
386 16062099456.0
387 16003350528.0
388 16003350528.0
389 16003350528.0
390 16003350528.0
391 16003350528.0
392 16003350528.0
393 16003350528.0
394 16003350528.0
395 16003350528.0
396 16011743232.0
397 16003350528.0
398 16003350528.0
399 16003350528.0
400 16003350528.0
401 16003350528.0
402 16003350528.0
403 16003350528.0
404 16003350528.0
405 16003350528.0
406 16003350528.0
407 16003350528.0
408 16003350528.0
409 16003350528.0
410 16003350528.0
411 16003350528.0
412 16003350528.0
413 16003350528.0
414 16003350528.0
415 16003350528.0
416 16003350528.0
417 16204677120.0
418 16204677120.0
419 16204677120.0
420 16204677120.0
421 16204677120.0
422 16204677120.0
423 16204677120.0
424 16204677120.0
425 16204677120.0
426 16204677120.0
427 16246640640.0
428 16204677120.0
429 16204677120.0
430 16204677120.0
431 16204677120.0
432 16204677120.0
433 17471418368.0
434 17932886016.0
435 17874137088.0
436 17874137088.0
437 18687901696.0
438 18587189248.0
439 18587189248.0
440 18587189248.0
441 18587189248.0
442 18587189248.0
443 18587189248.0
444 18587189248.0
445 18587189248.0
446 18587189248.0
447 19216412672.0
448 19056951296.0
449 19056951296.0
450 19056951296.0
451 19056951296.0
452 19056951296.0
453 19056951296.0
454 19056951296.0
455 19056951296.0
456 19056951296.0
457 19291914240.0
458 19124060160.0
459 19124060160.0
460 19124060160.0
461 19124060160.0
462 19124060160.0
463 19124060160.0
464 19124060160.0
465 19124060160.0
466 19124060160.0
467 19207987200.0
468 19124060160.0
469 19124060160.0
470 19124060160.0
471 19124060160.0
472 19124060160.0
473 19124060160.0
474 19124060160.0
475 19124060160.0
476 19124060160.0
477 19157630976.0
478 19124060160.0
479 19124060160.0
480 19124060160.0
481 19124060160.0
482 19124060160.0
483 19124060160.0
484 19124060160.0
485 19124060160.0
486 19124060160.0
487 19124060160.0
488 19124060160.0
489 19124060160.0
490 19124060160.0
491 19124060160.0
492 19509993472.0
493 19090358272.0
494 19090358272.0
495 19090358272.0
496 19090358272.0
497 19090358272.0
498 19149107200.0
499 19090358272.0
500 19090358272.0
501 19090358272.0
502 19090358272.0
503 19090358272.0
504 19090358272.0
505 19090358272.0
506 19090358272.0
507 19090358272.0
508 19174285312.0
509 19090358272.0
510 19090358272.0
511 19090358272.0
512 19090358272.0
513 19090358272.0
514 19090358272.0
515 19090358272.0
516 19090358272.0
517 19090358272.0
518 19216248832.0
519 19090358272.0
520 19090358272.0
521 19090358272.0
522 19090358272.0
523 19090358272.0
524 19090358272.0
525 19090358272.0
526 19090358272.0
527 19090358272.0
528 19300175872.0
529 19090358272.0
530 19090358272.0
531 19090358272.0
532 19090358272.0
533 19090358272.0
534 19090358272.0
535 19090358272.0
536 19090358272.0
537 19090358272.0
538 19182678016.0
539 19090358272.0
540 19090358272.0
541 19090358272.0
542 19090358272.0
543 19090358272.0
544 19090358272.0
545 19090358272.0
546 19090358272.0
547 19090358272.0
548 19174285312.0
549 19090358272.0
550 19090358272.0
551 19090358272.0
552 19191070720.0
553 18805006336.0
554 18805006336.0
555 18805006336.0
556 18805006336.0
557 18805006336.0
558 18872147968.0
559 18805006336.0
560 18805006336.0
561 18805006336.0
562 18805006336.0
563 18805006336.0
564 18805006336.0
565 18805006336.0
566 18805006336.0
567 18805006336.0
568 18872147968.0
569 18805006336.0
570 18805006336.0
571 18805006336.0
572 18805006336.0
573 18805006336.0
574 18805006336.0
575 18805006336.0
576 18805006336.0
577 18805006336.0
578 18821791744.0
579 18805006336.0
580 18805006336.0
581 18805006336.0
582 18805006336.0
583 18805006336.0
584 18805006336.0
585 18805006336.0
586 18805006336.0
587 18805006336.0
588 18805006336.0
589 18805006336.0
590 18805006336.0
591 18805006336.0
592 18805006336.0
593 18805006336.0
594 18805006336.0
595 18805006336.0
596 18805006336.0
597 18805006336.0
598 18805006336.0
599 18805006336.0
600 18805006336.0
601 18805006336.0
602 18805006336.0
603 18805006336.0
604 18805006336.0
605 18805006336.0
606 18805006336.0
607 18805006336.0
608 18805006336.0
609 18805006336.0
610 18805006336.0
611 18805006336.0
612 18880540672.0
613 18536439808.0
614 18536439808.0
615 18536439808.0
616 18536439808.0
617 18536439808.0
618 18536439808.0
619 18536439808.0
620 18536439808.0
621 18536439808.0
622 18536439808.0
623 18536439808.0
624 18536439808.0
625 18536439808.0
626 18536439808.0
627 18536439808.0
628 18536439808.0
629 18536439808.0
630 18536439808.0
631 18536439808.0
632 18536439808.0
633 18536439808.0
634 18536439808.0
635 18536439808.0
636 18536439808.0
637 18536439808.0
638 18536439808.0
639 18536439808.0
640 18536439808.0
641 18536439808.0
642 18536439808.0
643 18536439808.0
644 18536439808.0
645 18536439808.0
646 18536439808.0
647 18536439808.0
648 18536439808.0
649 18561617920.0
650 18536439808.0
651 18536439808.0
652 18536439808.0
653 18536439808.0
654 18536439808.0
655 18536439808.0
656 18536439808.0
657 18536439808.0
658 18536439808.0
659 18586796032.0
660 18536439808.0
661 18536439808.0
662 18536439808.0
663 18536439808.0
664 18536439808.0
665 18536439808.0
666 18536439808.0
667 18536439808.0
668 18536439808.0
669 18586796032.0
670 18536439808.0
671 18536439808.0
672 18586796032.0
673 18284658688.0
674 18284658688.0
675 18284658688.0
676 18284658688.0
677 18284658688.0
678 18284658688.0
679 18318229504.0
680 18284658688.0
681 18284658688.0
682 18284658688.0
683 18284658688.0
684 18284658688.0
685 18284658688.0
686 18284658688.0
687 18284658688.0
688 18284658688.0
689 18318229504.0
690 18284658688.0
691 18284658688.0
692 18284658688.0
693 18284658688.0
694 18284658688.0
695 18284658688.0
696 18284658688.0
697 18284658688.0
698 18284658688.0
699 18318229504.0
700 18284658688.0
701 18284658688.0
702 18284658688.0
703 18284658688.0
704 18284658688.0
705 18284658688.0
706 18284658688.0
707 18284658688.0
708 18284658688.0
709 18318229504.0
710 18284658688.0
711 18284658688.0
712 18284658688.0
713 18284658688.0
714 18284658688.0
715 18284658688.0
716 18284658688.0
717 18284658688.0
718 18284658688.0
719 18410549248.0
720 18284658688.0
721 18284658688.0
722 18284658688.0
723 18284658688.0
724 18284658688.0
725 18284658688.0
726 18284658688.0
727 18284658688.0
728 18284658688.0
729 18309836800.0
730 18284658688.0
731 18284658688.0
732 18309836800.0
733 18049662976.0
734 18049662976.0
735 18049662976.0
736 18049662976.0
737 18049662976.0
738 18049662976.0
739 18049662976.0
740 18049662976.0
741 18049662976.0
742 18049662976.0
743 18049662976.0
744 18049662976.0
745 18049662976.0
746 18049662976.0
747 18049662976.0
748 18049662976.0
749 18049662976.0
750 18049662976.0
751 18049662976.0
752 18049662976.0
753 18049662976.0
754 18049662976.0
755 18049662976.0
756 18049662976.0
757 18049662976.0
758 18049662976.0
759 18049662976.0
760 18049662976.0
761 18049662976.0
762 18049662976.0
763 18049662976.0
764 18049662976.0
765 18049662976.0
766 18049662976.0
767 18049662976.0
768 18049662976.0
769 18049662976.0
770 18049662976.0
771 18049662976.0
772 18049662976.0
773 18049662976.0
774 18049662976.0
775 18049662976.0
776 18049662976.0
777 18049662976.0
778 18049662976.0
779 18049662976.0
780 18049662976.0
781 18049662976.0
782 18049662976.0
783 18049662976.0
784 18049662976.0
785 18049662976.0
786 18049662976.0
787 18049662976.0
788 18049662976.0
789 18049662976.0
790 18049662976.0
791 18049662976.0
792 18049662976.0
793 17831452672.0
794 17831452672.0
795 17831452672.0
796 17831452672.0
797 17831452672.0
798 17831452672.0
799 17831452672.0
800 17831452672.0
801 17831452672.0
802 17831452672.0
803 17831452672.0
804 17831452672.0
805 17831452672.0
806 17831452672.0
807 17831452672.0
808 17831452672.0
809 17831452672.0
810 17831452672.0
811 17831452672.0
812 17831452672.0
813 17831452672.0
814 17831452672.0
815 17831452672.0
816 17831452672.0
817 17831452672.0
818 17831452672.0
819 17831452672.0
820 17831452672.0
821 17831452672.0
822 17831452672.0
823 17831452672.0
824 17831452672.0
825 17831452672.0
826 17831452672.0
827 17831452672.0
828 17831452672.0
829 17831452672.0
830 17831452672.0
831 17831452672.0
832 17831452672.0
833 17831452672.0
834 17831452672.0
835 17831452672.0
836 17831452672.0
837 17831452672.0
838 17831452672.0
839 17831452672.0
840 17831452672.0
841 17831452672.0
842 17831452672.0
843 17831452672.0
844 17831452672.0
845 17831452672.0
846 17831452672.0
847 17831452672.0
848 17831452672.0
849 17831452672.0
850 17831452672.0
851 17831452672.0
852 17746083840.0
853 17527873536.0
854 17527873536.0
855 17527873536.0
856 17527873536.0
857 17527873536.0
858 17527873536.0
859 17527873536.0
860 17527873536.0
861 17527873536.0
862 17527873536.0
863 17527873536.0
864 17527873536.0
865 17527873536.0
866 17527873536.0
867 17519480832.0
868 17519480832.0
869 17519480832.0
870 17519480832.0
871 17519480832.0
872 17519480832.0
873 17519480832.0
874 17519480832.0
875 17519480832.0
876 17519480832.0
877 17519480832.0
878 17519480832.0
879 17519480832.0
880 17519480832.0
881 17519480832.0
882 17519480832.0
883 17519480832.0
884 17519480832.0
885 17519480832.0
886 17519480832.0
887 17519480832.0
888 17519480832.0
889 17519480832.0
890 17519480832.0
891 17519480832.0
892 17519480832.0
893 17519480832.0
894 17519480832.0
895 17519480832.0
896 17519480832.0
897 17519480832.0
898 17519480832.0
899 17519480832.0
900 17519480832.0
901 17519480832.0
902 17519480832.0
903 17519480832.0
904 17519480832.0
905 17519480832.0
906 17519480832.0
907 17519480832.0
908 17519480832.0
909 17519480832.0
910 17519480832.0
911 17519480832.0
912 17519480832.0
913 17519480832.0
914 17737691136.0
915 17897152512.0
916 17830010880.0
917 17830010880.0
918 17830010880.0
919 17830010880.0
920 17830010880.0
921 17830010880.0
922 17830010880.0
923 17830010880.0
924 17830010880.0
925 17830010880.0
926 17830010880.0
927 17830010880.0
928 17830010880.0
929 17830010880.0
930 17830010880.0
931 17830010880.0
932 17830010880.0
933 17830010880.0
934 17830010880.0
935 17830010880.0
936 17830010880.0
937 17830010880.0
938 17830010880.0
939 17830010880.0
940 17830010880.0
941 17830010880.0
942 17830010880.0
943 17830010880.0
944 17846796288.0
945 17830010880.0
946 17830010880.0
947 17830010880.0
948 17830010880.0
949 17830010880.0
950 17830010880.0
951 17830010880.0
952 17830010880.0
953 17830010880.0
954 17830010880.0
955 17830010880.0
956 17830010880.0
957 17830010880.0
958 17830010880.0
959 17830010880.0
960 17830010880.0
961 17830010880.0
962 17830010880.0
963 17830010880.0
964 17830010880.0
965 17830010880.0
966 17830010880.0
967 17830010880.0
968 17830010880.0
969 17830010880.0
970 17830010880.0
971 17830010880.0
972 17830010880.0
973 17830010880.0
974 17930723328.0
975 18115362816.0
976 18048221184.0
977 18048221184.0
978 18048221184.0
979 18048221184.0
980 18048221184.0
981 18048221184.0
982 18048221184.0
983 18048221184.0
984 18048221184.0
985 18048221184.0
986 18048221184.0
987 18048221184.0
988 18048221184.0
989 18048221184.0
990 18048221184.0
991 18048221184.0
992 18048221184.0
993 18048221184.0
994 18048221184.0
995 18048221184.0
996 18048221184.0
997 18048221184.0
998 18048221184.0
999 18048221184.0
1000 18048221184.0
1001 18048221184.0
1002 18048221184.0
1003 18048221184.0
1004 18048221184.0
1005 18048221184.0
1006 18048221184.0
1007 18048221184.0
1008 18048221184.0
1009 18048221184.0
1010 18048221184.0
1011 18048221184.0
1012 18048221184.0
1013 18048221184.0
1014 18048221184.0
1015 18048221184.0
1016 18048221184.0
1017 18048221184.0
1018 18048221184.0
1019 18048221184.0
1020 18048221184.0
1021 18048221184.0
1022 18048221184.0
1023 18048221184.0
1024 18048221184.0
1025 18048221184.0
1026 18048221184.0
1027 18048221184.0
1028 18048221184.0
1029 18048221184.0
1030 18048221184.0
1031 18048221184.0
1032 18048221184.0
1033 18148933632.0
1034 18140540928.0
1035 18308395008.0
1036 18283216896.0
1037 18283216896.0
1038 18283216896.0
1039 18283216896.0
1040 18283216896.0
1041 18283216896.0
1042 18283216896.0
1043 18283216896.0
1044 18283216896.0
1045 18316787712.0
1046 18283216896.0
1047 18283216896.0
1048 18283216896.0
1049 18283216896.0
1050 18283216896.0
1051 18283216896.0
1052 18283216896.0
1053 18283216896.0
1054 18283216896.0
1055 18316787712.0
1056 18283216896.0
1057 18283216896.0
1058 18283216896.0
1059 18283216896.0
1060 18283216896.0
1061 18283216896.0
1062 18283216896.0
1063 18283216896.0
1064 18283216896.0
1065 18316787712.0
1066 18283216896.0
1067 18283216896.0
1068 18283216896.0
1069 18283216896.0
1070 18283216896.0
1071 18283216896.0
1072 18283216896.0
1073 18283216896.0
1074 18283216896.0
1075 18316787712.0
1076 18283216896.0
1077 18283216896.0
1078 18283216896.0
1079 18283216896.0
1080 18283216896.0
1081 18283216896.0
1082 18283216896.0
1083 18283216896.0
1084 18283216896.0
1085 18325180416.0
1086 18283216896.0
1087 18283216896.0
1088 18283216896.0
1089 18283216896.0
1090 18283216896.0
1091 18283216896.0
1092 18283216896.0
1093 18283216896.0
1094 18383929344.0
1095 18669281280.0
1096 18534998016.0
1097 18534998016.0
1098 18534998016.0
1099 18534998016.0
1100 18534998016.0
1101 18534998016.0
1102 18534998016.0
1103 18534998016.0
1104 18534998016.0
1105 18576961536.0
1106 18534998016.0
1107 18534998016.0
1108 18534998016.0
1109 18534998016.0
1110 18534998016.0
1111 18534998016.0
1112 18534998016.0
1113 18534998016.0
1114 18534998016.0
1115 18568568832.0
1116 18534998016.0
1117 18534998016.0
1118 18534998016.0
1119 18534998016.0
1120 18534998016.0
1121 18534998016.0
1122 18534998016.0
1123 18534998016.0
1124 18534998016.0
1125 18568568832.0
1126 18534998016.0
1127 18534998016.0
1128 18534998016.0
1129 18534998016.0
1130 18534998016.0
1131 18534998016.0
1132 18534998016.0
1133 18534998016.0
1134 18534998016.0
1135 18534998016.0
1136 18534998016.0
1137 18534998016.0
1138 18534998016.0
1139 18534998016.0
1140 18534998016.0
1141 18534998016.0
1142 18534998016.0
1143 18534998016.0
1144 18534998016.0
1145 18534998016.0
1146 18534998016.0
1147 18534998016.0
1148 18534998016.0
1149 18534998016.0
1150 18534998016.0
1151 18534998016.0
1152 18534998016.0
1153 18534998016.0
1154 18736422912.0
1155 18911416320.0
1156 18811957248.0
1157 18803564544.0
1158 18803564544.0
1159 18803564544.0
1160 18803564544.0
1161 18803564544.0
1162 18803564544.0
1163 18803564544.0
1164 18803564544.0
1165 18803564544.0
1166 18803564544.0
1167 18803564544.0
1168 18803564544.0
1169 18803564544.0
1170 18803564544.0
1171 18803564544.0
1172 18803564544.0
1173 18803564544.0
1174 18803564544.0
1175 18803564544.0
1176 18803564544.0
1177 18803564544.0
1178 18803564544.0
1179 18803564544.0
1180 18803564544.0
1181 18803564544.0
1182 18803564544.0
1183 18803564544.0
1184 18803564544.0
1185 18803564544.0
1186 18803564544.0
1187 18803564544.0
1188 18803564544.0
1189 18803564544.0
1190 18803564544.0
1191 18803564544.0
1192 18803564544.0
1193 18803564544.0
1194 18803564544.0
1195 18803564544.0
1196 18803564544.0
1197 18803564544.0
1198 18803564544.0
1199 18803564544.0
1200 18803564544.0
1201 18803564544.0
1202 18803564544.0
1203 18803564544.0
1204 18803564544.0
1205 18803564544.0
1206 18862313472.0
1207 18803564544.0
1208 18803564544.0
1209 18803564544.0
1210 18803564544.0
1211 18803564544.0
1212 18803564544.0
1213 18803564544.0
1214 18921062400.0
1215 19097309184.0
1216 19198021632.0
1217 19088916480.0
1218 19088916480.0
1219 19088916480.0
1220 19088916480.0
1221 19088916480.0
1222 19088916480.0
1223 19088916480.0
1224 19088916480.0
1225 19088916480.0
1226 19172843520.0
1227 19088916480.0
1228 19088916480.0
1229 19088916480.0
1230 19088916480.0
1231 19088916480.0
1232 19088916480.0
1233 19088916480.0
1234 19088916480.0
1235 19088916480.0
1236 19172843520.0
1237 19088916480.0
1238 19088916480.0
1239 19088916480.0
1240 19088916480.0
1241 19088916480.0
1242 19088916480.0
1243 19088916480.0
1244 19088916480.0
1245 19088916480.0
1246 19114094592.0
1247 19088916480.0
1248 19088916480.0
1249 19088916480.0
1250 19088916480.0
1251 19088916480.0
1252 19088916480.0
1253 19088916480.0
1254 19088916480.0
1255 19088916480.0
1256 19088916480.0
1257 19088916480.0
1258 19088916480.0
1259 19088916480.0
1260 19088916480.0
1261 19088916480.0
1262 19088916480.0
1263 19088916480.0
1264 19088916480.0
1265 19088916480.0
1266 19088916480.0
1267 19088916480.0
1268 19088916480.0
1269 19088916480.0
1270 19088916480.0
1271 19088916480.0
1272 19088916480.0
1273 19088916480.0
1274 19214807040.0
1275 19349090304.0
1276 19349090304.0
1277 19391053824.0
1278 19391053824.0
1279 19391053824.0
1280 19391053824.0
1281 19391053824.0
1282 19391053824.0
1283 19391053824.0
1284 19391053824.0
1285 19391053824.0
1286 19391053824.0
1287 19391053824.0
1288 19391053824.0
1289 19391053824.0
1290 19391053824.0
1291 19391053824.0
1292 19391053824.0
1293 19391053824.0
1294 19391053824.0
1295 19391053824.0
1296 19391053824.0
1297 19433017344.0
1298 19391053824.0
1299 19391053824.0
1300 19391053824.0
1301 19391053824.0
1302 19391053824.0
1303 19391053824.0
1304 19391053824.0
1305 19391053824.0
1306 19391053824.0
1307 19516944384.0
1308 19391053824.0
1309 19391053824.0
1310 19391053824.0
1311 19391053824.0
1312 19391053824.0
1313 19391053824.0
1314 19391053824.0
1315 19391053824.0
1316 19391053824.0
1317 19491766272.0
1318 19391053824.0
1319 19391053824.0
1320 19391053824.0
1321 19391053824.0
1322 19391053824.0
1323 19391053824.0
1324 19391053824.0
1325 19391053824.0
1326 19391053824.0
1327 19533729792.0
1328 19391053824.0
1329 19391053824.0
1330 19391053824.0
1331 19391053824.0
1332 19516944384.0
1333 19088916480.0
1334 19088916480.0
1335 19088916480.0
1336 19088916480.0
1337 19139272704.0
1338 19088916480.0
1339 19088916480.0
1340 19088916480.0
1341 19088916480.0
1342 19088916480.0
1343 19088916480.0
1344 19088916480.0
1345 19088916480.0
1346 19088916480.0
1347 19223199744.0
1348 19088916480.0
1349 19088916480.0
1350 19088916480.0
1351 19088916480.0
1352 19088916480.0
1353 19088916480.0
1354 19088916480.0
1355 19088916480.0
1356 19088916480.0
1357 19122487296.0
1358 19088916480.0
1359 19088916480.0
1360 19088916480.0
1361 19088916480.0
1362 19088916480.0
1363 19088916480.0
1364 19088916480.0
1365 19088916480.0
1366 19088916480.0
1367 19088916480.0
1368 19088916480.0
1369 19088916480.0
1370 19088916480.0
1371 19088916480.0
1372 19088916480.0
1373 19088916480.0
1374 19088916480.0
1375 19088916480.0
1376 19088916480.0
1377 19088916480.0
1378 19088916480.0
1379 19088916480.0
1380 19088916480.0
1381 19088916480.0
1382 19088916480.0
1383 19088916480.0
1384 19088916480.0
1385 19088916480.0
1386 19088916480.0
1387 19088916480.0
1388 19088916480.0
1389 19088916480.0
1390 19088916480.0
1391 19088916480.0
1392 19181236224.0
1393 18803564544.0
1394 18803564544.0
1395 18803564544.0
1396 18803564544.0
1397 18803564544.0
1398 18828742656.0
1399 18803564544.0
1400 18803564544.0
1401 18803564544.0
1402 18803564544.0
1403 18803564544.0
1404 18803564544.0
1405 18803564544.0
1406 18803564544.0
1407 18803564544.0
1408 18870706176.0
1409 18803564544.0
1410 18803564544.0
1411 18803564544.0
1412 18803564544.0
1413 18803564544.0
1414 18803564544.0
1415 18803564544.0
1416 18803564544.0
1417 18803564544.0
1418 18879098880.0
1419 18803564544.0
1420 18803564544.0
1421 18803564544.0
1422 18803564544.0
1423 18803564544.0
1424 18803564544.0
1425 18803564544.0
1426 18803564544.0
1427 18803564544.0
1428 18870706176.0
1429 18803564544.0
1430 18803564544.0
1431 18803564544.0
1432 18803564544.0
1433 18803564544.0
1434 18803564544.0
1435 18803564544.0
1436 18803564544.0
1437 18803564544.0
1438 18837135360.0
1439 18803564544.0
1440 18803564544.0
1441 18803564544.0
1442 18803564544.0
1443 18803564544.0
1444 18803564544.0
1445 18803564544.0
1446 18803564544.0
1447 18803564544.0
1448 18811957248.0
1449 18803564544.0
1450 18803564544.0
1451 18803564544.0
1452 18870706176.0
1453 18534998016.0
1454 18534998016.0
1455 18534998016.0
1456 18534998016.0
1457 18534998016.0
1458 18534998016.0
1459 18534998016.0
1460 18534998016.0
1461 18534998016.0
1462 18534998016.0
1463 18534998016.0
1464 18534998016.0
1465 18534998016.0
1466 18534998016.0
1467 18534998016.0
1468 18534998016.0
1469 18534998016.0
1470 18534998016.0
1471 18534998016.0
1472 18534998016.0
1473 18534998016.0
1474 18534998016.0
1475 18534998016.0
1476 18534998016.0
1477 18534998016.0
1478 18534998016.0
1479 18534998016.0
1480 18534998016.0
1481 18534998016.0
1482 18534998016.0
1483 18534998016.0
1484 18534998016.0
1485 18534998016.0
1486 18534998016.0
1487 18534998016.0
1488 18534998016.0
1489 18576961536.0
1490 18534998016.0
1491 18534998016.0
1492 18534998016.0
1493 18534998016.0
1494 18534998016.0
1495 18534998016.0
1496 18534998016.0
1497 18534998016.0
1498 18534998016.0
1499 18585354240.0
1500 18534998016.0
1501 18534998016.0
1502 18534998016.0
1503 18534998016.0
1504 18534998016.0
1505 18534998016.0
1506 18534998016.0
1507 18534998016.0
1508 18534998016.0
1509 18585354240.0
1510 18534998016.0
1511 18534998016.0
1512 18585354240.0
1513 18283216896.0
1514 18283216896.0
1515 18283216896.0
1516 18283216896.0
1517 18283216896.0
1518 18283216896.0
1519 18308395008.0
1520 18283216896.0
1521 18283216896.0
1522 18283216896.0
1523 18283216896.0
1524 18283216896.0
1525 18283216896.0
1526 18283216896.0
1527 18283216896.0
1528 18283216896.0
1529 18300002304.0
1530 18283216896.0
1531 18283216896.0
1532 18283216896.0
1533 18283216896.0
1534 18283216896.0
1535 18283216896.0
1536 18283216896.0
1537 18283216896.0
1538 18283216896.0
1539 18341965824.0
1540 18283216896.0
1541 18283216896.0
1542 18283216896.0
1543 18283216896.0
1544 18283216896.0
1545 18283216896.0
1546 18283216896.0
1547 18283216896.0
1548 18283216896.0
1549 18300002304.0
1550 18283216896.0
1551 18283216896.0
1552 18283216896.0
1553 18283216896.0
1554 18283216896.0
1555 18283216896.0
1556 18283216896.0
1557 18283216896.0
1558 18283216896.0
1559 18283216896.0
1560 18283216896.0
1561 18283216896.0
1562 18283216896.0
1563 18283216896.0
1564 18283216896.0
1565 18283216896.0
1566 18283216896.0
1567 18283216896.0
1568 18283216896.0
1569 18283216896.0
1570 18283216896.0
1571 18283216896.0
1572 18308395008.0
1573 18048221184.0
1574 18048221184.0
1575 18048221184.0
1576 18048221184.0
1577 18048221184.0
1578 18048221184.0
1579 18048221184.0
1580 18048221184.0
1581 18048221184.0
1582 18048221184.0
1583 18048221184.0
1584 18048221184.0
1585 18048221184.0
1586 18048221184.0
1587 18048221184.0
1588 18048221184.0
1589 18048221184.0
1590 18048221184.0
1591 18048221184.0
1592 18048221184.0
1593 18048221184.0
1594 18048221184.0
1595 18048221184.0
1596 18048221184.0
1597 18048221184.0
1598 18048221184.0
1599 18048221184.0
1600 18048221184.0
1601 18048221184.0
1602 18048221184.0
1603 18048221184.0
1604 18048221184.0
1605 18048221184.0
1606 18048221184.0
1607 18048221184.0
1608 18048221184.0
1609 18048221184.0
1610 18048221184.0
1611 18048221184.0
1612 18048221184.0
1613 18048221184.0
1614 18048221184.0
1615 18048221184.0
1616 18048221184.0
1617 18048221184.0
1618 18048221184.0
1619 18048221184.0
1620 18048221184.0
1621 18048221184.0
1622 18048221184.0
1623 18048221184.0
1624 18048221184.0
1625 18048221184.0
1626 18048221184.0
1627 18048221184.0
1628 18048221184.0
1629 18048221184.0
1630 18048221184.0
1631 18048221184.0
1632 18048221184.0
1633 17830010880.0
1634 17830010880.0
1635 17830010880.0
1636 17830010880.0
1637 17830010880.0
1638 17830010880.0
1639 17830010880.0
1640 17830010880.0
1641 17821618176.0
1642 17821618176.0
1643 17821618176.0
1644 17821618176.0
1645 17821618176.0
1646 17821618176.0
1647 17821618176.0
1648 17821618176.0
1649 17821618176.0
1650 17846796288.0
1651 17821618176.0
1652 17821618176.0
1653 17821618176.0
1654 17821618176.0
1655 17821618176.0
1656 17821618176.0
1657 17821618176.0
1658 17821618176.0
1659 17821618176.0
1660 17846796288.0
1661 17821618176.0
1662 17821618176.0
1663 17821618176.0
1664 17821618176.0
1665 17821618176.0
1666 17821618176.0
1667 17821618176.0
1668 17821618176.0
1669 17821618176.0
1670 17830010880.0
1671 17830010880.0
1672 17830010880.0
1673 17830010880.0
1674 17830010880.0
1675 17830010880.0
1676 17830010880.0
1677 17830010880.0
1678 17830010880.0
1679 17830010880.0
1680 17830010880.0
1681 17830010880.0
1682 17830010880.0
1683 17830010880.0
1684 17830010880.0
1685 17830010880.0
1686 17830010880.0
1687 17830010880.0
1688 17830010880.0
1689 17830010880.0
1690 17838403584.0
1691 17830010880.0
1692 17746083840.0
1693 17527873536.0
1694 17527873536.0
1695 17527873536.0
1696 17527873536.0
1697 17527873536.0
1698 17527873536.0
1699 17527873536.0
1700 17527873536.0
1701 17527873536.0
1702 17527873536.0
1703 17527873536.0
1704 17527873536.0
1705 17527873536.0
1706 17527873536.0
1707 17519480832.0
1708 17519480832.0
1709 17519480832.0
1710 17519480832.0
1711 17519480832.0
1712 17519480832.0
1713 17519480832.0
1714 17519480832.0
1715 17519480832.0
1716 17519480832.0
1717 17519480832.0
1718 17519480832.0
1719 17519480832.0
1720 17519480832.0
1721 17519480832.0
1722 17519480832.0
1723 17519480832.0
1724 17519480832.0
1725 17519480832.0
1726 17519480832.0
1727 17519480832.0
1728 17519480832.0
1729 17519480832.0
1730 17519480832.0
1731 17519480832.0
1732 17519480832.0
1733 17519480832.0
1734 17519480832.0
1735 17519480832.0
1736 17519480832.0
1737 17519480832.0
1738 17519480832.0
1739 17519480832.0
1740 17519480832.0
1741 17519480832.0
1742 17519480832.0
1743 17519480832.0
1744 17519480832.0
1745 17519480832.0
1746 17519480832.0
1747 17519480832.0
1748 17519480832.0
1749 17519480832.0
1750 17519480832.0
1751 17519480832.0
1752 17519480832.0
1753 17519480832.0
1754 17519480832.0
1755 17519480832.0
1756 17519480832.0
1757 17519480832.0
1758 17519480832.0
1759 17519480832.0
1760 17519480832.0
1761 17519480832.0
1762 17519480832.0
1763 17519480832.0
1764 17519480832.0
1765 17519480832.0
1766 17519480832.0
1767 17519480832.0
1768 17519480832.0
1769 17519480832.0
1770 17519480832.0
1771 17519480832.0
1772 17519480832.0
1773 17519480832.0
1774 17519480832.0
1775 17519480832.0
1776 17519480832.0
1777 17519480832.0
1778 17519480832.0
1779 17519480832.0
1780 17519480832.0
1781 17519480832.0
1782 17519480832.0
1783 17519480832.0
1784 17519480832.0
1785 17519480832.0
1786 17519480832.0
1787 17519480832.0
1788 17519480832.0
1789 17519480832.0
1790 17519480832.0
1791 17519480832.0
1792 17519480832.0
1793 17519480832.0
1794 17519480832.0
1795 17519480832.0
1796 17519480832.0
1797 17519480832.0
1798 17519480832.0
1799 17519480832.0
1800 17519480832.0
1801 17519480832.0
1802 17519480832.0
1803 17519480832.0
1804 17519480832.0
1805 17519480832.0
1806 17519480832.0
1807 17519480832.0
1808 17519480832.0
1809 17519480832.0
1810 17519480832.0
1811 17519480832.0
1812 17519480832.0
1813 17519480832.0
1814 17519480832.0
1815 17519480832.0
1816 17519480832.0
1817 17519480832.0
1818 17519480832.0
