0 0.0
1 208.8
2 551.0
3 642.0
4 715.0
5 575.0
6 48.0
7 1.0
8 0.0
9 1.0
10 1.0
11 0.0
12 0.0
13 4.0
14 615.4
15 507.8
16 291.1
17 12.0
18 0.0
19 0.0
20 0.0
21 0.0
22 0.0
23 1.0
24 0.0
25 0.0
26 0.0
27 1.0
28 0.0
29 0.0
30 0.0
31 0.0
32 0.0
33 0.0
34 0.0
35 1.0
36 0.0
37 0.0
38 0.0
39 0.0
40 0.0
41 1.0
42 0.0
43 0.0
44 0.0
45 0.0
46 0.0
47 0.0
48 1.0
49 0.0
50 0.0
51 0.0
52 0.0
53 1.0
54 0.0
55 0.0
56 0.0
57 0.0
58 0.0
59 0.0
60 0.0
61 0.0
62 0.0
63 1.0
64 0.0
65 0.0
66 0.0
67 1.0
68 0.0
69 0.0
70 1.0
71 0.0
72 83.0
73 63.0
74 12.0
75 5.0
76 12.0
77 3.0
78 3.0
79 3.0
80 11.0
81 2.0
82 5.0
83 12.0
84 10.0
85 2.0
86 5.0
87 16.0
88 8.0
89 2.0
90 17.0
91 3.0
92 2.0
93 19.0
94 3.0
95 2.0
96 11.0
97 6.0
98 13.0
99 2.0
100 3.0
101 6.0
102 3.0
103 14.0
104 1.0
105 4.0
106 2.0
107 4.0
108 4.0
109 3.0
110 4.0
111 3.0
112 3.0
113 13.0
114 3.0
115 4.0
116 3.0
117 4.0
118 4.0
119 2.0
120 4.0
121 3.0
122 4.0
123 11.0
124 3.0
125 2.0
126 2.0
127 5.0
128 4.0
129 3.0
130 9.0
131 3.0
132 3.0
133 12.0
134 4.0
135 14.0
136 3.0
137 4.0
138 6.0
139 3.0
140 4.0
141 2.0
142 3.0
143 13.0
144 3.0
145 3.0
146 4.0
147 4.0
148 7.0
149 4.0
150 3.0
151 5.0
152 3.0
153 10.0
154 4.0
155 3.0
156 3.0
157 4.0
158 6.0
159 4.0
160 3.0
161 3.0
162 5.0
163 10.0
164 3.0
165 2.0
166 4.0
167 5.0
168 4.0
169 3.0
170 5.0
171 3.0
172 4.0
173 10.0
174 4.0
175 3.0
176 2.0
177 4.0
178 3.0
179 4.0
180 3.0
181 5.0
182 3.0
183 12.0
184 4.0
185 3.0
186 3.0
187 4.0
188 4.0
189 3.0
190 5.0
191 3.0
192 3.0
193 12.0
194 3.0
195 5.0
196 4.0
197 5.0
198 5.0
199 4.0
200 5.0
201 4.0
202 5.0
203 13.0
204 4.0
205 4.0
206 5.0
207 6.0
208 5.0
209 4.0
210 10.0
211 6.0
212 11.0
213 9.0
214 5.0
215 5.0
216 3.0
217 5.0
218 7.0
219 4.0
220 4.0
221 4.0
222 6.0
223 12.0
224 4.0
225 5.0
226 3.0
227 5.0
228 8.0
229 4.0
230 5.0
231 4.0
232 6.0
233 9.0
234 4.0
235 5.0
236 4.0
237 5.0
238 8.0
239 4.0
240 4.0
241 5.0
242 8.0
243 10.0
244 5.0
245 5.0
246 4.0
247 4.0
248 5.0
249 5.0
250 3.0
251 5.0
252 6.0
253 9.0
254 23.0
255 4.0
256 6.0
257 4.0
258 7.0
259 8.0
260 4.0
261 5.0
262 7.0
263 4.0
264 14.0
265 5.0
266 4.0
267 5.0
268 7.0
269 14.0
270 5.0
271 5.0
272 7.0
273 5.0
274 17.0
275 4.0
276 6.0
277 5.0
278 6.0
279 7.0
280 5.0
281 5.0
282 8.0
283 5.0
284 11.0
285 5.0
286 5.0
287 5.0
288 6.0
289 9.0
290 6.0
291 8.0
292 7.0
293 6.0
294 15.0
295 6.0
296 6.0
297 5.0
298 7.0
299 7.0
300 6.0
301 6.0
302 7.0
303 6.0
304 10.0
305 6.0
306 6.0
307 6.0
308 6.0
309 8.0
310 6.0
311 14.0
312 5.0
313 6.0
314 14.0
315 5.0
316 6.0
317 6.0
318 11.0
319 7.0
320 6.0
321 6.0
322 6.0
323 6.0
324 14.0
325 5.0
326 7.0
327 6.0
328 7.0
329 7.0
330 6.0
331 7.0
332 10.0
333 6.0
334 21.0
335 6.0
336 6.0
337 6.0
338 8.0
339 9.0
340 6.0
341 6.0
342 7.0
343 7.0
344 10.0
345 8.0
346 7.0
347 6.0
348 7.0
349 96.0
350 30.0
351 7.0
352 6.0
353 7.0
354 6.0
355 15.0
356 6.0
357 6.0
358 7.0
359 8.0
360 6.0
361 6.0
362 7.0
363 7.0
364 7.0
365 12.0
366 7.0
367 5.0
368 7.0
369 7.0
370 9.0
371 6.0
372 6.0
373 8.0
374 6.0
375 16.0
376 6.0
377 7.0
378 7.0
379 7.0
380 9.0
381 7.0
382 7.0
383 8.0
384 7.0
385 28.0
386 8.0
387 7.0
388 6.0
389 9.0
390 14.0
391 8.0
392 13.0
393 9.0
394 7.0
395 26.0
396 7.0
397 7.0
398 8.0
399 9.0
400 10.0
401 8.0
402 8.0
403 12.0
404 8.0
405 18.0
406 7.0
407 7.0
408 7.0
409 9.0
410 9.0
411 8.0
412 7.0
413 8.0
414 10.0
415 19.0
416 7.0
417 7.0
418 8.0
419 10.0
420 10.0
421 8.0
422 10.0
423 9.0
424 10.0
425 16.0
426 8.0
427 8.0
428 9.0
429 11.0
430 45.0
431 8.0
432 9.0
433 9.0
434 10.0
435 40.0
436 10.0
437 11.0
438 8.0
439 13.0
440 15.0
441 8.0
442 9.0
443 9.0
444 8.0
445 15.0
446 10.0
447 8.0
448 8.0
449 8.0
450 11.0
451 7.0
452 9.0
453 8.0
454 9.0
455 13.0
456 9.0
457 8.0
458 7.0
459 9.0
460 11.0
461 8.0
462 8.0
463 9.0
464 9.0
465 9.0
466 22.0
467 9.0
468 8.0
469 12.0
470 11.0
471 11.0
472 8.0
473 8.0
474 8.0
475 9.0
476 24.0
477 8.0
478 8.0
479 10.0
480 15.0
481 12.0
482 8.0
483 9.0
484 8.0
485 9.0
486 18.0
487 9.0
488 9.0
489 10.0
490 28.0
491 11.0
492 8.0
493 7.0
494 9.0
495 8.0
496 15.0
497 8.0
498 7.0
499 8.0
500 10.0
501 8.0
502 8.0
503 8.0
504 9.0
505 7.0
506 38.0
507 7.0
508 7.0
509 7.0
510 8.0
511 9.0
512 8.0
513 7.0
514 8.0
515 8.0
516 18.0
517 9.0
518 9.0
519 8.0
520 8.0
521 9.0
522 6.0
523 7.0
524 8.0
525 7.0
526 11.0
527 9.0
528 7.0
529 7.0
530 8.0
531 8.0
532 7.0
533 8.0
534 7.0
535 8.0
536 16.0
537 11.0
538 8.0
539 6.0
540 8.0
541 8.0
542 8.0
543 7.0
544 7.0
545 8.0
546 16.0
547 7.0
548 7.0
549 7.0
550 8.0
551 7.0
552 5.0
553 7.0
554 7.0
555 6.0
556 16.0
557 8.0
558 6.0
559 6.0
560 7.0
561 8.0
562 5.0
563 7.0
564 6.0
565 8.0
566 12.0
567 10.0
568 6.0
569 6.0
570 6.0
571 9.0
572 9.0
573 6.0
574 8.0
575 7.0
576 10.0
577 8.0
578 7.0
579 6.0
580 6.0
581 8.0
582 6.0
583 7.0
584 6.0
585 7.0
586 7.0
587 10.0
588 7.0
589 7.0
590 6.0
591 7.0
592 8.0
593 6.0
594 7.0
595 7.0
596 6.0
597 13.0
598 6.0
599 6.0
600 7.0
601 8.0
602 8.0
603 6.0
604 8.0
605 6.0
606 10.0
607 12.0
608 6.0
609 6.0
610 6.0
611 5.0
612 5.0
613 5.0
614 7.0
615 6.0
616 6.0
617 11.0
618 6.0
619 5.0
620 7.0
621 6.0
622 7.0
623 6.0
624 7.0
625 7.0
626 5.0
627 24.0
628 6.0
629 6.0
630 5.0
631 8.0
632 35.0
633 6.0
634 6.0
635 7.0
636 6.0
637 13.0
638 6.0
639 6.0
640 6.0
641 7.0
642 7.0
643 6.0
644 5.0
645 7.0
646 6.0
647 15.0
648 6.0
649 6.0
650 9.0
651 6.0
652 6.0
653 6.0
654 5.0
655 6.0
656 5.0
657 11.0
658 5.0
659 6.0
660 4.0
661 6.0
662 6.0
663 5.0
664 7.0
665 6.0
666 5.0
667 17.0
668 6.0
669 5.0
670 4.0
671 5.0
672 5.0
673 5.0
674 3.0
675 6.0
676 4.0
677 14.0
678 4.0
679 4.0
680 4.0
681 5.0
682 7.0
683 4.0
684 5.0
685 4.0
686 4.0
687 11.0
688 4.0
689 4.0
690 3.0
691 5.0
692 6.0
693 3.0
694 4.0
695 5.0
696 4.0
697 8.0
698 5.0
699 4.0
700 4.0
701 4.0
702 6.0
703 4.0
704 4.0
705 5.0
706 4.0
707 6.0
708 4.0
709 5.0
710 3.0
711 5.0
712 5.0
713 4.0
714 4.0
715 5.0
716 4.0
717 5.0
718 6.0
719 4.0
720 4.0
721 4.0
722 5.0
723 5.0
724 4.0
725 4.0
726 4.0
727 5.0
728 8.0
729 4.0
730 3.0
731 3.0
732 4.0
733 4.0
734 3.0
735 3.0
736 5.0
737 3.0
738 7.0
739 4.0
740 3.0
741 3.0
742 4.0
743 4.0
744 3.0
745 5.0
746 3.0
747 3.0
748 7.0
749 3.0
750 3.0
751 4.0
752 3.0
753 6.0
754 2.0
755 5.0
756 3.0
757 4.0
758 7.0
759 3.0
760 3.0
761 4.0
762 4.0
763 3.0
764 4.0
765 3.0
766 4.0
767 2.0
768 6.0
769 4.0
770 4.0
771 3.0
772 4.0
773 3.0
774 3.0
775 4.0
776 4.0
777 3.0
778 21.0
779 3.0
780 4.0
781 3.0
782 3.0
783 3.0
784 4.0
785 3.0
786 4.0
787 3.0
788 8.0
789 3.0
790 3.0
791 3.0
792 2.0
793 8.0
794 2.0
795 1.0
796 12.0
797 1.0
798 10.0
799 3.0
800 2.0
801 3.0
802 2.0
803 3.0
804 3.0
805 2.0
806 2.0
807 2.0
808 10.0
809 3.0
810 1.0
811 3.0
812 2.0
813 4.0
814 3.0
815 4.0
816 3.0
817 2.0
818 8.0
819 2.0
820 2.0
821 2.0
822 3.0
823 5.0
824 2.0
825 3.0
826 2.0
827 2.0
828 8.0
829 3.0
830 1.0
831 3.0
832 2.0
833 4.0
834 3.0
835 1.0
836 2.0
837 4.0
838 5.0
839 2.0
840 3.0
841 2.0
842 2.0
843 3.0
844 2.0
845 3.0
846 3.0
847 3.0
848 4.0
849 3.0
850 2.0
851 3.0
852 3.0
853 1.0
854 4.0
855 1.0
856 2.0
857 1.0
858 2.0
859 14.0
860 1.0
861 2.0
862 1.0
863 2.0
864 2.0
865 2.0
866 1.0
867 1.0
868 1.0
869 5.0
870 2.0
871 1.0
872 2.0
873 1.0
874 3.0
875 0.0
876 2.0
877 2.0
878 1.0
879 12.0
880 1.0
881 1.0
882 2.0
883 2.0
884 3.0
885 2.0
886 1.0
887 3.0
888 1.0
889 5.0
890 1.0
891 2.0
892 1.0
893 2.0
894 2.0
895 1.0
896 2.0
897 2.0
898 1.0
899 7.0
900 1.0
901 1.0
902 2.0
903 1.0
904 3.0
905 2.0
906 0.0
907 1.0
908 2.0
909 7.0
910 2.0
911 2.0
912 1.0
913 1.0
914 2.0
915 1.0
916 2.0
917 2.0
918 1.0
919 9.0
920 1.0
921 1.0
922 3.0
923 1.0
924 3.0
925 0.0
926 2.0
927 1.0
928 2.0
929 10.0
930 1.0
931 2.0
932 1.0
933 1.0
934 3.0
935 2.0
936 1.0
937 2.0
938 2.0
939 26.0
940 1.0
941 2.0
942 1.0
943 1.0
944 2.0
945 1.0
