0 0.0
1 296387.0
2 298328.0
3 71273.0
4 5694.0
5 3066.0
6 3136.0
7 3066.0
8 2920.0
9 3066.0
10 3136.0
11 2357.0
12 792.0
13 0.0
14 396.0
15 0.0
16 2479.0
17 35417.0
18 0.0
19 0.0
20 0.0
21 0.0
22 0.0
23 0.0
24 396.0
25 0.0
26 0.0
27 0.0
28 0.0
29 42.0
30 42.0
31 42.0
32 0.0
33 0.0
34 0.0
35 0.0
36 0.0
37 42.0
38 42.0
39 42.0
40 0.0
41 0.0
42 0.0
43 2323.0
44 3763.0
45 0.0
46 0.0
47 0.0
48 0.0
49 0.0
50 0.0
51 42.0
52 42.0
53 42.0
54 0.0
55 0.0
56 0.0
57 0.0
58 0.0
59 0.0
60 0.0
61 0.0
62 0.0
63 0.0
64 0.0
65 0.0
66 0.0
67 0.0
68 0.0
69 0.0
70 3451.0
71 3779.0
72 12001.0
73 15390.0
74 11707.0
75 14732.0
76 16058.0
77 18115.0
78 14307.0
79 17506.0
80 17676.0
81 19747.0
82 22192.0
83 22954.0
84 24345.0
85 25563.0
86 27068.0
87 29483.0
88 30948.0
89 32914.0
90 35030.0
91 38101.0
92 40126.0
93 44098.0
94 46884.0
95 53241.0
96 56208.0
97 56065.0
98 59862.0
99 67116.0
100 72124.0
101 71812.0
102 72810.0
103 74080.0
104 71116.0
105 72771.0
106 70841.0
107 71974.0
108 71328.0
109 72178.0
110 72490.0
111 72113.0
112 72254.0
113 75236.0
114 68532.0
115 71329.0
116 72037.0
117 71964.0
118 72684.0
119 72023.0
120 71064.0
121 72949.0
122 72014.0
123 76566.0
124 70680.0
125 69838.0
126 71437.0
127 72025.0
128 72058.0
129 72069.0
130 127234.0
131 143866.0
132 83779.0
133 92712.0
134 83853.0
135 91035.0
136 90874.0
137 93633.0
138 94283.0
139 96016.0
140 97600.0
141 99258.0
142 101315.0
143 108001.0
144 102642.0
145 105975.0
146 108111.0
147 110361.0
148 114331.0
149 115479.0
150 121856.0
151 124835.0
152 126901.0
153 137702.0
154 131861.0
155 136527.0
156 140846.0
157 143987.0
158 143098.0
159 142415.0
160 144054.0
161 144233.0
162 143974.0
163 154725.0
164 138001.0
165 140970.0
166 142814.0
167 143616.0
168 143708.0
169 142302.0
170 146526.0
171 143544.0
172 145281.0
173 158863.0
174 135657.0
175 142110.0
176 141906.0
177 143809.0
178 142533.0
179 143305.0
180 144561.0
181 144391.0
182 143868.0
183 158553.0
184 136047.0
185 141090.0
186 142783.0
187 141937.0
188 143660.0
189 143553.0
190 233126.0
191 171369.0
192 148176.0
193 186418.0
194 157301.0
195 160303.0
196 164458.0
197 168476.0
198 163429.0
199 171407.0
200 170520.0
201 172908.0
202 173521.0
203 194543.0
204 168125.0
205 176820.0
206 180138.0
207 186382.0
208 189066.0
209 192444.0
210 197720.0
211 200330.0
212 204044.0
213 229960.0
214 202091.0
215 209327.0
216 211918.0
217 214932.0
218 218030.0
219 216102.0
220 214507.0
221 216328.0
222 217770.0
223 239458.0
224 206103.0
225 211023.0
226 212033.0
227 214586.0
228 213777.0
229 216085.0
230 216061.0
231 216231.0
232 215104.0
233 223348.0
234 221548.0
235 210143.0
236 213261.0
237 214147.0
238 214342.0
239 215327.0
240 215550.0
241 215775.0
242 217611.0
243 223843.0
244 227451.0
245 206333.0
246 212603.0
247 213061.0
248 218828.0
249 216022.0
250 311453.0
251 271598.0
252 228233.0
253 234008.0
254 249225.0
255 227451.0
256 232368.0
257 235371.0
258 238335.0
259 238605.0
260 240170.0
261 241786.0
262 244372.0
263 245407.0
264 269679.0
265 237581.0
266 246758.0
267 254967.0
268 259048.0
269 261192.0
270 266992.0
271 267896.0
272 273712.0
273 275385.0
274 300271.0
275 274964.0
276 279944.0
277 286007.0
278 285713.0
279 287861.0
280 287103.0
281 288062.0
282 288225.0
283 287246.0
284 313050.0
285 274887.0
286 281756.0
287 283588.0
288 288959.0
289 288460.0
290 287592.0
291 284543.0
292 291756.0
293 286923.0
294 314489.0
295 275287.0
296 284071.0
297 290273.0
298 281954.0
299 288169.0
300 287789.0
301 287105.0
302 287614.0
303 288837.0
304 317781.0
305 273557.0
306 278883.0
307 285252.0
308 286562.0
309 285256.0
310 384294.0
311 315512.0
312 298951.0
313 310084.0
314 337383.0
315 293136.0
316 309824.0
317 306183.0
318 313455.0
319 320057.0
320 316590.0
321 319429.0
322 322973.0
323 322622.0
324 364864.0
325 309847.0
326 323641.0
327 333968.0
328 336950.0
329 342691.0
330 347228.0
331 349212.0
332 353809.0
333 359839.0
334 403137.0
335 338114.0
336 351450.0
337 351284.0
338 361449.0
339 363389.0
340 354426.0
341 365738.0
342 358195.0
343 360473.0
344 367996.0
345 381157.0
346 347917.0
347 353786.0
348 354880.0
349 358612.0
350 358509.0
351 361995.0
352 358850.0
353 359588.0
354 359473.0
355 392551.0
356 343158.0
357 352663.0
358 357839.0
359 355665.0
360 358941.0
361 359841.0
362 359793.0
363 362054.0
364 358369.0
365 398510.0
366 343290.0
367 349109.0
368 364395.0
369 354749.0
370 487565.0
371 398024.0
372 371231.0
373 376509.0
374 375669.0
375 412690.0
376 358143.0
377 374086.0
378 376035.0
379 379343.0
380 382108.0
381 383766.0
382 385157.0
383 386560.0
384 388691.0
385 424064.0
386 375172.0
387 384877.0
388 395045.0
389 398940.0
390 404955.0
391 404780.0
392 406308.0
393 421410.0
394 417370.0
395 466250.0
396 402717.0
397 417766.0
398 424766.0
399 430526.0
400 429828.0
401 430040.0
402 431588.0
403 431473.0
404 431432.0
405 487379.0
406 402358.0
407 417550.0
408 426966.0
409 427464.0
410 429262.0
411 436304.0
412 430121.0
413 433281.0
414 436264.0
415 482079.0
416 403982.0
417 424637.0
418 426996.0
419 433661.0
420 429383.0
421 429096.0
422 432099.0
423 431467.0
424 432107.0
425 487270.0
426 401077.0
427 420164.0
428 424242.0
429 429018.0
430 517511.0
431 462055.0
432 443448.0
433 450997.0
434 448947.0
435 499510.0
436 441813.0
437 445110.0
438 450858.0
439 468701.0
440 457079.0
441 463114.0
442 475783.0
443 470374.0
444 474969.0
445 481421.0
446 507015.0
447 464031.0
448 481228.0
449 486327.0
450 489937.0
451 494861.0
452 501897.0
453 504035.0
454 503337.0
455 504810.0
456 538504.0
457 484972.0
458 496400.0
459 498497.0
460 505406.0
461 497953.0
462 502631.0
463 511929.0
464 503115.0
465 506012.0
466 545228.0
467 484146.0
468 494189.0
469 504681.0
470 500405.0
471 502309.0
472 503968.0
473 503661.0
474 502005.0
475 506081.0
476 555724.0
477 477202.0
478 490298.0
479 498782.0
480 501346.0
481 499740.0
482 503564.0
483 502923.0
484 504541.0
485 504513.0
486 560128.0
487 474981.0
488 498608.0
489 496541.0
490 484622.0
491 406783.0
492 444121.0
493 442123.0
494 432407.0
495 432872.0
496 484194.0
497 406994.0
498 418404.0
499 427665.0
500 429350.0
501 429605.0
502 429720.0
503 432101.0
504 431995.0
505 430577.0
506 483038.0
507 406199.0
508 420545.0
509 426059.0
510 432332.0
511 427883.0
512 436457.0
513 432089.0
514 430300.0
515 438176.0
516 489534.0
517 400452.0
518 420387.0
519 425941.0
520 428377.0
521 427993.0
522 431955.0
523 431878.0
524 430687.0
525 431223.0
526 470373.0
527 423306.0
528 418603.0
529 425525.0
530 430214.0
531 428434.0
532 428781.0
533 432181.0
534 433072.0
535 430404.0
536 470458.0
537 431459.0
538 414182.0
539 430621.0
540 430611.0
541 431170.0
542 430674.0
543 431401.0
544 431195.0
545 432276.0
546 463036.0
547 430613.0
548 416949.0
549 424850.0
550 426446.0
551 326304.0
552 390812.0
553 378544.0
554 366218.0
555 361040.0
556 365448.0
557 382902.0
558 350930.0
559 352719.0
560 356987.0
561 364940.0
562 359023.0
563 357659.0
564 363269.0
565 359089.0
566 359309.0
567 387284.0
568 346941.0
569 355044.0
570 356675.0
571 355936.0
572 359698.0
573 360306.0
574 358807.0
575 359648.0
576 360750.0
577 388223.0
578 346236.0
579 352158.0
580 358826.0
581 357475.0
582 357110.0
583 363872.0
584 356633.0
585 359474.0
586 366175.0
587 392724.0
588 343572.0
589 355734.0
590 357169.0
591 360092.0
592 356130.0
593 358470.0
594 359461.0
595 359829.0
596 360318.0
597 391822.0
598 341668.0
599 353937.0
600 356302.0
601 359173.0
602 358510.0
603 358686.0
604 358520.0
605 359620.0
606 362301.0
607 398214.0
608 340900.0
609 348541.0
610 324302.0
611 286303.0
612 296773.0
613 295992.0
614 287943.0
615 288739.0
616 289180.0
617 313848.0
618 276070.0
619 282246.0
620 285133.0
621 285477.0
622 287251.0
623 287349.0
624 288659.0
625 287469.0
626 287524.0
627 316177.0
628 274560.0
629 280597.0
630 284462.0
631 290225.0
632 287086.0
633 288334.0
634 290112.0
635 286257.0
636 286640.0
637 328932.0
638 268466.0
639 278631.0
640 284757.0
641 284237.0
642 286851.0
643 286572.0
644 287421.0
645 287574.0
646 287630.0
647 319171.0
648 272419.0
649 280896.0
650 285830.0
651 285646.0
652 286090.0
653 288999.0
654 286392.0
655 287384.0
656 291639.0
657 326476.0
658 266470.0
659 284147.0
660 282081.0
661 287493.0
662 287886.0
663 287749.0
664 287375.0
665 287785.0
666 287715.0
667 323999.0
668 269760.0
669 278745.0
670 263509.0
671 213710.0
672 216822.0
673 214333.0
674 216848.0
675 216177.0
676 216352.0
677 244466.0
678 202410.0
679 210637.0
680 214336.0
681 217815.0
682 215242.0
683 215933.0
684 214845.0
685 219032.0
686 216228.0
687 241823.0
688 203465.0
689 211600.0
690 213514.0
691 213946.0
692 216016.0
693 215965.0
694 216636.0
695 216453.0
696 216214.0
697 238501.0
698 208150.0
699 209109.0
700 213835.0
701 214647.0
702 215938.0
703 215874.0
704 215184.0
705 220128.0
706 216091.0
707 215741.0
708 238479.0
709 207746.0
710 212323.0
711 216071.0
712 214940.0
713 214378.0
714 215864.0
715 216428.0
716 215769.0
717 216955.0
718 234005.0
719 208333.0
720 212972.0
721 214288.0
722 216414.0
723 215175.0
724 216147.0
725 216787.0
726 215630.0
727 217007.0
728 235465.0
729 207490.0
730 205971.0
731 142837.0
732 144365.0
733 144044.0
734 145255.0
735 144500.0
736 144310.0
737 144817.0
738 160163.0
739 136945.0
740 140891.0
741 142748.0
742 144214.0
743 142355.0
744 144642.0
745 144348.0
746 144744.0
747 144089.0
748 157997.0
749 137312.0
750 141781.0
751 143788.0
752 142679.0
753 144139.0
754 146666.0
755 144467.0
756 145229.0
757 145632.0
758 159230.0
759 137675.0
760 139557.0
761 143313.0
762 144049.0
763 142833.0
764 143621.0
765 143748.0
766 144029.0
767 144752.0
768 158633.0
769 137323.0
770 141252.0
771 141614.0
772 144553.0
773 144551.0
774 144442.0
775 145799.0
776 142943.0
777 145339.0
778 161710.0
779 138611.0
780 135389.0
781 145737.0
782 144899.0
783 141116.0
784 147182.0
785 144386.0
786 144396.0
787 144642.0
788 161317.0
789 134092.0
790 135851.0
791 72485.0
792 72031.0
793 71245.0
794 71856.0
795 71978.0
796 72479.0
797 72466.0
798 81228.0
799 67769.0
800 71345.0
801 71433.0
802 72742.0
803 73927.0
804 71118.0
805 72702.0
806 73324.0
807 72212.0
808 81783.0
809 68103.0
810 69579.0
811 71875.0
812 72335.0
813 72536.0
814 71935.0
815 72406.0
816 72558.0
817 72500.0
818 73804.0
819 75931.0
820 70037.0
821 70322.0
822 72038.0
823 72514.0
824 72744.0
825 72610.0
826 72180.0
827 73496.0
828 72041.0
829 78763.0
830 71099.0
831 70956.0
832 71050.0
833 72575.0
834 72598.0
835 71867.0
836 73011.0
837 72757.0
838 72830.0
839 77212.0
840 70506.0
841 70919.0
842 72615.0
843 71383.0
844 72390.0
845 72389.0
846 72324.0
847 72659.0
848 72817.0
849 77334.0
850 70470.0
851 70508.0
852 35560.0
853 590.0
854 590.0
855 590.0
856 632.0
857 185.0
858 326.0
859 188.0
860 252.0
861 590.0
862 252.0
863 590.0
864 215.0
865 590.0
866 590.0
867 664.0
868 218.0
869 590.0
870 590.0
871 590.0
872 185.0
873 164.0
874 590.0
875 252.0
876 185.0
877 590.0
878 294.0
879 590.0
880 176.0
881 920.0
882 318.0
883 326.0
884 252.0
885 252.0
886 590.0
887 176.0
888 363.0
889 590.0
890 590.0
891 176.0
892 326.0
893 590.0
894 590.0
895 590.0
896 590.0
897 226.0
898 590.0
899 590.0
900 590.0
901 226.0
902 632.0
903 590.0
904 590.0
905 222.0
906 559.0
907 632.0
908 664.0
909 226.0
910 590.0
911 176.0
912 590.0
913 229.0
914 590.0
915 590.0
916 164.0
917 326.0
918 371.0
919 590.0
920 590.0
921 371.0
922 590.0
923 590.0
924 590.0
925 252.0
926 854.0
927 242.0
928 656.0
929 590.0
930 176.0
931 590.0
932 590.0
933 368.0
934 230.0
935 590.0
936 252.0
937 252.0
938 226.0
939 590.0
940 590.0
941 252.0
942 303.0
943 590.0
944 164.0
945 164.0
