0 708608.0
1 708608.0
2 708608.0
3 708608.0
4 708608.0
5 1630208.0
6 1630208.0
7 1630208.0
8 1630208.0
9 1630208.0
10 1630208.0
11 1630208.0
12 1630208.0
13 1630208.0
14 1630208.0
15 1630208.0
16 1630208.0
17 1630208.0
18 1630208.0
19 1630208.0
20 1630208.0
21 1630208.0
22 1630208.0
23 1630208.0
24 1630208.0
25 1630208.0
26 1630208.0
27 1630208.0
28 1630208.0
29 1630208.0
30 1630208.0
31 1630208.0
32 1630208.0
33 1630208.0
34 1630208.0
35 1630208.0
36 1630208.0
37 1630208.0
38 1630208.0
39 1630208.0
40 1630208.0
41 1630208.0
42 1630208.0
43 1630208.0
44 1630208.0
45 1630208.0
46 1630208.0
47 1630208.0
48 1630208.0
49 1630208.0
50 1630208.0
51 1630208.0
52 1630208.0
53 1630208.0
54 1630208.0
55 1630208.0
56 1630208.0
57 1630208.0
58 1630208.0
59 1630208.0
60 1630208.0
61 1630208.0
62 1630208.0
63 1630208.0
64 1630208.0
65 1630208.0
66 1630208.0
67 1630208.0
68 1630208.0
69 1630208.0
70 1630208.0
71 1630208.0
72 1630208.0
73 1630208.0
74 1630208.0
75 1630208.0
76 1630208.0
77 1630208.0
78 1630208.0
79 1630208.0
80 1630208.0
81 1630208.0
82 1630208.0
83 1630208.0
84 1630208.0
85 1630208.0
86 1630208.0
87 1630208.0
88 1630208.0
89 1630208.0
90 1630208.0
91 1630208.0
92 1630208.0
93 1630208.0
94 1630208.0
95 1630208.0
96 1630208.0
97 1630208.0
98 1630208.0
99 1630208.0
100 1630208.0
101 1630208.0
102 1630208.0
103 1630208.0
104 1630208.0
105 1630208.0
106 1630208.0
107 1630208.0
108 1630208.0
109 1630208.0
110 1630208.0
111 1630208.0
112 1630208.0
113 1630208.0
114 1630208.0
115 1630208.0
116 1630208.0
117 1630208.0
118 1630208.0
119 1630208.0
120 1630208.0
121 1630208.0
122 1630208.0
123 1630208.0
124 1630208.0
125 1630208.0
126 1630208.0
127 1630208.0
128 1630208.0
129 1630208.0
130 1630208.0
131 1630208.0
132 1630208.0
133 1630208.0
134 1630208.0
135 1630208.0
136 1630208.0
137 1630208.0
138 1630208.0
139 1630208.0
140 1630208.0
141 1630208.0
142 1630208.0
143 1630208.0
144 1630208.0
145 1630208.0
146 1630208.0
147 1630208.0
148 1630208.0
149 1630208.0
150 1630208.0
151 1630208.0
152 1630208.0
153 1630208.0
154 1630208.0
155 1630208.0
156 1630208.0
157 1630208.0
158 1630208.0
159 1630208.0
160 1630208.0
161 1630208.0
162 1630208.0
163 1630208.0
164 1630208.0
165 1630208.0
166 1630208.0
167 1630208.0
168 1630208.0
169 1630208.0
170 1630208.0
171 1630208.0
172 1630208.0
173 1630208.0
174 1630208.0
175 1630208.0
176 1630208.0
177 1630208.0
178 1630208.0
179 1630208.0
180 1630208.0
181 1630208.0
182 1630208.0
183 1630208.0
184 1630208.0
185 1630208.0
186 1630208.0
187 1630208.0
188 1630208.0
189 1630208.0
190 1630208.0
191 1630208.0
192 1630208.0
193 1630208.0
194 1630208.0
195 1630208.0
196 1630208.0
197 1630208.0
198 1630208.0
199 1630208.0
200 1630208.0
201 1630208.0
202 1630208.0
203 1630208.0
204 1630208.0
205 1630208.0
206 1630208.0
207 1630208.0
208 1630208.0
209 1630208.0
210 1630208.0
211 1630208.0
212 1630208.0
213 1630208.0
214 1630208.0
215 1630208.0
216 1630208.0
217 1630208.0
218 1630208.0
219 1630208.0
220 1630208.0
221 1630208.0
222 1630208.0
223 1630208.0
224 1630208.0
225 1630208.0
226 1630208.0
227 1630208.0
228 1630208.0
229 1630208.0
230 1630208.0
231 1630208.0
232 1630208.0
233 1630208.0
234 1630208.0
235 1630208.0
236 1630208.0
237 1630208.0
238 1630208.0
239 1630208.0
240 1630208.0
241 1630208.0
242 1630208.0
243 1630208.0
244 1630208.0
245 1630208.0
246 1630208.0
247 1630208.0
248 1630208.0
249 1630208.0
250 1630208.0
251 1630208.0
252 1630208.0
253 1630208.0
254 1630208.0
255 1630208.0
256 1630208.0
257 1630208.0
258 1630208.0
259 1630208.0
260 1630208.0
261 1630208.0
262 1630208.0
263 1630208.0
264 1630208.0
265 1630208.0
266 1630208.0
267 1630208.0
268 1630208.0
269 1630208.0
270 1630208.0
271 1630208.0
272 1630208.0
273 1630208.0
274 1630208.0
275 1630208.0
276 1630208.0
277 1630208.0
278 1630208.0
279 1630208.0
280 1630208.0
281 1630208.0
282 1630208.0
283 1630208.0
284 1630208.0
285 1630208.0
286 1630208.0
287 1630208.0
288 1630208.0
289 1630208.0
290 1630208.0
291 1630208.0
292 1630208.0
293 1630208.0
294 1630208.0
295 1630208.0
296 1630208.0
297 1630208.0
298 1630208.0
299 1630208.0
300 1630208.0
301 1630208.0
302 1630208.0
303 1630208.0
304 1630208.0
305 1630208.0
306 1630208.0
307 1630208.0
308 1630208.0
309 1630208.0
310 1630208.0
311 1630208.0
312 1630208.0
313 1630208.0
314 1630208.0
315 1630208.0
316 1630208.0
317 1630208.0
318 1630208.0
319 1630208.0
320 1630208.0
321 1630208.0
322 1630208.0
323 1630208.0
324 1630208.0
325 1630208.0
326 1630208.0
327 1630208.0
328 1630208.0
329 1630208.0
330 1630208.0
331 1630208.0
332 1630208.0
333 1630208.0
334 1630208.0
335 1630208.0
336 1630208.0
337 1630208.0
338 1630208.0
339 1630208.0
340 1630208.0
341 1630208.0
342 1630208.0
343 1630208.0
344 1630208.0
345 1630208.0
346 1630208.0
347 1630208.0
348 1630208.0
349 1630208.0
350 1630208.0
351 1630208.0
352 1630208.0
353 1630208.0
354 1630208.0
355 1630208.0
356 1630208.0
357 1630208.0
358 1630208.0
359 1630208.0
360 1630208.0
361 1630208.0
362 1630208.0
363 1630208.0
364 1630208.0
365 1630208.0
366 1630208.0
367 1630208.0
368 1630208.0
369 1630208.0
370 1630208.0
371 1630208.0
372 1630208.0
373 1630208.0
374 1630208.0
375 1630208.0
376 1630208.0
377 1630208.0
378 1630208.0
379 1630208.0
380 1630208.0
381 1630208.0
382 1630208.0
383 1630208.0
384 1630208.0
385 1630208.0
386 1630208.0
387 1630208.0
388 1630208.0
389 1630208.0
390 1630208.0
391 1630208.0
392 1630208.0
393 1630208.0
394 1630208.0
395 1630208.0
396 1630208.0
397 1630208.0
398 1630208.0
399 1630208.0
400 1630208.0
401 1630208.0
402 1630208.0
403 1630208.0
404 1630208.0
405 1630208.0
406 1630208.0
407 1630208.0
408 1630208.0
409 1630208.0
410 1630208.0
411 1630208.0
412 1630208.0
413 1630208.0
414 1630208.0
415 1630208.0
416 1630208.0
417 1630208.0
418 1630208.0
419 1630208.0
420 1630208.0
421 1630208.0
422 1630208.0
423 1630208.0
424 1630208.0
425 1630208.0
426 1630208.0
427 1630208.0
428 1630208.0
429 1630208.0
430 1630208.0
431 1630208.0
432 1630208.0
433 1630208.0
434 1630208.0
435 1630208.0
436 1630208.0
437 1630208.0
438 1630208.0
439 1630208.0
440 1630208.0
441 1630208.0
442 1630208.0
443 1630208.0
444 1630208.0
445 1630208.0
446 1630208.0
447 1630208.0
448 1630208.0
449 1630208.0
450 1630208.0
451 1630208.0
452 1630208.0
453 1630208.0
454 1630208.0
455 1630208.0
456 1630208.0
457 1630208.0
458 1630208.0
459 1630208.0
460 1630208.0
461 1630208.0
462 1630208.0
463 1630208.0
464 1630208.0
465 1630208.0
466 1630208.0
467 1630208.0
468 1630208.0
469 1630208.0
470 1630208.0
471 1630208.0
472 1630208.0
473 1630208.0
474 1630208.0
475 1630208.0
476 1630208.0
477 1630208.0
478 1630208.0
479 1630208.0
480 1630208.0
481 1630208.0
482 1630208.0
483 1630208.0
484 1630208.0
485 1630208.0
486 1630208.0
487 1630208.0
488 1630208.0
489 1630208.0
490 1630208.0
491 1630208.0
492 1630208.0
493 1630208.0
494 1630208.0
495 1630208.0
496 1630208.0
497 1630208.0
498 1630208.0
499 1630208.0
500 1630208.0
501 1630208.0
502 1630208.0
503 1630208.0
504 1630208.0
505 1630208.0
506 1630208.0
507 1630208.0
508 1630208.0
509 1630208.0
510 1630208.0
511 1630208.0
512 1630208.0
513 1630208.0
514 1630208.0
515 1630208.0
516 1630208.0
517 1630208.0
518 1630208.0
519 1630208.0
520 1630208.0
521 1630208.0
522 1630208.0
523 1630208.0
524 1630208.0
525 1630208.0
526 1630208.0
527 1630208.0
528 1630208.0
529 1630208.0
530 1630208.0
531 1630208.0
532 1630208.0
533 1630208.0
534 1630208.0
535 1630208.0
536 1630208.0
537 1630208.0
538 1630208.0
539 1630208.0
540 1630208.0
541 1630208.0
542 1630208.0
543 1630208.0
544 1630208.0
545 1630208.0
546 1630208.0
547 1630208.0
548 1630208.0
549 1630208.0
550 1630208.0
551 1630208.0
552 1630208.0
553 1630208.0
554 1630208.0
555 1630208.0
556 1630208.0
557 1630208.0
558 1630208.0
559 1630208.0
560 1630208.0
561 1630208.0
562 1630208.0
563 1630208.0
564 1630208.0
565 1630208.0
566 1630208.0
567 1630208.0
568 1630208.0
569 1630208.0
570 1630208.0
571 1630208.0
572 1630208.0
573 1630208.0
574 1630208.0
575 1630208.0
576 1630208.0
577 1630208.0
578 1630208.0
579 1630208.0
580 1630208.0
581 1630208.0
582 1630208.0
583 1630208.0
584 1630208.0
585 1630208.0
586 1630208.0
587 1630208.0
588 1630208.0
589 1630208.0
590 1630208.0
591 1630208.0
592 1630208.0
593 1630208.0
594 1630208.0
595 1630208.0
596 1630208.0
597 1630208.0
598 1630208.0
599 1630208.0
600 1630208.0
601 1630208.0
602 1630208.0
603 1630208.0
604 1630208.0
605 1630208.0
606 1630208.0
607 1630208.0
608 1630208.0
609 1630208.0
610 1630208.0
611 1630208.0
612 1630208.0
613 1630208.0
614 1630208.0
615 1630208.0
616 1630208.0
617 1630208.0
618 1630208.0
619 1630208.0
620 1630208.0
621 1630208.0
622 1630208.0
623 1630208.0
624 1630208.0
625 1630208.0
626 1630208.0
627 1630208.0
628 1630208.0
629 1630208.0
630 1630208.0
631 1630208.0
632 1630208.0
633 1630208.0
634 1630208.0
635 1630208.0
636 1630208.0
637 1630208.0
638 1630208.0
639 1630208.0
640 1630208.0
641 1630208.0
642 1630208.0
643 1630208.0
644 1630208.0
645 1630208.0
646 1630208.0
647 1630208.0
648 1630208.0
649 1630208.0
650 1630208.0
651 1630208.0
652 1630208.0
653 1630208.0
654 1630208.0
655 1630208.0
656 1630208.0
657 1630208.0
658 1630208.0
659 1630208.0
660 1630208.0
661 1630208.0
662 1630208.0
663 1630208.0
664 1630208.0
665 1630208.0
666 1630208.0
667 1630208.0
668 1630208.0
669 1630208.0
670 1630208.0
671 1630208.0
672 1630208.0
673 1630208.0
674 1630208.0
675 1630208.0
676 1630208.0
677 1630208.0
678 1630208.0
679 1630208.0
680 1630208.0
681 1630208.0
682 1630208.0
683 1630208.0
684 1630208.0
685 1630208.0
686 1630208.0
687 1630208.0
688 1630208.0
689 1630208.0
690 1630208.0
691 1630208.0
692 1630208.0
693 1630208.0
694 1630208.0
695 1630208.0
696 1630208.0
697 1630208.0
698 1630208.0
699 1630208.0
700 1630208.0
701 1630208.0
702 1630208.0
703 1630208.0
704 1630208.0
705 1630208.0
706 1630208.0
707 1630208.0
708 1630208.0
709 1630208.0
710 1630208.0
711 1630208.0
712 1630208.0
713 1630208.0
714 1630208.0
715 1630208.0
716 1630208.0
717 1630208.0
718 1630208.0
719 1630208.0
720 1630208.0
721 1630208.0
722 1630208.0
723 1630208.0
724 1630208.0
725 1630208.0
726 1630208.0
727 1630208.0
728 1630208.0
729 1630208.0
730 1630208.0
731 1630208.0
732 1630208.0
733 1630208.0
734 1630208.0
735 1630208.0
736 1630208.0
737 1630208.0
738 1630208.0
739 1630208.0
740 1630208.0
741 1630208.0
742 1630208.0
743 1630208.0
744 1630208.0
745 1630208.0
746 1630208.0
747 1630208.0
748 1630208.0
749 1630208.0
750 1630208.0
751 1630208.0
752 1630208.0
753 1630208.0
754 1630208.0
755 1630208.0
756 1630208.0
757 1630208.0
758 1630208.0
759 1630208.0
760 1630208.0
761 1630208.0
762 1630208.0
763 1630208.0
764 1630208.0
765 1630208.0
766 1630208.0
767 1630208.0
768 1630208.0
769 1630208.0
770 1630208.0
771 1630208.0
772 1630208.0
773 1630208.0
774 1630208.0
775 1630208.0
776 1630208.0
777 1630208.0
778 1630208.0
779 1630208.0
780 1630208.0
781 1630208.0
782 1630208.0
783 1630208.0
784 1630208.0
785 1630208.0
786 1630208.0
787 1630208.0
788 1630208.0
789 1630208.0
790 1630208.0
791 1630208.0
792 1630208.0
793 1630208.0
794 1630208.0
795 1630208.0
796 1630208.0
797 1630208.0
798 1630208.0
799 1630208.0
800 1630208.0
801 1630208.0
802 1630208.0
803 1630208.0
804 1630208.0
805 1630208.0
806 1630208.0
807 1630208.0
808 1630208.0
809 1630208.0
810 1630208.0
811 1630208.0
812 1630208.0
813 1630208.0
814 1630208.0
815 1630208.0
816 1630208.0
817 1630208.0
818 1630208.0
819 1630208.0
820 1630208.0
821 1630208.0
822 1630208.0
823 1630208.0
824 1630208.0
825 1630208.0
826 1630208.0
827 1630208.0
828 1630208.0
829 1630208.0
830 1630208.0
831 1630208.0
832 1630208.0
833 1630208.0
834 1630208.0
835 1630208.0
836 1630208.0
837 1630208.0
838 1630208.0
839 1630208.0
840 1630208.0
841 1630208.0
842 1630208.0
843 1630208.0
844 1630208.0
845 1630208.0
846 1630208.0
847 1630208.0
848 1630208.0
849 1630208.0
850 1630208.0
851 1630208.0
852 1630208.0
853 1630208.0
854 1630208.0
855 1630208.0
856 1630208.0
857 1630208.0
858 1630208.0
859 1630208.0
860 1630208.0
861 1630208.0
862 1630208.0
863 1630208.0
864 1630208.0
865 1630208.0
866 1630208.0
867 1630208.0
868 1630208.0
869 1630208.0
870 1630208.0
871 1630208.0
872 1630208.0
873 1630208.0
874 1630208.0
875 1630208.0
876 1630208.0
877 1630208.0
878 1630208.0
879 1630208.0
880 1630208.0
881 1630208.0
882 1630208.0
883 1630208.0
884 1630208.0
885 1630208.0
886 1630208.0
887 1630208.0
888 1630208.0
889 1630208.0
890 1630208.0
891 1630208.0
892 1630208.0
893 1630208.0
894 1630208.0
895 1630208.0
896 1630208.0
897 1630208.0
898 1630208.0
899 1630208.0
900 1630208.0
901 1630208.0
902 1630208.0
903 1630208.0
904 1630208.0
905 1630208.0
906 1630208.0
907 1630208.0
908 1630208.0
909 1630208.0
910 1630208.0
911 1630208.0
912 1630208.0
913 1630208.0
914 1630208.0
915 1630208.0
916 1630208.0
917 1630208.0
918 1630208.0
919 1630208.0
920 1630208.0
921 1630208.0
922 1630208.0
923 1630208.0
924 1630208.0
925 1630208.0
926 1630208.0
927 1630208.0
928 1630208.0
929 1630208.0
930 1630208.0
931 1630208.0
932 1630208.0
933 1630208.0
934 1630208.0
935 1630208.0
936 1630208.0
937 1630208.0
938 1630208.0
939 1630208.0
940 1630208.0
941 1630208.0
942 1630208.0
943 1630208.0
944 1630208.0
945 1630208.0
