0 11751424.0
1 11767808.0
2 11767808.0
3 11767808.0
4 11767808.0
5 11767808.0
6 11767808.0
7 11767808.0
8 11767808.0
9 11767808.0
10 11767808.0
11 11767808.0
12 11771904.0
13 11771904.0
14 11771904.0
15 11771904.0
16 11771904.0
17 11771904.0
18 11771904.0
19 11771904.0
20 11771904.0
21 11771904.0
22 11771904.0
23 11771904.0
24 11771904.0
25 11771904.0
26 11776000.0
27 11776000.0
28 11776000.0
29 11780096.0
30 11780096.0
31 11780096.0
32 11780096.0
33 11780096.0
34 11780096.0
35 11780096.0
36 11780096.0
37 11780096.0
38 11780096.0
39 11780096.0
40 11784192.0
41 11784192.0
42 11784192.0
43 11784192.0
44 11784192.0
45 11784192.0
46 11784192.0
47 11784192.0
48 11784192.0
49 11784192.0
50 11784192.0
51 11784192.0
52 11784192.0
53 11784192.0
54 11788288.0
55 11788288.0
56 11788288.0
57 11788288.0
58 11788288.0
59 11788288.0
60 11788288.0
61 11788288.0
62 11788288.0
63 11788288.0
64 11788288.0
65 11788288.0
66 11788288.0
67 11788288.0
68 11792384.0
69 11792384.0
70 11792384.0
71 11792384.0
72 11792384.0
73 11792384.0
74 11792384.0
75 11792384.0
76 11792384.0
77 11792384.0
78 11792384.0
79 11792384.0
80 11792384.0
81 11792384.0
82 11792384.0
83 11792384.0
84 11792384.0
85 11792384.0
86 11792384.0
87 11792384.0
88 11792384.0
89 11792384.0
90 11792384.0
91 11792384.0
92 11792384.0
93 11792384.0
94 11792384.0
95 11792384.0
96 11792384.0
97 11792384.0
98 11792384.0
99 11792384.0
100 11792384.0
101 11792384.0
102 11792384.0
103 11792384.0
104 11792384.0
105 11792384.0
106 11792384.0
107 11792384.0
108 11792384.0
109 11792384.0
110 11792384.0
111 11792384.0
112 11792384.0
113 11792384.0
114 11792384.0
115 11792384.0
116 11792384.0
117 11792384.0
118 11792384.0
119 11792384.0
120 11792384.0
121 11792384.0
122 11792384.0
123 11792384.0
124 11792384.0
125 11792384.0
126 11792384.0
127 11792384.0
128 11792384.0
129 11792384.0
130 11792384.0
131 11792384.0
132 11792384.0
133 11792384.0
134 11792384.0
135 11792384.0
136 11792384.0
137 11792384.0
138 11792384.0
139 11792384.0
140 11792384.0
141 11792384.0
142 11792384.0
143 11792384.0
144 11792384.0
145 11792384.0
146 11792384.0
147 11792384.0
148 11792384.0
149 11792384.0
150 11792384.0
151 11792384.0
152 11792384.0
153 11792384.0
154 11792384.0
155 11792384.0
156 11792384.0
157 11792384.0
158 11792384.0
159 11792384.0
160 11792384.0
161 11792384.0
162 11792384.0
163 11792384.0
164 11792384.0
165 11792384.0
166 11792384.0
167 11792384.0
168 11792384.0
169 11792384.0
170 11792384.0
171 11792384.0
172 11792384.0
173 11792384.0
174 11792384.0
175 11792384.0
176 11792384.0
177 11792384.0
178 11792384.0
179 11792384.0
180 11792384.0
181 11792384.0
182 11792384.0
183 11792384.0
184 11792384.0
185 11792384.0
186 11792384.0
187 11792384.0
188 11792384.0
189 11792384.0
190 11792384.0
191 11792384.0
192 11792384.0
193 11792384.0
194 11792384.0
195 11792384.0
196 11792384.0
197 11792384.0
198 11792384.0
199 11792384.0
200 11792384.0
201 11792384.0
202 11792384.0
203 11792384.0
204 11792384.0
205 11792384.0
206 11792384.0
207 11792384.0
208 11792384.0
209 11792384.0
210 11792384.0
211 11792384.0
212 11792384.0
213 11792384.0
214 11792384.0
215 11792384.0
216 11792384.0
217 11792384.0
218 11792384.0
219 11792384.0
220 11792384.0
221 11792384.0
222 11792384.0
223 11792384.0
224 11792384.0
225 11792384.0
226 11792384.0
227 11792384.0
228 11792384.0
229 11792384.0
230 11792384.0
231 11792384.0
232 11792384.0
233 11792384.0
234 11792384.0
235 11792384.0
236 11792384.0
237 11792384.0
238 11792384.0
239 11792384.0
240 11792384.0
241 11792384.0
242 11792384.0
243 11792384.0
244 11792384.0
245 11792384.0
246 11792384.0
247 11792384.0
248 11792384.0
249 11792384.0
250 11792384.0
251 11792384.0
252 11792384.0
253 11792384.0
254 11792384.0
255 11792384.0
256 11792384.0
257 11792384.0
258 11792384.0
259 11792384.0
260 11792384.0
261 11792384.0
262 11792384.0
263 11792384.0
264 11792384.0
265 11792384.0
266 11792384.0
267 11792384.0
268 11792384.0
269 11792384.0
270 11792384.0
271 11792384.0
272 11792384.0
273 11792384.0
274 11792384.0
275 11792384.0
276 11792384.0
277 11792384.0
278 11792384.0
279 11792384.0
280 11792384.0
281 11792384.0
282 11792384.0
283 11792384.0
284 11792384.0
285 11792384.0
286 11792384.0
287 11792384.0
288 11792384.0
289 11792384.0
290 11792384.0
291 11792384.0
292 11792384.0
293 11792384.0
294 11792384.0
295 11792384.0
296 11792384.0
297 11792384.0
298 11792384.0
299 11792384.0
300 11792384.0
301 11792384.0
302 11792384.0
303 11792384.0
304 11792384.0
305 11792384.0
306 11792384.0
307 11792384.0
308 11792384.0
309 11792384.0
310 11792384.0
311 11792384.0
312 11792384.0
313 11792384.0
314 11792384.0
315 11792384.0
316 11792384.0
317 11792384.0
318 11792384.0
319 11792384.0
320 11792384.0
321 11792384.0
322 11792384.0
323 11792384.0
324 11792384.0
325 11792384.0
326 11792384.0
327 11792384.0
328 11792384.0
329 11792384.0
330 11792384.0
331 11792384.0
332 11792384.0
333 11792384.0
334 11792384.0
335 11792384.0
336 11792384.0
337 11792384.0
338 11792384.0
339 11792384.0
340 11792384.0
341 11792384.0
342 11792384.0
343 11792384.0
344 11792384.0
345 11792384.0
346 11792384.0
347 11792384.0
348 11792384.0
349 11792384.0
350 11792384.0
351 11792384.0
352 11792384.0
353 11792384.0
354 11792384.0
355 11792384.0
356 11792384.0
357 11792384.0
358 11792384.0
359 11792384.0
360 11792384.0
361 11792384.0
362 11792384.0
363 11792384.0
364 11792384.0
365 11792384.0
366 11792384.0
367 11792384.0
368 11792384.0
369 11792384.0
370 11792384.0
371 11792384.0
372 11792384.0
373 11792384.0
374 11792384.0
375 11792384.0
376 11792384.0
377 11792384.0
378 11792384.0
379 11792384.0
380 11792384.0
381 11792384.0
382 11792384.0
383 11792384.0
384 11792384.0
385 11792384.0
386 11792384.0
387 11792384.0
388 11792384.0
389 11792384.0
390 11792384.0
391 11792384.0
392 11792384.0
393 11792384.0
394 11792384.0
395 11792384.0
396 11792384.0
397 11792384.0
398 11792384.0
399 11792384.0
400 11792384.0
401 11792384.0
402 11792384.0
403 11792384.0
404 11792384.0
405 11792384.0
406 11792384.0
407 11792384.0
408 11792384.0
409 11792384.0
410 11792384.0
411 11792384.0
412 11792384.0
413 11792384.0
414 11792384.0
415 11792384.0
416 11792384.0
417 11792384.0
418 11792384.0
419 11792384.0
420 11792384.0
421 11792384.0
422 11792384.0
423 11792384.0
424 11792384.0
425 11792384.0
426 11792384.0
427 11792384.0
428 11792384.0
429 11792384.0
430 11792384.0
431 11792384.0
432 11792384.0
433 11792384.0
434 11792384.0
435 11792384.0
436 11792384.0
437 11792384.0
438 11792384.0
439 11792384.0
440 11792384.0
441 11792384.0
442 11792384.0
443 11792384.0
444 11792384.0
445 11792384.0
446 11792384.0
447 11792384.0
448 11792384.0
449 11792384.0
450 11792384.0
451 11792384.0
452 11792384.0
453 11792384.0
454 11792384.0
455 11792384.0
456 11792384.0
457 11792384.0
458 11792384.0
459 11792384.0
460 11792384.0
461 11792384.0
462 11792384.0
463 11792384.0
464 11792384.0
465 11792384.0
466 11792384.0
467 11792384.0
468 11792384.0
469 11792384.0
470 11792384.0
471 11792384.0
472 11792384.0
473 11792384.0
474 11792384.0
475 11792384.0
476 11792384.0
477 11792384.0
478 11792384.0
479 11792384.0
480 11792384.0
481 11792384.0
482 11792384.0
483 11792384.0
484 11792384.0
485 11792384.0
486 11792384.0
487 11792384.0
488 11792384.0
489 11792384.0
490 11792384.0
491 11792384.0
492 11792384.0
493 11792384.0
494 11792384.0
495 11792384.0
496 11792384.0
497 11792384.0
498 11792384.0
499 11792384.0
500 11792384.0
501 11792384.0
502 11792384.0
503 11792384.0
504 11792384.0
505 11792384.0
506 11792384.0
507 11792384.0
508 11792384.0
509 11792384.0
510 11792384.0
511 11792384.0
512 11792384.0
513 11792384.0
514 11792384.0
515 11792384.0
516 11792384.0
517 11792384.0
518 11792384.0
519 11792384.0
520 11792384.0
521 11792384.0
522 11792384.0
523 11792384.0
524 11792384.0
525 11792384.0
526 11792384.0
527 11792384.0
528 11792384.0
529 11792384.0
530 11792384.0
531 11792384.0
532 11792384.0
533 11792384.0
534 11792384.0
535 11792384.0
536 11792384.0
537 11792384.0
538 11792384.0
539 11792384.0
540 11792384.0
541 11792384.0
542 11792384.0
543 11792384.0
544 11792384.0
545 11792384.0
546 11792384.0
547 11792384.0
548 11792384.0
549 11792384.0
550 11792384.0
551 11792384.0
552 11792384.0
553 11792384.0
554 11792384.0
555 11792384.0
556 11792384.0
557 11792384.0
558 11792384.0
559 11792384.0
560 11792384.0
561 11792384.0
562 11792384.0
563 11792384.0
564 11792384.0
565 11792384.0
566 11792384.0
567 11792384.0
568 11792384.0
569 11792384.0
570 11792384.0
571 11792384.0
572 11792384.0
573 11792384.0
574 11792384.0
575 11792384.0
576 11792384.0
577 11792384.0
578 11792384.0
579 11792384.0
580 11792384.0
581 11792384.0
582 11792384.0
583 11792384.0
584 11792384.0
585 11792384.0
586 11792384.0
587 11792384.0
588 11792384.0
589 11792384.0
590 11792384.0
591 11792384.0
592 11792384.0
593 11792384.0
594 11792384.0
595 11792384.0
596 11792384.0
597 11792384.0
598 11792384.0
599 11792384.0
600 11792384.0
601 11792384.0
602 11792384.0
603 11792384.0
604 11792384.0
605 11792384.0
606 11792384.0
607 11792384.0
608 11792384.0
609 11792384.0
610 11792384.0
611 11792384.0
612 11792384.0
613 11792384.0
614 11792384.0
615 11792384.0
616 11792384.0
617 11792384.0
618 11792384.0
619 11792384.0
620 11792384.0
621 11792384.0
622 11792384.0
623 11792384.0
624 11792384.0
625 11792384.0
626 11792384.0
627 11792384.0
628 11792384.0
629 11792384.0
630 11792384.0
631 11792384.0
632 11792384.0
633 11792384.0
634 11792384.0
635 11792384.0
636 11792384.0
637 11792384.0
638 11792384.0
639 11792384.0
640 11792384.0
641 11792384.0
642 11792384.0
643 11792384.0
644 11792384.0
645 11792384.0
646 11792384.0
647 11792384.0
648 11792384.0
649 11792384.0
650 11792384.0
651 11792384.0
652 11792384.0
653 11792384.0
654 11792384.0
655 11792384.0
656 11792384.0
657 11792384.0
658 11792384.0
659 11792384.0
660 11792384.0
661 11792384.0
662 11792384.0
663 11792384.0
664 11792384.0
665 11792384.0
666 11792384.0
667 11792384.0
668 11792384.0
669 11792384.0
670 11792384.0
671 11792384.0
672 11792384.0
673 11792384.0
674 11792384.0
675 11792384.0
676 11792384.0
677 11792384.0
678 11792384.0
679 11792384.0
680 11792384.0
681 11792384.0
682 11792384.0
683 11792384.0
684 11792384.0
685 11792384.0
686 11792384.0
687 11792384.0
688 11792384.0
689 11792384.0
690 11792384.0
691 11792384.0
692 11792384.0
693 11792384.0
694 11792384.0
695 11792384.0
696 11792384.0
697 11792384.0
698 11792384.0
699 11792384.0
700 11792384.0
701 11792384.0
702 11792384.0
703 11792384.0
704 11792384.0
705 11792384.0
706 11792384.0
707 11792384.0
708 11792384.0
709 11792384.0
710 11792384.0
711 11792384.0
712 11792384.0
713 11792384.0
714 11792384.0
715 11792384.0
716 11792384.0
717 11792384.0
718 11792384.0
719 11792384.0
720 11792384.0
721 11792384.0
722 11792384.0
723 11792384.0
724 11792384.0
725 11792384.0
726 11792384.0
727 11792384.0
728 11792384.0
729 11792384.0
730 11792384.0
731 11792384.0
732 11792384.0
733 11792384.0
734 11792384.0
735 11792384.0
736 11792384.0
737 11792384.0
738 11792384.0
739 11792384.0
740 11792384.0
741 11792384.0
742 11792384.0
743 11792384.0
744 11792384.0
745 11792384.0
746 11792384.0
747 11792384.0
748 11792384.0
749 11792384.0
750 11792384.0
751 11792384.0
752 11792384.0
753 11792384.0
754 11792384.0
755 11792384.0
756 11792384.0
757 11792384.0
758 11792384.0
759 11792384.0
760 11792384.0
761 11792384.0
762 11792384.0
763 11792384.0
764 11792384.0
765 11792384.0
766 11792384.0
767 11792384.0
768 11792384.0
769 11792384.0
770 11792384.0
771 11792384.0
772 11792384.0
773 11792384.0
774 11792384.0
775 11792384.0
776 11792384.0
777 11792384.0
778 11792384.0
779 11792384.0
780 11792384.0
781 11792384.0
782 11792384.0
783 11792384.0
784 11792384.0
785 11792384.0
786 11792384.0
787 11792384.0
788 11792384.0
789 11792384.0
790 11792384.0
791 11792384.0
792 11792384.0
793 11792384.0
794 11792384.0
795 11792384.0
796 11792384.0
797 11792384.0
798 11792384.0
799 11792384.0
800 11792384.0
801 11792384.0
802 11792384.0
803 11792384.0
804 11792384.0
805 11792384.0
806 11792384.0
807 11792384.0
808 11792384.0
809 11792384.0
810 11792384.0
811 11792384.0
812 11792384.0
813 11792384.0
814 11792384.0
815 11792384.0
816 11792384.0
817 11792384.0
818 11792384.0
819 11792384.0
820 11792384.0
821 11792384.0
822 11792384.0
823 11792384.0
824 11792384.0
825 11792384.0
826 11792384.0
827 11792384.0
828 11792384.0
829 11792384.0
830 11792384.0
831 11792384.0
832 11792384.0
833 11792384.0
834 11792384.0
835 11792384.0
836 11792384.0
837 11792384.0
838 11792384.0
839 11792384.0
840 11792384.0
841 11792384.0
842 11792384.0
843 11792384.0
844 11792384.0
845 11792384.0
846 11792384.0
847 11792384.0
848 11792384.0
849 11792384.0
850 11792384.0
851 11792384.0
852 11792384.0
853 11792384.0
854 11792384.0
855 11792384.0
856 11792384.0
857 11792384.0
858 11792384.0
859 11792384.0
860 11792384.0
861 11792384.0
862 11792384.0
863 11792384.0
864 11792384.0
865 11792384.0
866 11792384.0
867 11792384.0
868 11792384.0
869 11792384.0
870 11792384.0
871 11792384.0
872 11792384.0
873 11792384.0
874 11792384.0
875 11792384.0
876 11792384.0
877 11792384.0
878 11792384.0
879 11792384.0
880 11792384.0
881 11792384.0
882 11792384.0
883 11792384.0
884 11792384.0
885 11792384.0
886 11792384.0
887 11792384.0
888 11792384.0
889 11792384.0
890 11792384.0
891 11792384.0
892 11792384.0
893 11792384.0
894 11792384.0
895 11792384.0
896 11792384.0
897 11792384.0
898 11792384.0
899 11792384.0
900 11792384.0
901 11792384.0
902 11792384.0
903 11792384.0
904 11792384.0
905 11792384.0
906 11792384.0
907 11792384.0
908 11792384.0
909 11792384.0
910 11792384.0
911 11792384.0
912 11792384.0
913 11792384.0
914 11792384.0
915 11792384.0
916 11792384.0
917 11792384.0
918 11792384.0
919 11792384.0
920 11792384.0
921 11792384.0
922 11792384.0
923 11792384.0
924 11792384.0
925 11792384.0
926 11792384.0
927 11792384.0
928 11792384.0
929 11792384.0
930 11792384.0
931 11792384.0
932 11792384.0
933 11792384.0
934 11792384.0
935 11792384.0
936 11792384.0
937 11792384.0
938 11792384.0
939 11792384.0
940 11792384.0
941 11792384.0
942 11792384.0
943 11792384.0
944 11792384.0
945 11792384.0
