5 3203072.0
6 99278848.0
7 203276288.0
8 314187776.0
9 319041536.0
10 319262720.0
11 286814208.0
12 286814208.0
13 290725888.0
14 363069440.0
15 363327488.0
16 390823936.0
17 403865600.0
18 403865600.0
19 403865600.0
20 403865600.0
21 403542016.0
22 404107264.0
23 404107264.0
24 404107264.0
25 404107264.0
26 404107264.0
27 404107264.0
28 404107264.0
29 404107264.0
30 404107264.0
31 404107264.0
32 404107264.0
33 404107264.0
34 404107264.0
35 409722880.0
36 408391680.0
37 408391680.0
38 408391680.0
39 408391680.0
40 408391680.0
41 408391680.0
42 408391680.0
43 413151232.0
44 413904896.0
45 413904896.0
46 407773184.0
47 407773184.0
48 407773184.0
49 407773184.0
50 407773184.0
51 407773184.0
52 407773184.0
53 407773184.0
54 407773184.0
55 407773184.0
56 407773184.0
57 407773184.0
58 407773184.0
59 407773184.0
60 407773184.0
61 407773184.0
62 407773184.0
63 407773184.0
64 407773184.0
65 407773184.0
66 407740416.0
67 407740416.0
68 407740416.0
69 407740416.0
70 408055808.0
71 412205056.0
72 431423488.0
73 431783936.0
74 431783936.0
75 431783936.0
76 427245568.0
77 427245568.0
78 427245568.0
79 427245568.0
80 427245568.0
81 427245568.0
82 427261952.0
83 427302912.0
84 427302912.0
85 427302912.0
86 427302912.0
87 427302912.0
88 427302912.0
89 427302912.0
90 427302912.0
91 427302912.0
92 427302912.0
93 427315200.0
94 427315200.0
95 427315200.0
96 427315200.0
97 427315200.0
98 427315200.0
99 427315200.0
100 427315200.0
101 427315200.0
102 427315200.0
103 427802624.0
104 427802624.0
105 427802624.0
106 427802624.0
107 427802624.0
108 427802624.0
109 427802624.0
110 427802624.0
111 427802624.0
112 427802624.0
113 428699648.0
114 428699648.0
115 428699648.0
116 428793856.0
117 428793856.0
118 428793856.0
119 428793856.0
120 428793856.0
121 428793856.0
122 428793856.0
123 430505984.0
124 430505984.0
125 430505984.0
126 429817856.0
127 429817856.0
128 429817856.0
129 429817856.0
130 436600832.0
131 446124032.0
132 456990720.0
133 459862016.0
134 459862016.0
135 459862016.0
136 452939776.0
137 452939776.0
138 452939776.0
139 452939776.0
140 452939776.0
141 452939776.0
142 452939776.0
143 455942144.0
144 455942144.0
145 455942144.0
146 455352320.0
147 455352320.0
148 455352320.0
149 455352320.0
150 455352320.0
151 455188480.0
152 455188480.0
153 456658944.0
154 456658944.0
155 456658944.0
156 456658944.0
157 456658944.0
158 456658944.0
159 456658944.0
160 456658944.0
161 456658944.0
162 456658944.0
163 458608640.0
164 458608640.0
165 458608640.0
166 458608640.0
167 458608640.0
168 458608640.0
169 458608640.0
170 458608640.0
171 458608640.0
172 458723328.0
173 470806528.0
174 471375872.0
175 471375872.0
176 461537280.0
177 461537280.0
178 461537280.0
179 461537280.0
180 461537280.0
181 461537280.0
182 461537280.0
183 462385152.0
184 462385152.0
185 462385152.0
186 462024704.0
187 462024704.0
188 462024704.0
189 462024704.0
190 474779648.0
191 481570816.0
192 482099200.0
193 484622336.0
194 484622336.0
195 484622336.0
196 484425728.0
197 484425728.0
198 484425728.0
199 484425728.0
200 484425728.0
201 484425728.0
202 484425728.0
203 486490112.0
204 486490112.0
205 486490112.0
206 486490112.0
207 486490112.0
208 486490112.0
209 486490112.0
210 486494208.0
211 486494208.0
212 486494208.0
213 488042496.0
214 488042496.0
215 488042496.0
216 487190528.0
217 487190528.0
218 487190528.0
219 487190528.0
220 487190528.0
221 487190528.0
222 487190528.0
223 489467904.0
224 489467904.0
225 489467904.0
226 489009152.0
227 489009152.0
228 489009152.0
229 489009152.0
230 489132032.0
231 489132032.0
232 489132032.0
233 490250240.0
234 490250240.0
235 490250240.0
236 490250240.0
237 490250240.0
238 490770432.0
239 490770432.0
240 490770432.0
241 490770432.0
242 490770432.0
243 491933696.0
244 492146688.0
245 492146688.0
246 492146688.0
247 492146688.0
248 492146688.0
249 492146688.0
250 505880576.0
251 513921024.0
252 519581696.0
253 519774208.0
254 521793536.0
255 521793536.0
256 521793536.0
257 521793536.0
258 521793536.0
259 521793536.0
260 521793536.0
261 521793536.0
262 521793536.0
263 521793536.0
264 523468800.0
265 523468800.0
266 523468800.0
267 523468800.0
268 523468800.0
269 523468800.0
270 523468800.0
271 523468800.0
272 523468800.0
273 523468800.0
274 526200832.0
275 526200832.0
276 526200832.0
277 526200832.0
278 526200832.0
279 526200832.0
280 526200832.0
281 526200832.0
282 526200832.0
283 526200832.0
284 528175104.0
285 528175104.0
286 527093760.0
287 527093760.0
288 527093760.0
289 527093760.0
290 527093760.0
291 527093760.0
292 527093760.0
293 527093760.0
294 528945152.0
295 528945152.0
296 528945152.0
297 528945152.0
298 528904192.0
299 528904192.0
300 528904192.0
301 528904192.0
302 528904192.0
303 528904192.0
304 531349504.0
305 531349504.0
306 531349504.0
307 531349504.0
308 531349504.0
309 531349504.0
310 545955840.0
311 549855232.0
312 557080576.0
313 557187072.0
314 559542272.0
315 559542272.0
316 559542272.0
317 559542272.0
318 559542272.0
319 559542272.0
320 559542272.0
321 559542272.0
322 559542272.0
323 559542272.0
324 561504256.0
325 561504256.0
326 561504256.0
327 561504256.0
328 561504256.0
329 561504256.0
330 561504256.0
331 561504256.0
332 561684480.0
333 561684480.0
334 564105216.0
335 564105216.0
336 564105216.0
337 564105216.0
338 564105216.0
339 564105216.0
340 564105216.0
341 564105216.0
342 564105216.0
343 564105216.0
344 566075392.0
345 566210560.0
346 566210560.0
347 566210560.0
348 566210560.0
349 566210560.0
350 566210560.0
351 566210560.0
352 566210560.0
353 566210560.0
354 566489088.0
355 568500224.0
356 568500224.0
357 568500224.0
358 568500224.0
359 568500224.0
360 568500224.0
361 568500224.0
362 568500224.0
363 568500224.0
364 568500224.0
365 571301888.0
366 571301888.0
367 570548224.0
368 570548224.0
369 570548224.0
370 597057536.0
371 603725824.0
372 608604160.0
373 608604160.0
374 608604160.0
375 610713600.0
376 610713600.0
377 610713600.0
378 610713600.0
379 610713600.0
380 610713600.0
381 610713600.0
382 610713600.0
383 610713600.0
384 610713600.0
385 613347328.0
386 613347328.0
387 613347328.0
388 613347328.0
389 613347328.0
390 613347328.0
391 613347328.0
392 613347328.0
393 613347328.0
394 613347328.0
395 616890368.0
396 616841216.0
397 616841216.0
398 616841216.0
399 616841216.0
400 616841216.0
401 616841216.0
402 616841216.0
403 616841216.0
404 616841216.0
405 619315200.0
406 619315200.0
407 619053056.0
408 619053056.0
409 619053056.0
410 619053056.0
411 619053056.0
412 619053056.0
413 619053056.0
414 619053056.0
415 621801472.0
416 621801472.0
417 621080576.0
418 621080576.0
419 621080576.0
420 621080576.0
421 621080576.0
422 621146112.0
423 621146112.0
424 621146112.0
425 624115712.0
426 624115712.0
427 624115712.0
428 624115712.0
429 624115712.0
430 638812160.0
431 643817472.0
432 656945152.0
433 656945152.0
434 656945152.0
435 659931136.0
436 659931136.0
437 653709312.0
438 653709312.0
439 653709312.0
440 653709312.0
441 653709312.0
442 653709312.0
443 653709312.0
444 653709312.0
445 659951616.0
446 664670208.0
447 667865088.0
448 670830592.0
449 670830592.0
450 670859264.0
451 670859264.0
452 664875008.0
453 664875008.0
454 664875008.0
455 666488832.0
456 667930624.0
457 667930624.0
458 667930624.0
459 667930624.0
460 667930624.0
461 667930624.0
462 667930624.0
463 667930624.0
464 667930624.0
465 668061696.0
466 671186944.0
467 670842880.0
468 670842880.0
469 670842880.0
470 671010816.0
471 671010816.0
472 671010816.0
473 671010816.0
474 671010816.0
475 671010816.0
476 674717696.0
477 674402304.0
478 674402304.0
479 674402304.0
480 674402304.0
481 674402304.0
482 674402304.0
483 674402304.0
484 674402304.0
485 674402304.0
486 677658624.0
487 676577280.0
488 676577280.0
489 676577280.0
490 678109184.0
491 678109184.0
492 680759296.0
493 681029632.0
494 681029632.0
495 681029632.0
496 683151360.0
497 683151360.0
498 683151360.0
499 683151360.0
500 683151360.0
501 683151360.0
502 683151360.0
503 683151360.0
504 683151360.0
505 683151360.0
506 685629440.0
507 684679168.0
508 684679168.0
509 684679168.0
510 684679168.0
511 684679168.0
512 684732416.0
513 684732416.0
514 684732416.0
515 684732416.0
516 687501312.0
517 687501312.0
518 687501312.0
519 687501312.0
520 687501312.0
521 687501312.0
522 687501312.0
523 687501312.0
524 687501312.0
525 687501312.0
526 689905664.0
527 689905664.0
528 689905664.0
529 689905664.0
530 689905664.0
531 689905664.0
532 689905664.0
533 689905664.0
534 689905664.0
535 689905664.0
536 692445184.0
537 692486144.0
538 692486144.0
539 692486144.0
540 692486144.0
541 692486144.0
542 692486144.0
543 692486144.0
544 692486144.0
545 692486144.0
546 695279616.0
547 695533568.0
548 695533568.0
549 695533568.0
550 695930880.0
551 715370496.0
552 714551296.0
553 714551296.0
554 714551296.0
555 714551296.0
556 716177408.0
557 716550144.0
558 716550144.0
559 716550144.0
560 716550144.0
561 716550144.0
562 716550144.0
563 716550144.0
564 716550144.0
565 716550144.0
566 716996608.0
567 717242368.0
568 717242368.0
569 717242368.0
570 717242368.0
571 717242368.0
572 717242368.0
573 717242368.0
574 717242368.0
575 717242368.0
576 717946880.0
577 719446016.0
578 719446016.0
579 719446016.0
580 719446016.0
581 719446016.0
582 719446016.0
583 719446016.0
584 719446016.0
585 719446016.0
586 719478784.0
587 719675392.0
588 719675392.0
589 719675392.0
590 719675392.0
591 719675392.0
592 719675392.0
593 719675392.0
594 719675392.0
595 719675392.0
596 719675392.0
597 719675392.0
598 719675392.0
599 719675392.0
600 719675392.0
601 719675392.0
602 719675392.0
603 719675392.0
604 719720448.0
605 719720448.0
606 719720448.0
607 720216064.0
608 720216064.0
609 720216064.0
610 720252928.0
611 720252928.0
612 719695872.0
613 719695872.0
614 719695872.0
615 719695872.0
616 719695872.0
617 719695872.0
618 719695872.0
619 719695872.0
620 719695872.0
621 719695872.0
622 719695872.0
623 719695872.0
624 719695872.0
625 719695872.0
626 719695872.0
627 719998976.0
628 719998976.0
629 719998976.0
630 719998976.0
631 719998976.0
632 719998976.0
633 719998976.0
634 719998976.0
635 719998976.0
636 719998976.0
637 720003072.0
638 720003072.0
639 720003072.0
640 720039936.0
641 720039936.0
642 719745024.0
643 719745024.0
644 719745024.0
645 719745024.0
646 719745024.0
647 720457728.0
648 720457728.0
649 720457728.0
650 720457728.0
651 720457728.0
652 719867904.0
653 719867904.0
654 719867904.0
655 719867904.0
656 719867904.0
657 730996736.0
658 730996736.0
659 730996736.0
660 730996736.0
661 730996736.0
662 722608128.0
663 722608128.0
664 722608128.0
665 722608128.0
666 722608128.0
667 723668992.0
668 723668992.0
669 723668992.0
670 723668992.0
671 723668992.0
672 722890752.0
673 722890752.0
674 722890752.0
675 722890752.0
676 722890752.0
677 722890752.0
678 722890752.0
679 722890752.0
680 722890752.0
681 722890752.0
682 722759680.0
683 722759680.0
684 722759680.0
685 722759680.0
686 722759680.0
687 722952192.0
688 722952192.0
689 722952192.0
690 722952192.0
691 722952192.0
692 722952192.0
693 722952192.0
694 722952192.0
695 722952192.0
696 722952192.0
697 723390464.0
698 723390464.0
699 723390464.0
700 723390464.0
701 723390464.0
702 723197952.0
703 723197952.0
704 723197952.0
705 723197952.0
706 723197952.0
707 723755008.0
708 723681280.0
709 723681280.0
710 723681280.0
711 723681280.0
712 723451904.0
713 723451904.0
714 723451904.0
715 723451904.0
716 723451904.0
717 723714048.0
718 723714048.0
719 723714048.0
720 723714048.0
721 723714048.0
722 723714048.0
723 723714048.0
724 723714048.0
725 723714048.0
726 723714048.0
727 723714048.0
728 724135936.0
729 724135936.0
730 724135936.0
731 724135936.0
732 723283968.0
733 723283968.0
734 723283968.0
735 723283968.0
736 723283968.0
737 723283968.0
738 723283968.0
739 723283968.0
740 723283968.0
741 723283968.0
742 723283968.0
743 723283968.0
744 723283968.0
745 723283968.0
746 723283968.0
747 723283968.0
748 723816448.0
749 723816448.0
750 723816448.0
751 723816448.0
752 723816448.0
753 723816448.0
754 723816448.0
755 723816448.0
756 723816448.0
757 723816448.0
758 723816448.0
759 723816448.0
760 723816448.0
761 723816448.0
762 723816448.0
763 723816448.0
764 723849216.0
765 723849216.0
766 723849216.0
767 723423232.0
768 723423232.0
769 723423232.0
770 723423232.0
771 723423232.0
772 723423232.0
773 723423232.0
774 723423232.0
775 723423232.0
776 723423232.0
777 723423232.0
778 723447808.0
779 723447808.0
780 723447808.0
781 723447808.0
782 723382272.0
783 723382272.0
784 723382272.0
785 723382272.0
786 723382272.0
787 723382272.0
788 724185088.0
789 724185088.0
790 724185088.0
791 724185088.0
792 724185088.0
793 724185088.0
794 724185088.0
795 724185088.0
796 724185088.0
797 724185088.0
798 724217856.0
799 724217856.0
800 724217856.0
801 724217856.0
802 723529728.0
803 723529728.0
804 723529728.0
805 723529728.0
806 723529728.0
807 723529728.0
808 723881984.0
809 723881984.0
810 723881984.0
811 723881984.0
812 723881984.0
813 723881984.0
814 723881984.0
815 723881984.0
816 723881984.0
817 723881984.0
818 723881984.0
819 723881984.0
820 723881984.0
821 723881984.0
822 723881984.0
823 723881984.0
824 723881984.0
825 723881984.0
826 723918848.0
827 723918848.0
828 723918848.0
829 723918848.0
830 723918848.0
831 723918848.0
832 723918848.0
833 723918848.0
834 723918848.0
835 723918848.0
836 723918848.0
837 723918848.0
838 723996672.0
839 723996672.0
840 723996672.0
841 723996672.0
842 723996672.0
843 723996672.0
844 723996672.0
845 723996672.0
846 723996672.0
847 723996672.0
848 725413888.0
849 725413888.0
850 725413888.0
851 725413888.0
852 724201472.0
853 724201472.0
854 724201472.0
855 724201472.0
856 724201472.0
857 724201472.0
858 724275200.0
859 724201472.0
860 724201472.0
861 724201472.0
862 724201472.0
863 724201472.0
864 724201472.0
865 724201472.0
866 724201472.0
867 724201472.0
868 724201472.0
869 724516864.0
870 724516864.0
871 724516864.0
872 723959808.0
873 723959808.0
874 723959808.0
875 723959808.0
876 723959808.0
877 723959808.0
878 723959808.0
879 723959808.0
880 723959808.0
881 723959808.0
882 723959808.0
883 723959808.0
884 723959808.0
885 723959808.0
886 723959808.0
887 723959808.0
888 723959808.0
889 724066304.0
890 724094976.0
891 724094976.0
892 724094976.0
893 724094976.0
894 724094976.0
895 724094976.0
896 724094976.0
897 724094976.0
898 724094976.0
899 724127744.0
900 724127744.0
901 724127744.0
902 724127744.0
903 724127744.0
904 724127744.0
905 724127744.0
906 724127744.0
907 724127744.0
908 724127744.0
909 725778432.0
910 725778432.0
911 725778432.0
912 725778432.0
913 725778432.0
914 725778432.0
915 725778432.0
916 725958656.0
917 725958656.0
918 725958656.0
919 728121344.0
920 728121344.0
921 728121344.0
922 727629824.0
923 727629824.0
924 727629824.0
925 727629824.0
926 727629824.0
927 727629824.0
928 727629824.0
929 728535040.0
930 728571904.0
931 728571904.0
932 727293952.0
933 727293952.0
934 727293952.0
935 727293952.0
936 727293952.0
937 727293952.0
938 727293952.0
939 727269376.0
940 727269376.0
941 727269376.0
942 726712320.0
943 726712320.0
944 726712320.0
