0 1699840.0
1 107479040.0
2 363397120.0
3 669933568.0
4 832086016.0
5 874319872.0
6 856674304.0
7 856674304.0
8 856674304.0
9 856674304.0
10 856674304.0
11 856674304.0
12 856674304.0
13 857198592.0
14 907681792.0
15 904802304.0
16 916869120.0
17 913354752.0
18 913354752.0
19 913354752.0
20 913354752.0
21 893067264.0
22 893067264.0
23 893067264.0
24 893067264.0
25 893067264.0
26 893067264.0
27 893067264.0
28 893067264.0
29 893067264.0
30 893067264.0
31 893067264.0
32 893067264.0
33 893067264.0
34 893067264.0
35 893067264.0
36 893067264.0
37 893067264.0
38 893067264.0
39 893067264.0
40 893067264.0
41 893067264.0
42 893067264.0
43 893067264.0
44 893067264.0
45 893067264.0
46 893067264.0
47 893067264.0
48 893067264.0
49 893067264.0
50 893067264.0
51 893067264.0
52 893067264.0
53 893067264.0
54 893067264.0
55 893067264.0
56 893067264.0
57 893067264.0
58 893067264.0
59 893067264.0
60 893067264.0
61 893067264.0
62 893067264.0
63 893067264.0
64 893067264.0
65 893067264.0
66 893067264.0
67 893067264.0
68 893067264.0
69 893067264.0
70 893067264.0
71 893067264.0
72 899715072.0
73 907386880.0
74 907677696.0
75 907677696.0
76 894562304.0
77 894562304.0
78 894562304.0
79 894562304.0
80 894562304.0
81 894451712.0
82 895262720.0
83 896016384.0
84 896016384.0
85 896016384.0
86 894455808.0
87 894455808.0
88 895512576.0
89 895512576.0
90 895512576.0
91 895512576.0
92 895512576.0
93 896581632.0
94 896581632.0
95 896581632.0
96 896581632.0
97 896581632.0
98 896720896.0
99 896720896.0
100 896720896.0
101 896720896.0
102 896933888.0
103 898818048.0
104 898818048.0
105 898818048.0
106 898818048.0
107 898818048.0
108 899051520.0
109 899051520.0
110 896110592.0
111 896110592.0
112 896110592.0
113 896647168.0
114 896647168.0
115 896647168.0
116 896647168.0
117 896647168.0
118 896647168.0
119 896647168.0
120 896647168.0
121 896647168.0
122 896647168.0
123 897609728.0
124 897609728.0
125 897609728.0
126 897609728.0
127 897609728.0
128 897609728.0
129 897609728.0
130 897609728.0
131 897609728.0
132 897609728.0
133 898912256.0
134 899182592.0
135 899452928.0
136 899723264.0
137 899723264.0
138 899723264.0
139 899723264.0
140 899723264.0
141 899723264.0
142 899723264.0
143 900128768.0
144 900128768.0
145 900128768.0
146 900128768.0
147 900128768.0
148 900128768.0
149 900128768.0
150 900128768.0
151 900128768.0
152 900128768.0
153 900395008.0
154 900395008.0
155 900395008.0
156 900395008.0
157 900395008.0
158 900395008.0
159 900395008.0
160 900395008.0
161 900395008.0
162 900395008.0
163 900395008.0
164 900395008.0
165 900395008.0
166 900395008.0
167 900395008.0
168 900395008.0
169 900395008.0
170 900395008.0
171 900395008.0
172 900395008.0
173 900395008.0
174 900395008.0
175 900395008.0
176 900395008.0
177 900395008.0
178 900395008.0
179 900395008.0
180 900395008.0
181 900395008.0
182 900395008.0
183 900616192.0
184 900616192.0
185 900616192.0
186 900616192.0
187 900829184.0
188 900829184.0
189 900829184.0
190 900829184.0
191 900730880.0
192 900730880.0
193 900730880.0
194 900730880.0
195 900730880.0
196 900730880.0
197 900730880.0
198 900956160.0
199 900956160.0
200 900956160.0
201 900956160.0
202 900956160.0
203 901132288.0
204 901132288.0
205 901132288.0
206 901132288.0
207 901132288.0
208 901132288.0
209 901132288.0
210 912900096.0
211 912900096.0
212 912900096.0
213 912900096.0
214 912900096.0
215 913137664.0
216 912842752.0
217 912842752.0
218 912842752.0
219 912842752.0
220 912842752.0
221 912842752.0
222 912842752.0
223 912842752.0
224 912842752.0
225 912842752.0
226 912842752.0
227 912842752.0
228 912842752.0
229 912842752.0
230 912842752.0
231 912842752.0
232 912842752.0
233 913084416.0
234 913084416.0
235 913084416.0
236 913084416.0
237 913084416.0
238 913084416.0
239 913084416.0
240 913084416.0
241 912691200.0
242 912691200.0
243 912691200.0
244 912691200.0
245 912691200.0
246 912691200.0
247 912691200.0
248 912691200.0
249 912691200.0
250 912691200.0
251 912691200.0
252 912691200.0
253 912691200.0
254 912801792.0
255 912801792.0
256 912801792.0
257 912801792.0
258 912801792.0
259 912838656.0
260 912838656.0
261 912838656.0
262 912838656.0
263 912838656.0
264 913010688.0
265 913010688.0
266 913010688.0
267 913010688.0
268 913010688.0
269 913039360.0
270 913039360.0
271 913039360.0
272 913039360.0
273 913039360.0
274 913399808.0
275 913399808.0
276 913399808.0
277 913399808.0
278 913399808.0
279 913399808.0
280 913399808.0
281 913399808.0
282 913399808.0
283 913399808.0
284 913514496.0
285 913514496.0
286 913514496.0
287 913752064.0
288 919334912.0
289 927416320.0
290 935583744.0
291 943706112.0
292 951545856.0
293 959381504.0
294 965636096.0
295 970723328.0
296 970723328.0
297 972877824.0
298 979509248.0
299 988123136.0
300 996495360.0
301 1004335104.0
302 1012445184.0
303 1020014592.0
304 1029705728.0
305 1037545472.0
306 1045114880.0
307 1053495296.0
308 1061601280.0
309 1070252032.0
310 1078091776.0
311 1093812224.0
312 1093812224.0
313 1093812224.0
314 1093857280.0
315 1093857280.0
316 1093857280.0
317 1093857280.0
318 1093963776.0
319 1093963776.0
320 1093963776.0
321 1093963776.0
322 1093963776.0
323 1093963776.0
324 1094082560.0
325 1094082560.0
326 1094082560.0
327 1094082560.0
328 1094082560.0
329 1094283264.0
330 1094283264.0
331 1094283264.0
332 1094283264.0
333 1094283264.0
334 1094647808.0
335 1094647808.0
336 1094647808.0
337 1094647808.0
338 1094897664.0
339 1094959104.0
340 1094959104.0
341 1094959104.0
342 1094959104.0
343 1094959104.0
344 1094963200.0
345 1094963200.0
346 1094963200.0
347 1094963200.0
348 1094963200.0
349 1117507584.0
350 1119883264.0
351 1119907840.0
352 1119281152.0
353 1119281152.0
354 1119281152.0
355 1119289344.0
356 1119289344.0
357 1119289344.0
358 1119289344.0
359 1119289344.0
360 1119289344.0
361 1119289344.0
362 1119289344.0
363 1119289344.0
364 1119289344.0
365 1119289344.0
366 1119289344.0
367 1119289344.0
368 1119289344.0
369 1119289344.0
370 1119289344.0
371 1119289344.0
372 1119289344.0
373 1119289344.0
374 1119289344.0
375 1119555584.0
376 1119555584.0
377 1119555584.0
378 1119555584.0
379 1119555584.0
380 1119555584.0
381 1119555584.0
382 1119555584.0
383 1119555584.0
384 1119555584.0
385 1120419840.0
386 1120628736.0
387 1120628736.0
388 1120628736.0
389 1120628736.0
390 1120628736.0
391 1120649216.0
392 1120649216.0
393 1120649216.0
394 1120649216.0
395 1120870400.0
396 1120870400.0
397 1120870400.0
398 1120870400.0
399 1120870400.0
400 1120870400.0
401 1120870400.0
402 1120870400.0
403 1121054720.0
404 1121054720.0
405 1121312768.0
406 1121312768.0
407 1121583104.0
408 1121583104.0
409 1121583104.0
410 1121583104.0
411 1121853440.0
412 1121853440.0
413 1121853440.0
414 1123770368.0
415 1126289408.0
416 1126289408.0
417 1126289408.0
418 1126289408.0
419 1128407040.0
420 1130029056.0
421 1137311744.0
422 1148665856.0
423 1159749632.0
424 1170833408.0
425 1182994432.0
426 1193488384.0
427 1204842496.0
428 1215381504.0
429 1226735616.0
430 1239883776.0
431 1243668480.0
432 1251196928.0
433 1261199360.0
434 1271468032.0
435 1284366336.0
436 1293557760.0
437 1304641536.0
438 1314103296.0
439 1323479040.0
440 1323483136.0
441 1323483136.0
442 1323483136.0
443 1323483136.0
444 1323483136.0
445 1323532288.0
446 1323532288.0
447 1323532288.0
448 1323532288.0
449 1323532288.0
450 1323532288.0
451 1323532288.0
452 1323532288.0
453 1323532288.0
454 1323532288.0
455 1323708416.0
456 1323708416.0
457 1323708416.0
458 1323708416.0
459 1323708416.0
460 1323708416.0
461 1323708416.0
462 1323708416.0
463 1323708416.0
464 1323708416.0
465 1323708416.0
466 1323806720.0
467 1323806720.0
468 1323806720.0
469 1323806720.0
470 1323806720.0
471 1323806720.0
472 1323806720.0
473 1323806720.0
474 1323806720.0
475 1323806720.0
476 1324306432.0
477 1324306432.0
478 1324306432.0
479 1324306432.0
480 1324306432.0
481 1324306432.0
482 1324306432.0
483 1324306432.0
484 1324306432.0
485 1324306432.0
486 1324478464.0
487 1324478464.0
488 1324478464.0
489 1324478464.0
490 1328148480.0
491 1328148480.0
492 1324662784.0
493 1324662784.0
494 1324863488.0
495 1324863488.0
496 1324863488.0
497 1324863488.0
498 1324863488.0
499 1324863488.0
500 1324863488.0
501 1324863488.0
502 1324863488.0
503 1324863488.0
504 1324863488.0
505 1324863488.0
506 1324982272.0
507 1324982272.0
508 1324982272.0
509 1324982272.0
510 1324982272.0
511 1324982272.0
512 1326596096.0
513 1327407104.0
514 1327677440.0
515 1330110464.0
516 1340915712.0
517 1350918144.0
518 1360998400.0
519 1360998400.0
520 1360998400.0
521 1360998400.0
522 1360998400.0
523 1360998400.0
524 1360998400.0
525 1360998400.0
526 1361125376.0
527 1361125376.0
528 1361125376.0
529 1361125376.0
530 1361125376.0
531 1361125376.0
532 1361125376.0
533 1361125376.0
534 1361125376.0
535 1361125376.0
536 1361203200.0
537 1361203200.0
538 1361203200.0
539 1361203200.0
540 1361203200.0
541 1361203200.0
542 1361203200.0
543 1361203200.0
544 1361203200.0
545 1361203200.0
546 1361334272.0
547 1361334272.0
548 1361334272.0
549 1361334272.0
550 1361334272.0
551 1361334272.0
552 1361334272.0
553 1361334272.0
554 1361334272.0
555 1361334272.0
556 1361539072.0
557 1361674240.0
558 1361674240.0
559 1361674240.0
560 1361674240.0
561 1361682432.0
562 1361682432.0
563 1361682432.0
564 1361682432.0
565 1361682432.0
566 1361870848.0
567 1361915904.0
568 1361915904.0
569 1361915904.0
570 1361915904.0
571 1362096128.0
572 1362104320.0
573 1362104320.0
574 1362104320.0
575 1362104320.0
576 1362243584.0
577 1362247680.0
578 1362247680.0
579 1362247680.0
580 1362247680.0
581 1362247680.0
582 1362247680.0
583 1362247680.0
584 1362247680.0
585 1362247680.0
586 1362247680.0
587 1362370560.0
588 1362370560.0
589 1362370560.0
590 1362370560.0
591 1362370560.0
592 1362370560.0
593 1362370560.0
594 1362370560.0
595 1362640896.0
596 1362640896.0
597 1362665472.0
598 1362665472.0
599 1362665472.0
600 1362665472.0
601 1362665472.0
602 1362665472.0
603 1362665472.0
604 1362665472.0
605 1362665472.0
606 1362665472.0
607 1362698240.0
608 1362964480.0
609 1364316160.0
610 1364856832.0
611 1368633344.0
612 1371066368.0
613 1375932416.0
614 1381879808.0
615 1389719552.0
616 1397690368.0
617 1403699200.0
618 1405861888.0
619 1408024576.0
620 1415319552.0
621 1422618624.0
622 1430999040.0
623 1438838784.0
624 1446948864.0
625 1455058944.0
626 1462628352.0
627 1470951424.0
628 1477976064.0
629 1485815808.0
630 1493655552.0
631 1502035968.0
632 1512599552.0
633 1520439296.0
634 1528819712.0
635 1536655360.0
636 1544765440.0
637 1553326080.0
638 1560883200.0
639 1568993280.0
640 1576833024.0
641 1584943104.0
642 1594130432.0
643 1601970176.0
644 1609805824.0
645 1618182144.0
646 1626021888.0
647 1635975168.0
648 1643544576.0
649 1651920896.0
650 1659166720.0
651 1659166720.0
652 1659166720.0
653 1659166720.0
654 1659166720.0
655 1659166720.0
656 1659166720.0
657 1659330560.0
658 1659330560.0
659 1659330560.0
660 1659330560.0
661 1659330560.0
662 1659330560.0
663 1659330560.0
664 1659330560.0
665 1659330560.0
666 1659330560.0
667 1659346944.0
668 1659346944.0
669 1659346944.0
670 1659346944.0
671 1659346944.0
672 1659346944.0
673 1659346944.0
674 1659346944.0
675 1659346944.0
676 1659346944.0
677 1659437056.0
678 1659437056.0
679 1659437056.0
680 1659437056.0
681 1659437056.0
682 1659437056.0
683 1659437056.0
684 1659437056.0
685 1659437056.0
686 1659437056.0
687 1659437056.0
688 1659437056.0
689 1659437056.0
690 1659437056.0
691 1659437056.0
692 1659437056.0
693 1659437056.0
694 1659437056.0
695 1659437056.0
696 1659437056.0
697 1659437056.0
698 1659437056.0
699 1659437056.0
700 1659437056.0
701 1659437056.0
702 1659437056.0
703 1659437056.0
704 1659437056.0
705 1659437056.0
706 1659437056.0
707 1659437056.0
708 1659437056.0
709 1659437056.0
710 1659437056.0
711 1659437056.0
712 1659437056.0
713 1659437056.0
714 1659437056.0
715 1659707392.0
716 1659707392.0
717 1659707392.0
718 1659707392.0
719 1659707392.0
720 1659707392.0
721 1659707392.0
722 1659707392.0
723 1659707392.0
724 1659707392.0
725 1659707392.0
726 1659707392.0
727 1659707392.0
728 1659813888.0
729 1659813888.0
730 1659813888.0
731 1659813888.0
732 1659813888.0
733 1659813888.0
734 1660051456.0
735 1660051456.0
736 1660051456.0
737 1660051456.0
738 1660051456.0
739 1660051456.0
740 1660051456.0
741 1660051456.0
742 1660051456.0
743 1660051456.0
744 1660051456.0
745 1660051456.0
746 1660051456.0
747 1660051456.0
748 1660051456.0
749 1660051456.0
750 1660051456.0
751 1660051456.0
752 1660051456.0
753 1660051456.0
754 1660051456.0
755 1660051456.0
756 1660051456.0
757 1660051456.0
758 1660051456.0
759 1660051456.0
760 1660051456.0
761 1660051456.0
762 1660051456.0
763 1660051456.0
764 1660051456.0
765 1660051456.0
766 1660051456.0
767 1660051456.0
768 1660051456.0
769 1660051456.0
770 1660051456.0
771 1660051456.0
772 1660051456.0
773 1660051456.0
774 1660051456.0
775 1660051456.0
776 1660051456.0
777 1660051456.0
778 1660157952.0
779 1660157952.0
780 1660157952.0
781 1660157952.0
782 1660157952.0
783 1660157952.0
784 1660157952.0
785 1660157952.0
786 1660157952.0
787 1660157952.0
788 1660157952.0
789 1660157952.0
790 1660157952.0
791 1660157952.0
792 1660157952.0
793 1660157952.0
794 1660157952.0
795 1660157952.0
796 1660170240.0
797 1660170240.0
798 1660375040.0
799 1660375040.0
800 1660375040.0
801 1660375040.0
802 1660375040.0
803 1660375040.0
804 1660375040.0
805 1660375040.0
806 1660375040.0
807 1660375040.0
808 1660596224.0
809 1660596224.0
810 1660596224.0
811 1660596224.0
812 1660596224.0
813 1660702720.0
814 1660702720.0
815 1660702720.0
816 1660702720.0
817 1660702720.0
818 1660702720.0
819 1660743680.0
820 1660743680.0
821 1660743680.0
822 1660743680.0
823 1660743680.0
824 1660743680.0
825 1660743680.0
826 1660743680.0
827 1660743680.0
828 1660743680.0
829 1660743680.0
830 1660743680.0
831 1660743680.0
832 1660743680.0
833 1660743680.0
834 1660743680.0
835 1660743680.0
836 1660743680.0
837 1660743680.0
838 1661014016.0
839 1661014016.0
840 1661014016.0
841 1661014016.0
842 1661014016.0
843 1661014016.0
844 1661014016.0
845 1661014016.0
846 1661014016.0
847 1661014016.0
848 1661014016.0
849 1661014016.0
850 1661014016.0
851 1661014016.0
852 1661014016.0
853 1661014016.0
854 1661480960.0
855 1661480960.0
856 1661480960.0
857 1661480960.0
858 1661480960.0
859 1661505536.0
860 1661505536.0
861 1661505536.0
862 1661505536.0
863 1661505536.0
864 1661505536.0
865 1661505536.0
866 1661505536.0
867 1661505536.0
868 1661505536.0
869 1661505536.0
870 1661505536.0
871 1661505536.0
872 1661505536.0
873 1661505536.0
874 1661505536.0
875 1661505536.0
876 1661505536.0
877 1661505536.0
878 1661505536.0
879 1661612032.0
880 1661612032.0
881 1661612032.0
882 1661612032.0
883 1661612032.0
884 1661612032.0
885 1661612032.0
886 1661612032.0
887 1661612032.0
888 1661612032.0
889 1661612032.0
890 1661612032.0
891 1661612032.0
892 1661612032.0
893 1661878272.0
894 1661878272.0
895 1661878272.0
896 1662148608.0
897 1662418944.0
898 1662418944.0
899 1662537728.0
900 1662537728.0
901 1662537728.0
902 1662537728.0
903 1662537728.0
904 1662537728.0
905 1662537728.0
906 1662537728.0
907 1662537728.0
908 1662537728.0
909 1662537728.0
910 1662537728.0
911 1662537728.0
912 1662537728.0
913 1662537728.0
914 1662537728.0
915 1662537728.0
916 1662537728.0
917 1662537728.0
918 1662537728.0
919 1662611456.0
920 1662701568.0
921 1662971904.0
922 1663242240.0
923 1663242240.0
924 1663242240.0
925 1663242240.0
926 1663242240.0
927 1663242240.0
928 1663242240.0
929 1663242240.0
930 1663242240.0
931 1663242240.0
932 1663242240.0
933 1663242240.0
934 1663242240.0
935 1663242240.0
936 1663242240.0
937 1663242240.0
938 1663782912.0
939 1664458752.0
940 1664458752.0
941 1664458752.0
942 1664458752.0
943 1664458752.0
944 1664458752.0
945 1664458752.0
