0 12992512.0
1 20135936.0
2 20135936.0
3 20135936.0
4 20135936.0
5 20135936.0
6 20135936.0
7 20135936.0
8 20135936.0
9 20135936.0
10 20135936.0
11 20135936.0
12 20135936.0
13 20135936.0
14 20135936.0
15 20135936.0
16 20135936.0
17 20135936.0
18 20135936.0
19 20135936.0
20 20135936.0
21 20135936.0
22 20135936.0
23 20135936.0
24 20135936.0
25 20135936.0
26 20135936.0
27 20135936.0
28 20135936.0
29 20135936.0
30 20135936.0
31 20135936.0
32 20135936.0
33 20135936.0
34 20135936.0
35 20135936.0
36 20135936.0
37 20135936.0
38 20135936.0
39 20135936.0
40 20135936.0
41 20135936.0
42 20135936.0
43 20135936.0
44 20135936.0
45 20135936.0
46 20135936.0
47 20135936.0
48 20135936.0
49 20135936.0
50 20135936.0
51 20135936.0
52 20135936.0
53 20135936.0
54 20135936.0
55 20135936.0
56 20135936.0
57 20135936.0
58 20135936.0
59 20135936.0
60 20135936.0
61 20135936.0
62 20135936.0
63 20135936.0
64 20135936.0
65 20135936.0
66 20135936.0
67 20135936.0
68 20135936.0
69 20135936.0
70 20135936.0
71 20135936.0
72 33312768.0
73 84344832.0
74 85184512.0
75 85454848.0
76 85725184.0
77 85995520.0
78 86265856.0
79 87068672.0
80 87068672.0
81 87339008.0
82 87609344.0
83 88305664.0
84 88571904.0
85 88305664.0
86 89112576.0
87 89112576.0
88 89112576.0
89 88846336.0
90 89112576.0
91 89112576.0
92 88846336.0
93 90353664.0
94 90353664.0
95 90624000.0
96 90624000.0
97 91164672.0
98 91164672.0
99 91164672.0
100 91430912.0
101 91430912.0
102 91430912.0
103 91729920.0
104 92000256.0
105 92000256.0
106 92000256.0
107 92000256.0
108 92000256.0
109 92000256.0
110 92000256.0
111 92000256.0
112 92000256.0
113 92147712.0
114 92147712.0
115 92418048.0
116 92418048.0
117 92151808.0
118 92151808.0
119 92418048.0
120 92418048.0
121 92418048.0
122 92151808.0
123 92151808.0
124 92418048.0
125 92418048.0
126 92418048.0
127 92418048.0
128 92418048.0
129 92418048.0
130 92418048.0
131 92418048.0
132 93499392.0
133 119353344.0
134 121155584.0
135 121421824.0
136 121962496.0
137 122499072.0
138 123580416.0
139 123584512.0
140 123854848.0
141 124387328.0
142 124657664.0
143 115793920.0
144 116326400.0
145 116060160.0
146 116326400.0
147 116326400.0
148 124706816.0
149 124440576.0
150 124977152.0
151 124977152.0
152 124977152.0
153 129363968.0
154 129363968.0
155 129363968.0
156 129363968.0
157 129363968.0
158 129634304.0
159 129634304.0
160 129634304.0
161 129634304.0
162 129634304.0
163 130334720.0
164 130322432.0
165 130322432.0
166 130322432.0
167 130322432.0
168 130056192.0
169 130322432.0
170 130322432.0
171 130056192.0
172 130592768.0
173 130482176.0
174 130732032.0
175 130732032.0
176 130732032.0
177 130465792.0
178 130732032.0
179 130732032.0
180 130732032.0
181 130732032.0
182 130732032.0
183 131416064.0
184 131506176.0
185 131506176.0
186 131506176.0
187 131506176.0
188 131506176.0
189 131506176.0
190 131506176.0
191 132550656.0
192 132972544.0
193 158306304.0
194 159789056.0
195 160329728.0
196 160600064.0
197 159813632.0
198 159547392.0
199 160354304.0
200 160624640.0
201 160894976.0
202 162340864.0
203 166899712.0
204 181383168.0
205 181383168.0
206 217067520.0
207 217067520.0
208 217067520.0
209 217067520.0
210 217067520.0
211 217067520.0
212 217067520.0
213 216764416.0
214 217190400.0
215 217190400.0
216 217190400.0
217 217190400.0
218 217194496.0
219 217460736.0
220 217460736.0
221 217460736.0
222 217194496.0
223 217763840.0
224 217731072.0
225 217731072.0
226 217731072.0
227 217731072.0
228 217731072.0
229 217731072.0
230 217731072.0
231 217731072.0
232 217731072.0
233 217923584.0
234 217890816.0
235 217890816.0
236 217890816.0
237 217890816.0
238 217890816.0
239 217890816.0
240 217890816.0
241 217890816.0
242 217624576.0
243 218042368.0
244 217993216.0
245 217993216.0
246 217993216.0
247 217993216.0
248 217993216.0
249 217993216.0
250 217993216.0
251 217993216.0
252 219332608.0
253 245493760.0
254 220102656.0
255 220831744.0
256 221102080.0
257 210018304.0
258 228130816.0
259 228401152.0
260 217051136.0
261 228401152.0
262 231313408.0
263 220233728.0
264 215826432.0
265 215826432.0
266 216092672.0
267 227442688.0
268 249610240.0
269 250421248.0
270 250421248.0
271 250691584.0
272 253108224.0
273 253108224.0
274 253480960.0
275 253480960.0
276 253751296.0
277 253751296.0
278 253751296.0
279 253751296.0
280 254021632.0
281 254021632.0
282 254021632.0
283 254291968.0
284 254537728.0
285 254537728.0
286 254537728.0
287 254537728.0
288 254537728.0
289 254537728.0
290 254537728.0
291 254271488.0
292 254537728.0
293 254271488.0
294 255152128.0
295 255152128.0
296 255152128.0
297 255152128.0
298 255152128.0
299 255152128.0
300 255152128.0
301 255152128.0
302 255152128.0
303 255152128.0
304 255873024.0
305 256598016.0
306 256598016.0
307 256598016.0
308 256598016.0
309 256598016.0
310 256598016.0
311 256598016.0
312 257486848.0
313 313040896.0
314 276320256.0
315 276946944.0
316 277213184.0
317 250597376.0
318 239325184.0
319 239136768.0
320 240214016.0
321 276160512.0
322 289640448.0
323 289910784.0
324 290680832.0
325 290619392.0
326 290619392.0
327 290619392.0
328 298459136.0
329 298999808.0
330 299270144.0
331 299270144.0
332 302551040.0
333 302284800.0
334 302886912.0
335 303263744.0
336 303263744.0
337 302997504.0
338 303263744.0
339 302731264.0
340 303271936.0
341 304074752.0
342 303808512.0
343 303808512.0
344 304427008.0
345 303587328.0
346 304316416.0
347 304316416.0
348 304586752.0
349 304586752.0
350 304586752.0
351 304586752.0
352 304586752.0
353 304586752.0
354 304902144.0
355 305065984.0
356 305065984.0
357 305065984.0
358 305065984.0
359 304799744.0
360 305065984.0
361 305065984.0
362 305065984.0
363 304799744.0
364 304799744.0
365 304549888.0
366 305012736.0
367 304283648.0
368 305360896.0
369 305360896.0
370 305360896.0
371 305360896.0
372 307253248.0
373 335024128.0
374 332136448.0
375 319619072.0
376 319614976.0
377 315162624.0
378 304377856.0
379 304648192.0
380 304652288.0
381 305188864.0
382 305725440.0
383 307224576.0
384 307224576.0
385 320884736.0
386 322232320.0
387 322232320.0
388 322232320.0
389 331345920.0
390 353783808.0
391 353783808.0
392 354316288.0
393 358076416.0
394 357810176.0
395 357388288.0
396 358760448.0
397 359026688.0
398 358760448.0
399 359026688.0
400 359026688.0
401 358031360.0
402 359387136.0
403 360734720.0
404 360734720.0
405 360210432.0
406 361672704.0
407 362668032.0
408 363200512.0
409 363200512.0
410 362934272.0
411 363200512.0
412 362668032.0
413 362668032.0
414 362934272.0
415 361877504.0
416 363483136.0
417 363216896.0
418 363753472.0
419 364478464.0
420 364478464.0
421 364478464.0
422 364478464.0
423 364478464.0
424 364478464.0
425 362958848.0
426 363364352.0
427 364359680.0
428 364822528.0
429 365088768.0
430 365088768.0
431 365088768.0
432 366915584.0
433 391106560.0
434 385429504.0
435 382312448.0
436 382705664.0
437 385236992.0
438 385503232.0
439 387842048.0
440 388915200.0
441 387391488.0
442 387928064.0
443 401252352.0
444 402063360.0
445 402849792.0
446 403238912.0
447 404320256.0
448 405315584.0
449 404320256.0
450 405581824.0
451 405581824.0
452 405581824.0
453 406118400.0
454 406581248.0
455 407121920.0
456 406548480.0
457 407080960.0
458 407080960.0
459 407080960.0
460 407080960.0
461 407080960.0
462 406282240.0
463 406814720.0
464 406548480.0
465 406564864.0
466 405344256.0
467 405880832.0
468 406876160.0
469 407142400.0
470 407142400.0
471 406876160.0
472 407142400.0
473 407142400.0
474 407142400.0
475 406876160.0
476 406962176.0
477 408584192.0
478 408584192.0
479 408584192.0
480 408584192.0
481 408317952.0
482 408584192.0
483 408584192.0
484 408051712.0
485 407785472.0
486 407212032.0
487 407232512.0
488 407232512.0
489 407232512.0
490 383078400.0
491 385175552.0
492 385441792.0
493 386240512.0
494 385974272.0
495 386781184.0
496 385052672.0
497 387452928.0
498 387723264.0
499 387723264.0
500 387723264.0
501 387723264.0
502 387723264.0
503 387723264.0
504 387723264.0
505 387723264.0
506 386420736.0
507 388599808.0
508 388333568.0
509 388067328.0
510 388067328.0
511 388067328.0
512 388067328.0
513 387874816.0
514 388333568.0
515 388599808.0
516 387325952.0
517 387022848.0
518 389013504.0
519 389013504.0
520 389013504.0
521 389013504.0
522 389013504.0
523 389013504.0
524 389013504.0
525 389013504.0
526 385716224.0
527 387104768.0
528 386109440.0
529 386109440.0
530 385843200.0
531 385114112.0
532 386375680.0
533 386572288.0
534 386306048.0
535 386838528.0
536 386224128.0
537 385331200.0
538 386060288.0
539 386060288.0
540 386060288.0
541 386326528.0
542 386326528.0
543 386326528.0
544 386326528.0
545 386326528.0
546 386945024.0
547 386605056.0
548 387600384.0
549 387600384.0
550 350814208.0
551 351629312.0
552 351629312.0
553 351629312.0
554 351629312.0
555 351629312.0
556 351404032.0
557 351268864.0
558 351268864.0
559 351535104.0
560 351268864.0
561 351535104.0
562 351535104.0
563 351268864.0
564 351535104.0
565 351535104.0
566 351854592.0
567 352038912.0
568 352038912.0
569 352038912.0
570 352038912.0
571 352038912.0
572 352038912.0
573 352038912.0
574 352038912.0
575 351772672.0
576 352047104.0
577 350728192.0
578 351723520.0
579 351723520.0
580 351989760.0
581 351989760.0
582 351723520.0
583 351723520.0
584 351457280.0
585 351457280.0
586 351723520.0
587 350654464.0
588 351649792.0
589 351916032.0
590 351916032.0
591 351916032.0
592 351916032.0
593 351916032.0
594 351649792.0
595 351916032.0
596 351916032.0
597 350629888.0
598 351625216.0
599 351625216.0
600 351891456.0
601 351891456.0
602 351891456.0
603 351625216.0
604 351625216.0
605 351625216.0
606 351358976.0
607 350846976.0
608 350846976.0
609 351309824.0
610 338677760.0
611 318173184.0
612 317906944.0
613 318709760.0
614 318824448.0
615 320712704.0
616 320712704.0
617 320135168.0
618 320667648.0
619 320667648.0
620 320667648.0
621 320667648.0
622 320667648.0
623 320667648.0
624 320667648.0
625 320667648.0
626 320667648.0
627 319893504.0
628 320643072.0
629 320643072.0
630 320643072.0
631 320643072.0
632 320376832.0
633 320376832.0
634 320643072.0
635 320643072.0
636 320376832.0
637 319885312.0
638 320045056.0
639 320311296.0
640 320311296.0
641 320577536.0
642 320311296.0
643 320577536.0
644 320577536.0
645 320577536.0
646 320577536.0
647 320086016.0
648 320593920.0
649 320593920.0
650 320593920.0
651 320327680.0
652 320327680.0
653 320593920.0
654 320593920.0
655 320061440.0
656 319795200.0
657 319836160.0
658 320450560.0
659 320716800.0
660 320716800.0
661 320450560.0
662 320716800.0
663 320716800.0
664 320716800.0
665 320716800.0
666 320716800.0
667 319942656.0
668 320659456.0
669 320659456.0
670 320929792.0
671 320929792.0
672 320929792.0
673 320929792.0
674 320929792.0
675 320929792.0
676 320663552.0
677 320999424.0
678 321015808.0
679 321015808.0
680 321015808.0
681 321015808.0
682 320749568.0
683 321015808.0
684 321015808.0
685 321015808.0
686 321015808.0
687 321056768.0
688 320970752.0
689 320970752.0
690 320970752.0
691 320970752.0
692 320970752.0
693 320970752.0
694 320970752.0
695 320970752.0
696 320970752.0
697 320737280.0
698 320905216.0
699 320638976.0
700 320905216.0
701 320905216.0
702 320638976.0
703 320905216.0
704 320372736.0
705 320372736.0
706 320638976.0
707 320679936.0
708 320872448.0
709 320872448.0
710 320606208.0
711 320872448.0
712 320872448.0
713 320872448.0
714 320872448.0
715 320872448.0
716 320872448.0
717 320872448.0
718 320823296.0
719 320823296.0
720 320823296.0
721 320823296.0
722 320823296.0
723 320823296.0
724 320823296.0
725 320823296.0
726 320823296.0
727 320557056.0
728 320765952.0
729 320765952.0
730 320499712.0
731 320233472.0
732 320233472.0
733 320499712.0
734 320499712.0
735 320499712.0
736 320499712.0
737 320233472.0
738 320499712.0
739 320499712.0
740 320499712.0
741 320499712.0
742 320499712.0
743 320499712.0
744 320499712.0
745 320499712.0
746 320499712.0
747 320499712.0
748 320450560.0
749 320184320.0
750 320450560.0
751 320450560.0
752 320450560.0
753 320450560.0
754 320450560.0
755 320450560.0
756 320450560.0
757 320450560.0
758 320425984.0
759 320425984.0
760 320425984.0
761 320425984.0
762 320425984.0
763 320425984.0
764 320425984.0
765 320425984.0
766 320425984.0
767 320425984.0
768 320376832.0
769 320385024.0
770 320385024.0
771 320385024.0
772 320385024.0
773 320385024.0
774 320385024.0
775 320385024.0
776 320385024.0
777 320118784.0
778 320393216.0
779 320323584.0
780 320323584.0
781 320323584.0
782 320323584.0
783 320057344.0
784 320323584.0
785 320323584.0
786 320323584.0
787 320323584.0
788 320872448.0
789 320851968.0
790 320851968.0
791 320851968.0
792 320851968.0
793 320851968.0
794 320851968.0
795 320851968.0
796 320851968.0
797 320851968.0
798 320860160.0
799 320782336.0
800 320782336.0
801 320782336.0
802 320782336.0
803 320782336.0
804 320782336.0
805 320782336.0
806 320782336.0
807 320782336.0
808 320790528.0
809 320716800.0
810 320716800.0
811 320716800.0
812 320716800.0
813 320716800.0
814 320716800.0
815 320716800.0
816 320716800.0
817 320716800.0
818 320733184.0
819 320667648.0
820 320667648.0
821 320667648.0
822 320667648.0
823 320667648.0
824 320667648.0
825 320667648.0
826 320667648.0
827 320667648.0
828 320692224.0
829 320634880.0
830 320634880.0
831 320634880.0
832 320634880.0
833 320634880.0
834 320634880.0
835 320634880.0
836 320634880.0
837 320634880.0
838 320651264.0
839 320835584.0
840 320835584.0
841 320835584.0
842 320835584.0
843 320835584.0
844 320835584.0
845 320835584.0
846 320835584.0
847 320835584.0
848 320851968.0
849 320786432.0
850 320786432.0
851 320786432.0
852 320786432.0
853 320786432.0
854 320786432.0
855 320786432.0
856 320786432.0
857 320786432.0
858 320782336.0
859 320708608.0
860 320708608.0
861 320708608.0
862 320708608.0
863 320708608.0
864 320978944.0
865 320978944.0
866 320978944.0
867 320978944.0
868 320978944.0
869 320888832.0
870 320888832.0
871 320888832.0
872 320888832.0
873 320888832.0
874 320888832.0
875 320888832.0
876 320888832.0
877 320888832.0
878 320888832.0
879 320778240.0
880 320778240.0
881 320778240.0
882 320778240.0
883 320778240.0
884 320778240.0
885 320778240.0
886 320778240.0
887 320778240.0
888 320778240.0
889 321196032.0
890 321196032.0
891 321196032.0
892 321196032.0
893 321196032.0
894 321196032.0
895 321196032.0
896 321196032.0
897 321196032.0
898 321196032.0
899 321183744.0
900 321150976.0
901 321150976.0
902 321150976.0
903 321150976.0
904 321150976.0
905 321150976.0
906 321150976.0
907 321150976.0
908 321150976.0
909 321175552.0
910 321101824.0
911 321101824.0
912 321101824.0
913 321101824.0
914 321101824.0
915 321101824.0
916 321101824.0
917 321101824.0
918 321101824.0
919 321118208.0
920 321044480.0
921 321044480.0
922 321044480.0
923 321044480.0
924 321044480.0
925 321044480.0
926 321044480.0
927 321044480.0
928 321044480.0
929 321175552.0
930 321077248.0
931 321077248.0
932 321077248.0
933 321077248.0
934 321077248.0
935 321077248.0
936 321077248.0
937 321077248.0
938 321077248.0
939 321560576.0
940 321458176.0
941 321458176.0
942 321458176.0
943 321458176.0
944 321458176.0
945 321458176.0
