0 43249664.0
1 43249664.0
2 43249664.0
3 43249664.0
4 44392448.0
5 44392448.0
6 44392448.0
7 44392448.0
8 44392448.0
9 44392448.0
10 44392448.0
11 44392448.0
12 44392448.0
13 81072128.0
14 96993280.0
15 96993280.0
16 46383104.0
17 64397312.0
18 64397312.0
19 64397312.0
20 64397312.0
21 64397312.0
22 64397312.0
23 64397312.0
24 64397312.0
25 64397312.0
26 64397312.0
27 64397312.0
28 64397312.0
29 64397312.0
30 64397312.0
31 64397312.0
32 64397312.0
33 64397312.0
34 64397312.0
35 64397312.0
36 64397312.0
37 64397312.0
38 64397312.0
39 64397312.0
40 64397312.0
41 64397312.0
42 64397312.0
43 64397312.0
44 64397312.0
45 64397312.0
46 64397312.0
47 64397312.0
48 64397312.0
49 64397312.0
50 64397312.0
51 64397312.0
52 64397312.0
53 64397312.0
54 64397312.0
55 64397312.0
56 64397312.0
57 64397312.0
58 64397312.0
59 64397312.0
60 64397312.0
61 64397312.0
62 64397312.0
63 64397312.0
64 64397312.0
65 64397312.0
66 64397312.0
67 64397312.0
68 64397312.0
69 64397312.0
70 64397312.0
71 64397312.0
72 64397312.0
73 94494720.0
74 94494720.0
75 94494720.0
76 94494720.0
77 94494720.0
78 94494720.0
79 94494720.0
80 94494720.0
81 94494720.0
82 94494720.0
83 94494720.0
84 94494720.0
85 94494720.0
86 94494720.0
87 94494720.0
88 96665600.0
89 96665600.0
90 96665600.0
91 96665600.0
92 96665600.0
93 96665600.0
94 96665600.0
95 96665600.0
96 96665600.0
97 96665600.0
98 98553856.0
99 98816000.0
100 98816000.0
101 63455232.0
102 63455232.0
103 64086016.0
104 64086016.0
105 64086016.0
106 64086016.0
107 65376256.0
108 65785856.0
109 65785856.0
110 66502656.0
111 67035136.0
112 67035136.0
113 67035136.0
114 67035136.0
115 67035136.0
116 67514368.0
117 65064960.0
118 66486272.0
119 66486272.0
120 67067904.0
121 67575808.0
122 67575808.0
123 67575808.0
124 67575808.0
125 67575808.0
126 67575808.0
127 68579328.0
128 69574656.0
129 69574656.0
130 70213632.0
131 70746112.0
132 70746112.0
133 101003264.0
134 101003264.0
135 101003264.0
136 101003264.0
137 101539840.0
138 102637568.0
139 102637568.0
140 102637568.0
141 103481344.0
142 103481344.0
143 103481344.0
144 103481344.0
145 103481344.0
146 103481344.0
147 104226816.0
148 105095168.0
149 105095168.0
150 105095168.0
151 106627072.0
152 107159552.0
153 71299072.0
154 71299072.0
155 71299072.0
156 71299072.0
157 72417280.0
158 74133504.0
159 74133504.0
160 74133504.0
161 74727424.0
162 75792384.0
163 75792384.0
164 75792384.0
165 75792384.0
166 75792384.0
167 74403840.0
168 75595776.0
169 75595776.0
170 76120064.0
171 76914688.0
172 76914688.0
173 77172736.0
174 77172736.0
175 77172736.0
176 77172736.0
177 78721024.0
178 79663104.0
179 79663104.0
180 79663104.0
181 77312000.0
182 77312000.0
183 77578240.0
184 77578240.0
185 77578240.0
186 77578240.0
187 79925248.0
188 80859136.0
189 80859136.0
190 81506304.0
191 82571264.0
192 82571264.0
193 79724544.0
194 79724544.0
195 79724544.0
196 79724544.0
197 81117184.0
198 82407424.0
199 83255296.0
200 83255296.0
201 84049920.0
202 84320256.0
203 84320256.0
204 84320256.0
205 84320256.0
206 84320256.0
207 85327872.0
208 83030016.0
209 83030016.0
210 83681280.0
211 84987904.0
212 85258240.0
213 87613440.0
214 87613440.0
215 87613440.0
216 87613440.0
217 88358912.0
218 91283456.0
219 91283456.0
220 91283456.0
221 87851008.0
222 89825280.0
223 89825280.0
224 89825280.0
225 89825280.0
226 89825280.0
227 90820608.0
228 93224960.0
229 93224960.0
230 93745152.0
231 93745152.0
232 95342592.0
233 95342592.0
234 95342592.0
235 95342592.0
236 95342592.0
237 91529216.0
238 94752768.0
239 94752768.0
240 95014912.0
241 95248384.0
242 96841728.0
243 96841728.0
244 96841728.0
245 96841728.0
246 96841728.0
247 97308672.0
248 96243712.0
249 96505856.0
250 96505856.0
251 96899072.0
252 98496512.0
253 128884736.0
254 128884736.0
255 128884736.0
256 128884736.0
257 128884736.0
258 93380608.0
259 95088640.0
260 95088640.0
261 95088640.0
262 96751616.0
263 96751616.0
264 98811904.0
265 98811904.0
266 98811904.0
267 98811904.0
268 100343808.0
269 97619968.0
270 97619968.0
271 99463168.0
272 101060608.0
273 101060608.0
274 101060608.0
275 101060608.0
276 101060608.0
277 101060608.0
278 103620608.0
279 101601280.0
280 101601280.0
281 101601280.0
282 104448000.0
283 104448000.0
284 104685568.0
285 104685568.0
286 104685568.0
287 105181184.0
288 107257856.0
289 104009728.0
290 104009728.0
291 104853504.0
292 107233280.0
293 107233280.0
294 107233280.0
295 107233280.0
296 107233280.0
297 107704320.0
298 109846528.0
299 111874048.0
300 111874048.0
301 112898048.0
302 115023872.0
303 115023872.0
304 109359104.0
305 109359104.0
306 109359104.0
307 109359104.0
308 112332800.0
309 114139136.0
310 114139136.0
311 115060736.0
312 118943744.0
313 153415680.0
314 153677824.0
315 153677824.0
316 153677824.0
317 153677824.0
318 155742208.0
319 116981760.0
320 117641216.0
321 117641216.0
322 119955456.0
323 119955456.0
324 119955456.0
325 119955456.0
326 119955456.0
327 119955456.0
328 122048512.0
329 120086528.0
330 120913920.0
331 121696256.0
332 123285504.0
333 123555840.0
334 125599744.0
335 125599744.0
336 125599744.0
337 125599744.0
338 128708608.0
339 126877696.0
340 126877696.0
341 127410176.0
342 128806912.0
343 130142208.0
344 130629632.0
345 130629632.0
346 130629632.0
347 130629632.0
348 131330048.0
349 130174976.0
350 130174976.0
351 130957312.0
352 130957312.0
353 133619712.0
354 133619712.0
355 133877760.0
356 133877760.0
357 133877760.0
358 134365184.0
359 137662464.0
360 133488640.0
361 134139904.0
362 134139904.0
363 137043968.0
364 137043968.0
365 139071488.0
366 139071488.0
367 139071488.0
368 139542528.0
369 142176256.0
370 139673600.0
371 140206080.0
372 140206080.0
373 177573888.0
374 177573888.0
375 177573888.0
376 177573888.0
377 177573888.0
378 177573888.0
379 141914112.0
380 144195584.0
381 144195584.0
382 144195584.0
383 147116032.0
384 147116032.0
385 147116032.0
386 147116032.0
387 147116032.0
388 147116032.0
389 149635072.0
390 146432000.0
391 146432000.0
392 147484672.0
393 150679552.0
394 150679552.0
395 152240128.0
396 152240128.0
397 152240128.0
398 152240128.0
399 151912448.0
400 154742784.0
401 154742784.0
402 154742784.0
403 157814784.0
404 158617600.0
405 153817088.0
406 153817088.0
407 153817088.0
408 153817088.0
409 157855744.0
410 155987968.0
411 155987968.0
412 157298688.0
413 159690752.0
414 160493568.0
415 160493568.0
416 160493568.0
417 160493568.0
418 160493568.0
419 160444416.0
420 162807808.0
421 162807808.0
422 163328000.0
423 166236160.0
424 166506496.0
425 163295232.0
426 163295232.0
427 163295232.0
428 163295232.0
429 167669760.0
430 169512960.0
431 169512960.0
432 170295296.0
433 180944896.0
434 180944896.0
435 180944896.0
436 180944896.0
437 180944896.0
438 180944896.0
439 183402496.0
440 186372096.0
441 186372096.0
442 186372096.0
443 187478016.0
444 190005248.0
445 168230912.0
446 168230912.0
447 168230912.0
448 168230912.0
449 168620032.0
450 174055424.0
451 170438656.0
452 170438656.0
453 170438656.0
454 174784512.0
455 177344512.0
456 177344512.0
457 177344512.0
458 177344512.0
459 177827840.0
460 179367936.0
461 179863552.0
462 179863552.0
463 180654080.0
464 184094720.0
465 179007488.0
466 179007488.0
467 179007488.0
468 179007488.0
469 179605504.0
470 184786944.0
471 183160832.0
472 183160832.0
473 183693312.0
474 186867712.0
475 187674624.0
476 187674624.0
477 187674624.0
478 187674624.0
479 183803904.0
480 187985920.0
481 190251008.0
482 190251008.0
483 190971904.0
484 194699264.0
485 194699264.0
486 189931520.0
487 189931520.0
488 189931520.0
489 189931520.0
490 194830336.0
491 196976640.0
492 196976640.0
493 232296448.0
494 197033984.0
495 197423104.0
496 197423104.0
497 197423104.0
498 197423104.0
499 197423104.0
500 201146368.0
501 199421952.0
502 199421952.0
503 200273920.0
504 202915840.0
505 203456512.0
506 205053952.0
507 205053952.0
508 205053952.0
509 205053952.0
510 203788288.0
511 205910016.0
512 205910016.0
513 206757888.0
514 209932288.0
515 209932288.0
516 209932288.0
517 209932288.0
518 209932288.0
519 209932288.0
520 209170432.0
521 211742720.0
522 211742720.0
523 212062208.0
524 214757376.0
525 215289856.0
526 209944576.0
527 209944576.0
528 209944576.0
529 209944576.0
530 212725760.0
531 216014848.0
532 216014848.0
533 216735744.0
534 217260032.0
535 215859200.0
536 215859200.0
537 215859200.0
538 215859200.0
539 215859200.0
540 217939968.0
541 218435584.0
542 218705920.0
543 219295744.0
544 219820032.0
545 222220288.0
546 220049408.0
547 220049408.0
548 220049408.0
549 220049408.0
550 222576640.0
551 225558528.0
552 225558528.0
553 260030464.0
554 224882688.0
555 226955264.0
556 226955264.0
557 226955264.0
558 226955264.0
559 226955264.0
560 227778560.0
561 226906112.0
562 227155968.0
563 228462592.0
564 228462592.0
565 231112704.0
566 231112704.0
567 232710144.0
568 232710144.0
569 232710144.0
570 233340928.0
571 236662784.0
572 232251392.0
573 232251392.0
574 233041920.0
575 236204032.0
576 236204032.0
577 236204032.0
578 236204032.0
579 236204032.0
580 236650496.0
581 239759360.0
582 241156096.0
583 241156096.0
584 241647616.0
585 244277248.0
586 244277248.0
587 237682688.0
588 237682688.0
589 237682688.0
590 238317568.0
591 241016832.0
592 243183616.0
593 243183616.0
594 243777536.0
595 241909760.0
596 241909760.0
597 241909760.0
598 241909760.0
599 241909760.0
600 242581504.0
601 245190656.0
602 247193600.0
603 247193600.0
604 247726080.0
605 244830208.0
606 244830208.0
607 244830208.0
608 244830208.0
609 244830208.0
610 247103488.0
611 249516032.0
612 251371520.0
613 281518080.0
614 281518080.0
615 247140352.0
616 247140352.0
617 247353344.0
618 247353344.0
619 247353344.0
620 247926784.0
621 249786368.0
622 251944960.0
623 251944960.0
624 252207104.0
625 249745408.0
626 249745408.0
627 249745408.0
628 249745408.0
629 249745408.0
630 250138624.0
631 252657664.0
632 254226432.0
633 254226432.0
634 255000576.0
635 252452864.0
636 252452864.0
637 252694528.0
638 252694528.0
639 252694528.0
640 252694528.0
641 255528960.0
642 257167360.0
643 257167360.0
644 257880064.0
645 255815680.0
646 255815680.0
647 257511424.0
648 257511424.0
649 257511424.0
650 258101248.0
651 260456448.0
652 258637824.0
653 258637824.0
654 259432448.0
655 261857280.0
656 261857280.0
657 261857280.0
658 261857280.0
659 261857280.0
660 261857280.0
661 261312512.0
662 263340032.0
663 263340032.0
664 263733248.0
665 266100736.0
666 266100736.0
667 266100736.0
668 266100736.0
669 266100736.0
670 266100736.0
671 264593408.0
672 266338304.0
673 300810240.0
674 300810240.0
675 302743552.0
676 303013888.0
677 267497472.0
678 267497472.0
679 267497472.0
680 267497472.0
681 270041088.0
682 271962112.0
683 271962112.0
684 272355328.0
685 273924096.0
686 274194432.0
687 270049280.0
688 270049280.0
689 270049280.0
690 270049280.0
691 272592896.0
692 274518016.0
693 274518016.0
694 274518016.0
695 276275200.0
696 276545536.0
697 272801792.0
698 272801792.0
699 272801792.0
700 272801792.0
701 274563072.0
702 276893696.0
703 276893696.0
704 276893696.0
705 277438464.0
706 279015424.0
707 274972672.0
708 274972672.0
709 274972672.0
710 274972672.0
711 275591168.0
712 279007232.0
713 279007232.0
714 279007232.0
715 279588864.0
716 281165824.0
717 281165824.0
718 278818816.0
719 278818816.0
720 278818816.0
721 279490560.0
722 281329664.0
723 282726400.0
724 282726400.0
725 283414528.0
726 280969216.0
727 280969216.0
728 281202688.0
729 281202688.0
730 281202688.0
731 281845760.0
732 283217920.0
733 319119360.0
734 319119360.0
735 319774720.0
736 320839680.0
737 320839680.0
738 283897856.0
739 283897856.0
740 283897856.0
741 284499968.0
742 285872128.0
743 287531008.0
744 287531008.0
745 288092160.0
746 289157120.0
747 289157120.0
748 285507584.0
749 285507584.0
750 285507584.0
751 286511104.0
752 287485952.0
753 288976896.0
754 288976896.0
755 289607680.0
756 290672640.0
757 290672640.0
758 287285248.0
759 287285248.0
760 287285248.0
761 287285248.0
762 289267712.0
763 290537472.0
764 290537472.0
765 291229696.0
766 292294656.0
767 292294656.0
768 293916672.0
769 293916672.0
770 293916672.0
771 293916672.0
772 292249600.0
773 293576704.0
774 293576704.0
775 294207488.0
776 295272448.0
777 295272448.0
778 295272448.0
779 295272448.0
780 295272448.0
781 295272448.0
782 293535744.0
783 295002112.0
784 295002112.0
785 295534592.0
786 296599552.0
787 296599552.0
788 296599552.0
789 296599552.0
790 296599552.0
791 296599552.0
792 294199296.0
793 330199040.0
794 330199040.0
795 330199040.0
796 331526144.0
797 331526144.0
798 332906496.0
799 332906496.0
800 332906496.0
801 332906496.0
802 297377792.0
803 299130880.0
804 299130880.0
805 299651072.0
806 299913216.0
807 300163072.0
808 300163072.0
809 300163072.0
810 300163072.0
811 300163072.0
812 301182976.0
813 298831872.0
814 298831872.0
815 299536384.0
816 300187648.0
817 300457984.0
818 300457984.0
819 300457984.0
820 300457984.0
821 300457984.0
822 300978176.0
823 302755840.0
824 302755840.0
825 302755840.0
826 300457984.0
827 301125632.0
828 301125632.0
829 301125632.0
830 301125632.0
831 301125632.0
832 301989888.0
833 303230976.0
834 303230976.0
835 303230976.0
836 303861760.0
837 304259072.0
838 301461504.0
839 303214592.0
840 303214592.0
841 303214592.0
842 303894528.0
843 305057792.0
844 305598464.0
845 305598464.0
846 306552832.0
847 307085312.0
848 307085312.0
849 307085312.0
850 307085312.0
851 307085312.0
852 304631808.0
853 339824640.0
854 340074496.0
855 340074496.0
856 340828160.0
857 340828160.0
858 340828160.0
859 341053440.0
860 341053440.0
861 341053440.0
862 341053440.0
863 341315584.0
864 342306816.0
865 342306816.0
866 342306816.0
867 306544640.0
868 306544640.0
869 306544640.0
870 306544640.0
871 306544640.0
872 306544640.0
873 307081216.0
874 307834880.0
875 307834880.0
876 307834880.0
877 308756480.0
878 308756480.0
879 308756480.0
880 308756480.0
881 308756480.0
882 308756480.0
883 309288960.0
884 307933184.0
885 307933184.0
886 307933184.0
887 308457472.0
888 308457472.0
889 309829632.0
890 309829632.0
891 309829632.0
892 309829632.0
893 310480896.0
894 310976512.0
895 310976512.0
896 310976512.0
897 311468032.0
898 311468032.0
899 308998144.0
900 308998144.0
901 308998144.0
902 308998144.0
903 309538816.0
904 310833152.0
905 310833152.0
906 310833152.0
907 311328768.0
908 311328768.0
909 311328768.0
910 311328768.0
911 311328768.0
912 311328768.0
913 341962752.0
914 307384320.0
915 307384320.0
916 307384320.0
917 308154368.0
918 308154368.0
919 308154368.0
920 308154368.0
921 308154368.0
922 308154368.0
923 308686848.0
924 309149696.0
925 309149696.0
926 309149696.0
927 309669888.0
928 309669888.0
929 307073024.0
930 307073024.0
931 307073024.0
932 307073024.0
933 307654656.0
934 308436992.0
935 308436992.0
936 308436992.0
937 309190656.0
938 309190656.0
939 309190656.0
940 309190656.0
941 309190656.0
942 309190656.0
943 309673984.0
944 309866496.0
945 310136832.0
