0 0.0
1 168.0
2 160.0
3 90.0
4 0.0
5 0.0
6 70.0
7 0.0
8 0.0
9 0.0
10 70.0
11 150.0
12 0.0
13 0.0
14 0.0
15 0.0
16 3690.0
17 53970.0
18 0.0
19 0.0
20 0.0
21 0.0
22 0.0
23 0.0
24 0.0
25 0.0
26 0.0
27 0.0
28 0.0
29 0.0
30 0.0
31 0.0
32 0.0
33 0.0
34 0.0
35 0.0
36 0.0
37 0.0
38 0.0
39 0.0
40 0.0
41 0.0
42 0.0
43 17397.0
44 4878.0
45 0.0
46 0.0
47 0.0
48 0.0
49 0.0
50 0.0
51 0.0
52 0.0
53 0.0
54 0.0
55 0.0
56 0.0
57 0.0
58 0.0
59 0.0
60 0.0
61 0.0
62 0.0
63 0.0
64 0.0
65 0.0
66 0.0
67 0.0
68 0.0
69 0.0
70 48442.0
71 5910.0
72 16289.0
73 14041.0
74 15862.0
75 15660.0
76 20969.0
77 22539.0
78 24204.0
79 22140.0
80 22865.0
81 21197.0
82 24872.0
83 27002.0
84 26939.0
85 27366.0
86 26655.0
87 28223.0
88 27458.0
89 28101.0
90 27305.0
91 28647.0
92 29460.0
93 28367.0
94 30067.0
95 37559.0
96 50722.0
97 46523.0
98 49792.0
99 50987.0
100 51438.0
101 52366.0
102 42827.0
103 48305.0
104 47387.0
105 50398.0
106 53554.0
107 50676.0
108 58180.0
109 55409.0
110 71747.0
111 78372.0
112 77402.0
113 81824.0
114 73689.0
115 82751.0
116 80229.0
117 78313.0
118 76116.0
119 78986.0
120 79100.0
121 83880.0
122 73782.0
123 81469.0
124 81006.0
125 84004.0
126 78176.0
127 74208.0
128 77424.0
129 75083.0
130 1014442.0
131 2667323.0
132 100028.0
133 92728.0
134 54810.0
135 46865.0
136 50550.0
137 50001.0
138 53095.0
139 51916.0
140 49702.0
141 50605.0
142 51653.0
143 58819.0
144 54326.0
145 61412.0
146 52598.0
147 78787.0
148 80375.0
149 68351.0
150 70271.0
151 80022.0
152 87844.0
153 95974.0
154 89498.0
155 106569.0
156 119705.0
157 113123.0
158 129487.0
159 146692.0
160 149219.0
161 167017.0
162 153431.0
163 167236.0
164 158653.0
165 166782.0
166 156530.0
167 158172.0
168 156861.0
169 148053.0
170 162515.0
171 150953.0
172 159676.0
173 155253.0
174 147472.0
175 161676.0
176 163031.0
177 135679.0
178 149502.0
179 158853.0
180 150785.0
181 166568.0
182 158731.0
183 163085.0
184 159831.0
185 158762.0
186 162994.0
187 157558.0
188 154125.0
189 154762.0
190 2984266.0
191 830465.0
192 148877.0
193 271033.0
194 185638.0
195 86934.0
196 92142.0
197 252412.0
198 105663.0
199 112358.0
200 91697.0
201 82345.0
202 108831.0
203 92568.0
204 112274.0
205 121346.0
206 119515.0
207 178892.0
208 165211.0
209 120482.0
210 163258.0
211 157596.0
212 146590.0
213 130253.0
214 163152.0
215 199221.0
216 206677.0
217 217516.0
218 238068.0
219 233407.0
220 235803.0
221 236331.0
222 237661.0
223 262361.0
224 222696.0
225 247638.0
226 234342.0
227 229486.0
228 235153.0
229 234225.0
230 237769.0
231 229719.0
232 236918.0
233 235123.0
234 244903.0
235 243080.0
236 233409.0
237 242823.0
238 240349.0
239 236034.0
240 230099.0
241 240394.0
242 236552.0
243 230885.0
244 240283.0
245 242068.0
246 234956.0
247 234276.0
248 235218.0
249 231596.0
250 3093458.0
251 2588939.0
252 257885.0
253 204323.0
254 104433.0
255 111129.0
256 114876.0
257 106536.0
258 128211.0
259 124771.0
260 117403.0
261 113807.0
262 115711.0
263 113394.0
264 108068.0
265 153914.0
266 177820.0
267 176995.0
268 176140.0
269 84273.0
270 228697.0
271 229020.0
272 218006.0
273 205761.0
274 188983.0
275 210538.0
276 220824.0
277 270653.0
278 267354.0
279 279654.0
280 279513.0
281 286829.0
282 293449.0
283 292516.0
284 300776.0
285 317873.0
286 305993.0
287 314407.0
288 323212.0
289 316886.0
290 312047.0
291 314426.0
292 304092.0
293 319645.0
294 321498.0
295 334108.0
296 319424.0
297 300920.0
298 303816.0
299 319506.0
300 307603.0
301 313487.0
302 321587.0
303 307649.0
304 323759.0
305 336732.0
306 314734.0
307 305194.0
308 302475.0
309 312002.0
310 3185504.0
311 1400535.0
312 340407.0
313 274091.0
314 211125.0
315 302338.0
316 231863.0
317 295928.0
318 282814.0
319 186302.0
320 213216.0
321 160297.0
322 245676.0
323 130225.0
324 268091.0
325 207685.0
326 280550.0
327 256481.0
328 187160.0
329 320526.0
330 325636.0
331 329395.0
332 294341.0
333 275087.0
334 340302.0
335 414371.0
336 428756.0
337 378923.0
338 386934.0
339 402527.0
340 426107.0
341 404118.0
342 416760.0
343 423641.0
344 415501.0
345 433461.0
346 420084.0
347 410667.0
348 418863.0
349 411647.0
350 397373.0
351 415202.0
352 404933.0
353 414498.0
354 410119.0
355 414906.0
356 431205.0
357 408069.0
358 391563.0
359 414086.0
360 412553.0
361 410924.0
362 421404.0
363 393492.0
364 424420.0
365 416214.0
366 426269.0
367 404973.0
368 418182.0
369 407170.0
370 4763547.0
371 1736689.0
372 436998.0
373 357918.0
374 140652.0
375 154857.0
376 201612.0
377 178974.0
378 160499.0
379 128521.0
380 228208.0
381 182073.0
382 138716.0
383 299779.0
384 204515.0
385 193112.0
386 278965.0
387 130463.0
388 263191.0
389 275975.0
390 333021.0
391 232867.0
392 385748.0
393 283801.0
394 413743.0
395 319753.0
396 281970.0
397 432468.0
398 401553.0
399 405439.0
400 492776.0
401 489524.0
402 431761.0
403 494180.0
404 477250.0
405 511256.0
406 486424.0
407 481539.0
408 471137.0
409 478753.0
410 464112.0
411 493946.0
412 474308.0
413 496308.0
414 483906.0
415 515157.0
416 493898.0
417 488175.0
418 459760.0
419 480824.0
420 479855.0
421 469773.0
422 490774.0
423 477773.0
424 484591.0
425 510157.0
426 482264.0
427 491177.0
428 468811.0
429 482538.0
430 3341319.0
431 1569026.0
432 501259.0
433 341718.0
434 237362.0
435 255021.0
436 169137.0
437 258535.0
438 332997.0
439 127371.0
440 173199.0
441 220969.0
442 136791.0
443 499446.0
444 234671.0
445 162100.0
446 355287.0
447 431686.0
448 461641.0
449 335581.0
450 447352.0
451 526344.0
452 556587.0
453 545921.0
454 542421.0
455 560546.0
456 586404.0
457 582896.0
458 517983.0
459 548572.0
460 558859.0
461 534120.0
462 543138.0
463 549258.0
464 571795.0
465 545033.0
466 559602.0
467 575832.0
468 553781.0
469 544857.0
470 566207.0
471 550192.0
472 551144.0
473 551895.0
474 549843.0
475 553881.0
476 560373.0
477 574368.0
478 553661.0
479 553534.0
480 555067.0
481 554181.0
482 540164.0
483 552684.0
484 577182.0
485 542417.0
486 564828.0
487 551472.0
488 563427.0
489 550254.0
490 482391.0
491 660365.0
492 520389.0
493 503733.0
494 482249.0
495 481816.0
496 501378.0
497 489221.0
498 480591.0
499 456568.0
500 473952.0
501 476307.0
502 453315.0
503 474185.0
504 474942.0
505 481430.0
506 493321.0
507 455843.0
508 500421.0
509 466010.0
510 453252.0
511 479296.0
512 479345.0
513 467279.0
514 482349.0
515 471437.0
516 507830.0
517 457300.0
518 458082.0
519 476732.0
520 482610.0
521 475494.0
522 452669.0
523 487718.0
524 463766.0
525 490604.0
526 477946.0
527 484559.0
528 503272.0
529 461153.0
530 468222.0
531 468178.0
532 480632.0
533 461657.0
534 467278.0
535 472687.0
536 467519.0
537 503684.0
538 492967.0
539 472888.0
540 459855.0
541 493597.0
542 436169.0
543 479295.0
544 471432.0
545 490504.0
546 480856.0
547 479568.0
548 517177.0
549 459925.0
550 451076.0
551 392821.0
552 377548.0
553 385199.0
554 393984.0
555 392590.0
556 392513.0
557 403767.0
558 407593.0
559 382969.0
560 402957.0
561 383499.0
562 393229.0
563 399341.0
564 394266.0
565 387717.0
566 393222.0
567 401649.0
568 405509.0
569 398134.0
570 377929.0
571 394971.0
572 393566.0
573 385968.0
574 387231.0
575 390837.0
576 398100.0
577 401990.0
578 409039.0
579 391265.0
580 393058.0
581 393229.0
582 385518.0
583 383045.0
584 397617.0
585 396566.0
586 393348.0
587 389013.0
588 397697.0
589 398983.0
590 396595.0
591 391062.0
592 399335.0
593 390281.0
594 388124.0
595 392761.0
596 395376.0
597 401917.0
598 411567.0
599 390631.0
600 393742.0
601 392777.0
602 382802.0
603 392687.0
604 380455.0
605 403453.0
606 401179.0
607 400805.0
608 402965.0
609 392891.0
610 342575.0
611 62314.0
612 48370.0
613 48016.0
614 70592.0
615 206896.0
616 312336.0
617 298096.0
618 336184.0
619 363444.0
620 285162.0
621 232592.0
622 269728.0
623 322606.0
624 292336.0
625 318524.0
626 317844.0
627 314370.0
628 338124.0
629 302220.0
630 320755.0
631 305669.0
632 313564.0
633 314388.0
634 309460.0
635 310768.0
636 312348.0
637 333514.0
638 313074.0
639 315582.0
640 306626.0
641 320324.0
642 319686.0
643 309410.0
644 322178.0
645 304250.0
646 319128.0
647 336140.0
648 317863.0
649 312087.0
650 314892.0
651 312124.0
652 316778.0
653 315704.0
654 316148.0
655 304244.0
656 324454.0
657 305842.0
658 335521.0
659 315328.0
660 311483.0
661 300964.0
662 320250.0
663 317240.0
664 295096.0
665 330640.0
666 302640.0
667 324956.0
668 322949.0
669 321162.0
670 226403.0
671 169278.0
672 312534.0
673 291792.0
674 319910.0
675 327107.0
676 304105.0
677 338249.0
678 313597.0
679 290139.0
680 313038.0
681 310767.0
682 323427.0
683 305560.0
684 301692.0
685 330832.0
686 344458.0
687 301093.0
688 328173.0
689 340351.0
690 323964.0
691 284156.0
692 304912.0
693 296932.0
694 317948.0
695 303356.0
696 328592.0
697 308511.0
698 331788.0
699 335610.0
700 336275.0
701 286983.0
702 344240.0
703 272388.0
704 295478.0
705 316674.0
706 333809.0
707 281894.0
708 355344.0
709 327192.0
710 310000.0
711 349044.0
712 289870.0
713 300726.0
714 312704.0
715 319456.0
716 314758.0
717 312042.0
718 329905.0
719 331708.0
720 315154.0
721 291412.0
722 331002.0
723 295136.0
724 291430.0
725 330334.0
726 318715.0
727 327293.0
728 323471.0
729 337829.0
730 321987.0
731 303588.0
732 267632.0
733 360964.0
734 239926.0
735 327670.0
736 296444.0
737 314932.0
738 351022.0
739 325912.0
740 313212.0
741 310261.0
742 311735.0
743 307508.0
744 279252.0
745 294850.0
746 329932.0
747 317318.0
748 313446.0
749 315260.0
750 309610.0
751 335845.0
752 270681.0
753 325060.0
754 341464.0
755 257960.0
756 299358.0
757 308762.0
758 323334.0
759 319220.0
760 343632.0
761 288036.0
762 320932.0
763 316604.0
764 327267.0
765 294795.0
766 321750.0
767 321102.0
768 319322.0
769 318058.0
770 318372.0
771 298855.0
772 331736.0
773 299365.0
774 331368.0
775 296620.0
776 318108.0
777 310066.0
778 325706.0
779 313008.0
780 321108.0
781 324328.0
782 318071.0
783 283493.0
784 354024.0
785 291012.0
786 318866.0
787 301360.0
788 295060.0
789 322908.0
790 312712.0
791 278574.0
792 262166.0
793 346728.0
794 265704.0
795 302374.0
796 354486.0
797 301420.0
798 263603.0
799 289060.0
800 343180.0
801 315970.0
802 325456.0
803 273656.0
804 319256.0
805 322648.0
806 313680.0
807 317956.0
808 296393.0
809 334068.0
810 339254.0
811 317262.0
812 301162.0
813 312064.0
814 333924.0
815 279228.0
816 316618.0
817 315718.0
818 321073.0
819 324024.0
820 305984.0
821 318688.0
822 321174.0
823 267562.0
824 293622.0
825 287564.0
826 338704.0
827 319214.0
828 310009.0
829 310756.0
830 344652.0
831 302436.0
832 288980.0
833 313596.0
834 355331.0
835 296429.0
836 281786.0
837 323638.0
838 282641.0
839 377984.0
840 302744.0
841 337764.0
842 254128.0
843 355228.0
844 285220.0
845 318188.0
846 288932.0
847 351356.0
848 302035.0
849 335788.0
850 321764.0
851 370876.0
852 276418.0
853 242614.0
854 262744.0
855 340108.0
856 206046.0
857 321840.0
858 233368.0
859 501940.0
860 126720.0
861 259036.0
862 279208.0
863 391868.0
864 257489.0
865 251583.0
866 275624.0
867 411652.0
868 241860.0
869 237288.0
870 285703.0
871 270149.0
872 379888.0
873 244246.0
874 277568.0
875 276512.0
876 388076.0
877 215080.0
878 286888.0
879 281056.0
880 426600.0
881 181422.0
882 288590.0
883 268504.0
884 453064.0
885 172400.0
886 276966.0
887 279850.0
888 467024.0
889 159563.0
890 262334.0
891 275223.0
892 503288.0
893 129720.0
894 267770.0
895 279150.0
896 378684.0
897 262356.0
898 255458.0
899 267996.0
900 410120.0
901 237768.0
902 251204.0
903 276898.0
904 274754.0
905 386592.0
906 238968.0
907 272486.0
908 273594.0
909 401470.0
910 223996.0
911 273136.0
912 277452.0
913 427672.0
914 198769.0
915 272511.0
916 276122.0
917 453114.0
918 178924.0
919 275404.0
920 263432.0
921 491480.0
922 153928.0
923 266006.0
924 273920.0
925 508784.0
926 139374.0
927 247624.0
928 277044.0
929 392756.0
930 265592.0
931 253580.0
932 270680.0
933 303222.0
934 352866.0
935 257858.0
936 257964.0
937 279206.0
938 385138.0
939 236572.0
940 281408.0
941 278952.0
942 406372.0
943 217494.0
944 279346.0
945 269456.0
