0 42217472.0
1 42217472.0
2 42217472.0
3 42217472.0
4 42217472.0
5 42217472.0
6 42217472.0
7 42217472.0
8 42217472.0
9 42217472.0
10 42217472.0
11 42217472.0
12 42217472.0
13 42217472.0
14 42217472.0
15 42217472.0
16 42217472.0
17 42217472.0
18 42217472.0
19 42217472.0
20 42217472.0
21 42217472.0
22 42217472.0
23 42217472.0
24 42217472.0
25 42217472.0
26 42217472.0
27 42217472.0
28 42217472.0
29 42217472.0
30 42217472.0
31 42217472.0
32 42217472.0
33 42217472.0
34 42217472.0
35 42217472.0
36 42217472.0
37 42217472.0
38 42217472.0
39 42217472.0
40 42217472.0
41 42217472.0
42 42217472.0
43 42217472.0
44 42217472.0
45 42217472.0
46 42217472.0
47 42217472.0
48 42217472.0
49 42217472.0
50 42217472.0
51 42217472.0
52 42217472.0
53 42217472.0
54 42217472.0
55 42217472.0
56 42217472.0
57 42217472.0
58 42217472.0
59 42217472.0
60 42217472.0
61 42217472.0
62 42217472.0
63 42217472.0
64 42217472.0
65 42217472.0
66 42217472.0
67 42217472.0
68 42217472.0
69 42217472.0
70 42217472.0
71 42217472.0
72 42217472.0
73 42217472.0
74 42217472.0
75 42217472.0
76 42217472.0
77 42217472.0
78 42217472.0
79 42217472.0
80 42217472.0
81 42217472.0
82 42217472.0
83 42217472.0
84 42217472.0
85 42217472.0
86 42217472.0
87 42217472.0
88 42217472.0
89 42217472.0
90 42217472.0
91 42217472.0
92 42217472.0
93 42217472.0
94 42217472.0
95 42217472.0
96 42217472.0
97 42217472.0
98 42217472.0
99 42217472.0
100 42217472.0
101 42217472.0
102 42217472.0
103 42217472.0
104 42217472.0
105 42217472.0
106 42217472.0
107 42217472.0
108 42217472.0
109 42217472.0
110 42217472.0
111 42217472.0
112 42217472.0
113 42217472.0
114 42217472.0
115 42217472.0
116 42217472.0
117 42217472.0
118 42217472.0
119 42217472.0
120 42217472.0
121 42217472.0
122 42217472.0
123 42217472.0
124 42217472.0
125 42217472.0
126 42217472.0
127 42217472.0
128 42217472.0
129 42217472.0
130 42217472.0
131 42217472.0
132 42217472.0
133 42217472.0
134 42217472.0
135 42217472.0
136 42217472.0
137 42217472.0
138 42217472.0
139 42217472.0
140 42217472.0
141 42217472.0
142 42217472.0
143 42217472.0
144 42217472.0
145 42217472.0
146 42217472.0
147 42217472.0
148 42217472.0
149 42217472.0
150 42217472.0
151 42217472.0
152 42217472.0
153 42217472.0
154 42217472.0
155 42217472.0
156 42217472.0
157 42217472.0
158 42217472.0
159 42217472.0
160 42217472.0
161 42217472.0
162 42217472.0
163 42217472.0
164 42217472.0
165 42217472.0
166 42217472.0
167 42217472.0
168 42217472.0
169 42217472.0
170 42217472.0
171 42217472.0
172 42217472.0
173 42217472.0
174 42217472.0
175 42217472.0
176 42217472.0
177 42217472.0
178 42217472.0
179 42217472.0
180 42217472.0
181 42217472.0
182 42217472.0
183 42217472.0
184 42217472.0
185 42217472.0
186 42217472.0
187 42217472.0
188 42217472.0
189 42217472.0
190 42217472.0
191 42217472.0
192 42217472.0
193 42217472.0
194 42217472.0
195 42217472.0
196 42217472.0
197 42217472.0
198 42217472.0
199 42217472.0
200 42217472.0
201 42217472.0
202 42217472.0
203 42217472.0
204 42217472.0
205 42217472.0
206 42217472.0
207 42217472.0
208 42217472.0
209 42217472.0
210 42217472.0
211 42217472.0
212 42217472.0
213 42217472.0
214 42217472.0
215 42217472.0
216 42217472.0
217 42217472.0
218 42217472.0
219 42217472.0
220 42217472.0
221 42217472.0
222 42217472.0
223 42217472.0
224 42217472.0
225 42217472.0
226 42217472.0
227 42217472.0
228 42217472.0
229 42217472.0
230 42217472.0
231 42217472.0
232 42217472.0
233 42217472.0
234 42217472.0
235 42217472.0
236 42217472.0
237 42217472.0
238 42217472.0
239 42217472.0
240 42217472.0
241 42217472.0
242 42217472.0
243 42217472.0
244 42217472.0
245 42217472.0
246 42217472.0
247 42217472.0
248 42217472.0
249 42217472.0
250 42217472.0
251 42217472.0
252 42217472.0
253 42217472.0
254 42217472.0
255 42217472.0
256 42217472.0
257 42217472.0
258 42217472.0
259 42217472.0
260 42217472.0
261 42217472.0
262 42217472.0
263 42217472.0
264 42217472.0
265 42217472.0
266 42217472.0
267 42217472.0
268 42217472.0
269 42217472.0
270 42217472.0
271 42217472.0
272 42217472.0
273 42217472.0
274 42217472.0
275 42217472.0
276 42217472.0
277 42217472.0
278 42217472.0
279 42217472.0
280 42217472.0
281 42217472.0
282 42217472.0
283 42217472.0
284 42217472.0
285 42217472.0
286 42217472.0
287 42217472.0
288 42217472.0
289 42217472.0
290 42217472.0
291 42217472.0
292 42217472.0
293 42217472.0
294 42217472.0
295 42217472.0
296 42217472.0
297 42217472.0
298 42217472.0
299 42217472.0
300 42217472.0
301 42217472.0
302 42217472.0
303 42217472.0
304 42217472.0
305 42217472.0
306 42217472.0
307 42217472.0
308 42217472.0
309 42217472.0
310 42217472.0
311 42217472.0
312 42217472.0
313 42217472.0
314 42217472.0
315 42217472.0
316 42217472.0
317 42217472.0
318 42217472.0
319 42217472.0
320 42217472.0
321 42217472.0
322 42217472.0
323 42217472.0
324 42217472.0
325 42217472.0
326 42217472.0
327 42217472.0
328 42217472.0
329 42217472.0
330 42217472.0
331 42217472.0
332 42217472.0
333 42217472.0
334 42217472.0
335 42217472.0
336 42217472.0
337 42217472.0
338 42217472.0
339 42217472.0
340 42217472.0
341 42217472.0
342 42217472.0
343 42217472.0
344 42217472.0
345 42217472.0
346 42217472.0
347 42217472.0
348 42217472.0
349 42217472.0
350 42217472.0
351 42217472.0
352 42217472.0
353 42217472.0
354 42217472.0
355 42217472.0
356 42217472.0
357 42217472.0
358 42217472.0
359 42217472.0
360 42217472.0
361 42217472.0
362 42217472.0
363 42217472.0
364 42217472.0
365 42217472.0
366 42217472.0
367 42217472.0
368 42217472.0
369 42217472.0
370 42217472.0
371 42217472.0
372 42217472.0
373 42217472.0
374 42217472.0
375 42217472.0
376 42217472.0
377 42217472.0
378 42217472.0
379 42217472.0
380 42217472.0
381 42217472.0
382 42217472.0
383 42217472.0
384 42217472.0
385 42217472.0
386 42217472.0
387 42217472.0
388 42217472.0
389 42217472.0
390 42217472.0
391 42217472.0
392 42217472.0
393 42217472.0
394 42217472.0
395 42217472.0
396 42217472.0
397 42217472.0
398 42217472.0
399 42217472.0
400 42217472.0
401 42217472.0
402 42217472.0
403 42217472.0
404 42217472.0
405 42217472.0
406 42217472.0
407 42217472.0
408 42217472.0
409 42217472.0
410 42217472.0
411 42217472.0
412 42217472.0
413 42217472.0
414 42217472.0
415 42217472.0
416 42217472.0
417 42217472.0
418 42217472.0
419 42217472.0
420 42217472.0
421 42217472.0
422 42217472.0
423 42217472.0
424 42217472.0
425 42217472.0
426 42217472.0
427 42217472.0
428 42217472.0
429 42217472.0
430 42217472.0
431 42217472.0
432 42217472.0
433 42217472.0
434 42217472.0
435 42217472.0
436 42217472.0
437 42217472.0
438 42217472.0
439 42217472.0
440 42217472.0
441 42217472.0
442 42217472.0
443 42217472.0
444 42217472.0
445 42217472.0
446 42217472.0
447 42217472.0
448 42217472.0
449 42217472.0
450 42217472.0
451 42217472.0
452 42217472.0
453 42217472.0
454 42217472.0
455 42217472.0
456 42217472.0
457 42217472.0
458 42217472.0
459 42217472.0
460 42217472.0
461 42217472.0
462 42217472.0
463 42217472.0
464 42217472.0
465 42217472.0
466 42217472.0
467 42217472.0
468 42217472.0
469 42217472.0
470 42217472.0
471 42217472.0
472 42217472.0
473 42217472.0
474 42217472.0
475 42217472.0
476 42217472.0
477 42217472.0
478 42217472.0
479 42217472.0
480 42217472.0
481 42217472.0
482 42217472.0
483 42217472.0
484 42217472.0
485 42217472.0
486 42217472.0
487 42217472.0
488 42217472.0
489 42217472.0
490 42217472.0
491 42217472.0
492 42217472.0
493 42217472.0
494 42217472.0
495 42217472.0
496 42217472.0
497 42217472.0
498 42217472.0
499 42217472.0
500 42217472.0
501 42217472.0
502 42217472.0
503 42217472.0
504 42217472.0
505 42217472.0
506 42217472.0
507 42217472.0
508 42217472.0
509 42217472.0
510 42217472.0
511 42217472.0
512 42217472.0
513 42217472.0
514 42217472.0
515 42217472.0
516 42217472.0
517 42217472.0
518 42217472.0
519 42217472.0
520 42217472.0
521 42217472.0
522 42217472.0
523 42217472.0
524 42217472.0
525 42217472.0
526 42217472.0
527 42217472.0
528 42217472.0
529 42217472.0
530 42217472.0
531 42217472.0
532 42217472.0
533 42217472.0
534 42217472.0
535 42217472.0
536 42217472.0
537 42217472.0
538 42217472.0
539 42217472.0
540 42217472.0
541 42217472.0
542 42217472.0
543 42217472.0
544 42217472.0
545 42217472.0
546 42217472.0
547 42217472.0
548 42217472.0
549 42217472.0
550 42217472.0
551 42217472.0
552 42217472.0
553 42217472.0
554 42217472.0
555 42217472.0
556 42217472.0
557 42217472.0
558 42217472.0
559 42217472.0
560 42217472.0
561 42217472.0
562 42217472.0
563 42217472.0
564 42217472.0
565 42217472.0
566 42217472.0
567 42217472.0
568 42217472.0
569 42217472.0
570 42217472.0
571 42217472.0
572 42217472.0
573 42217472.0
574 42217472.0
575 42217472.0
576 42217472.0
577 42217472.0
578 42217472.0
579 42217472.0
580 42217472.0
581 42217472.0
582 42217472.0
583 42217472.0
584 42217472.0
585 42217472.0
586 42217472.0
587 42217472.0
588 42217472.0
589 42217472.0
590 42217472.0
591 42217472.0
592 42217472.0
593 42217472.0
594 42217472.0
595 42217472.0
596 42217472.0
597 42217472.0
598 42217472.0
599 42217472.0
600 42217472.0
601 42217472.0
602 42217472.0
603 42217472.0
604 42217472.0
605 42217472.0
606 42217472.0
607 42217472.0
608 42217472.0
609 42217472.0
610 42217472.0
611 42217472.0
612 42217472.0
613 42217472.0
614 42217472.0
615 42217472.0
616 42217472.0
617 42217472.0
618 42217472.0
619 42217472.0
620 42217472.0
621 42217472.0
622 42217472.0
623 42217472.0
624 42217472.0
625 42217472.0
626 42217472.0
627 42217472.0
628 42217472.0
629 42217472.0
630 42217472.0
631 42217472.0
632 42217472.0
633 42217472.0
634 42217472.0
635 42217472.0
636 42217472.0
637 42217472.0
638 42217472.0
639 42217472.0
640 42217472.0
641 42217472.0
642 42217472.0
643 42217472.0
644 42217472.0
645 42217472.0
646 42217472.0
647 42217472.0
648 42217472.0
649 42217472.0
650 42217472.0
651 42217472.0
652 42217472.0
653 42217472.0
654 42217472.0
655 42217472.0
656 42217472.0
657 42217472.0
658 42217472.0
659 42217472.0
660 42217472.0
661 42217472.0
662 42217472.0
663 42217472.0
664 42217472.0
665 42217472.0
666 42217472.0
667 42217472.0
668 42217472.0
669 42217472.0
670 42217472.0
671 42217472.0
672 42217472.0
673 42217472.0
674 42217472.0
675 42217472.0
676 42217472.0
677 42217472.0
678 42217472.0
679 42217472.0
680 42217472.0
681 42217472.0
682 42217472.0
683 42217472.0
684 42217472.0
685 42217472.0
686 42217472.0
687 42217472.0
688 42217472.0
689 42217472.0
690 42217472.0
691 42217472.0
692 42217472.0
693 42217472.0
694 42217472.0
695 42217472.0
696 42217472.0
697 42217472.0
698 42217472.0
699 42217472.0
700 42217472.0
701 42217472.0
702 42217472.0
703 42217472.0
704 42217472.0
705 42217472.0
706 42217472.0
707 42217472.0
708 42217472.0
709 42217472.0
710 42217472.0
711 42217472.0
712 42217472.0
713 42217472.0
714 42217472.0
715 42217472.0
716 42217472.0
717 42217472.0
718 42217472.0
719 42217472.0
720 42217472.0
721 42217472.0
722 42217472.0
723 42217472.0
724 42217472.0
725 42217472.0
726 42217472.0
727 42217472.0
728 42217472.0
729 42217472.0
730 42217472.0
731 42217472.0
732 42217472.0
733 42217472.0
734 42217472.0
735 42217472.0
736 42217472.0
737 42217472.0
738 42217472.0
739 42217472.0
740 42217472.0
741 42217472.0
742 42217472.0
743 42217472.0
744 42217472.0
745 42217472.0
746 42217472.0
747 42217472.0
748 42217472.0
749 42217472.0
750 42217472.0
751 42217472.0
752 42217472.0
753 42217472.0
754 42217472.0
755 42217472.0
756 42217472.0
757 42217472.0
758 42217472.0
759 42217472.0
760 42217472.0
761 42217472.0
762 42217472.0
763 42217472.0
764 42217472.0
765 42217472.0
766 42217472.0
767 42217472.0
768 42217472.0
769 42217472.0
770 42217472.0
771 42217472.0
772 42217472.0
773 42217472.0
774 42217472.0
775 42217472.0
776 42217472.0
777 42217472.0
778 42217472.0
779 42217472.0
780 42217472.0
781 42217472.0
782 42217472.0
783 42217472.0
784 42217472.0
785 42217472.0
786 42217472.0
787 42217472.0
788 42217472.0
789 42217472.0
790 42217472.0
791 42217472.0
792 42217472.0
793 42217472.0
794 42217472.0
795 42217472.0
796 42217472.0
797 42217472.0
798 42217472.0
799 42217472.0
800 42217472.0
801 42217472.0
802 42217472.0
803 42217472.0
804 42217472.0
805 42217472.0
806 42217472.0
807 42217472.0
808 42217472.0
809 42217472.0
810 42217472.0
811 42217472.0
812 42217472.0
813 42217472.0
814 42217472.0
815 42217472.0
816 42217472.0
817 42217472.0
818 42217472.0
819 42217472.0
820 42217472.0
821 42217472.0
822 42217472.0
823 42217472.0
824 42217472.0
825 42217472.0
826 42217472.0
827 42217472.0
828 42217472.0
829 42217472.0
830 42217472.0
831 42217472.0
832 42217472.0
833 42217472.0
834 42217472.0
835 42217472.0
836 42217472.0
837 42217472.0
838 42217472.0
839 42217472.0
840 42217472.0
841 42217472.0
842 42217472.0
843 42217472.0
844 42217472.0
845 42217472.0
846 42217472.0
847 42217472.0
848 42217472.0
849 42217472.0
850 42217472.0
851 42217472.0
852 42217472.0
853 42217472.0
854 42217472.0
855 42217472.0
856 42217472.0
857 42217472.0
858 42217472.0
859 42217472.0
860 42217472.0
861 42217472.0
862 42217472.0
863 42217472.0
864 42217472.0
865 42217472.0
866 42217472.0
867 42217472.0
868 42217472.0
869 42217472.0
870 42217472.0
871 42217472.0
872 42217472.0
873 42217472.0
874 42217472.0
875 42217472.0
876 42217472.0
877 42217472.0
878 42217472.0
879 42217472.0
880 42217472.0
881 42217472.0
882 42217472.0
883 42217472.0
884 42217472.0
885 42217472.0
886 42217472.0
887 42217472.0
888 42217472.0
889 42217472.0
890 42217472.0
891 42217472.0
892 42217472.0
893 42217472.0
894 42217472.0
895 42217472.0
896 42217472.0
897 42217472.0
898 42217472.0
899 42217472.0
900 42217472.0
901 42217472.0
902 42217472.0
903 42217472.0
904 42217472.0
905 42217472.0
906 42217472.0
907 42217472.0
908 42217472.0
909 42217472.0
910 42217472.0
911 42217472.0
912 42217472.0
913 42217472.0
914 42217472.0
915 42217472.0
916 42217472.0
917 42217472.0
918 42217472.0
919 42217472.0
920 42217472.0
921 42217472.0
922 42217472.0
923 42217472.0
924 42217472.0
925 42217472.0
926 42217472.0
927 42217472.0
928 42217472.0
929 42217472.0
930 42217472.0
931 42217472.0
932 42217472.0
933 42217472.0
934 42217472.0
935 42217472.0
936 42217472.0
937 42217472.0
938 42217472.0
939 42217472.0
940 42217472.0
941 42217472.0
942 42217472.0
943 42217472.0
944 42217472.0
945 42217472.0
