5 18587648.0
6 37981003776.0
7 38127841280.0
8 38481657856.0
9 38479204352.0
10 38479204352.0
11 38479204352.0
12 38479204352.0
13 38554058752.0
14 48712404992.0
15 48712404992.0
16 48714575872.0
17 48786931712.0
18 48786931712.0
19 48786931712.0
20 48786931712.0
21 48786931712.0
22 48786931712.0
23 48786931712.0
24 48786931712.0
25 48786931712.0
26 48786931712.0
27 48786931712.0
28 48786931712.0
29 48786931712.0
30 48786931712.0
31 48786931712.0
32 48786931712.0
33 48786931712.0
34 48786931712.0
35 48786931712.0
36 48786931712.0
37 48786931712.0
38 48786931712.0
39 48786931712.0
40 48786931712.0
41 48786931712.0
42 48786931712.0
43 48786931712.0
44 48786931712.0
45 48786931712.0
46 48786931712.0
47 48786931712.0
48 48786931712.0
49 48786931712.0
50 48786931712.0
51 48786931712.0
52 48786931712.0
53 48786931712.0
54 48786931712.0
55 48786931712.0
56 48786931712.0
57 48786931712.0
58 48786931712.0
59 48786931712.0
60 48786931712.0
61 48786931712.0
62 48786931712.0
63 48786931712.0
64 48786931712.0
65 48786931712.0
66 48786931712.0
67 48786931712.0
68 48786931712.0
69 48786931712.0
70 48786931712.0
71 48786931712.0
72 50356744192.0
73 50356744192.0
74 50356744192.0
75 50356744192.0
76 50356744192.0
77 50356744192.0
78 50356744192.0
79 50356744192.0
80 50356744192.0
81 50356744192.0
82 50356744192.0
83 50424905728.0
84 50424905728.0
85 50424905728.0
86 50424905728.0
87 50424905728.0
88 50424905728.0
89 50424905728.0
90 50424905728.0
91 50424905728.0
92 50424905728.0
93 50424905728.0
94 50424905728.0
95 50424905728.0
96 50424905728.0
97 50424905728.0
98 50424905728.0
99 50424905728.0
100 50424905728.0
101 50424905728.0
102 50424905728.0
103 50424905728.0
104 50424905728.0
105 50424905728.0
106 50424905728.0
107 50424905728.0
108 50424905728.0
109 50424905728.0
110 50424905728.0
111 50424905728.0
112 50424905728.0
113 50424905728.0
114 50424905728.0
115 50424905728.0
116 50424905728.0
117 50424905728.0
118 50424905728.0
119 50424905728.0
120 50424905728.0
121 50424905728.0
122 50424905728.0
123 50424905728.0
124 50424905728.0
125 50424905728.0
126 50424905728.0
127 50424905728.0
128 50424905728.0
129 50424905728.0
130 50424905728.0
131 50424905728.0
132 50902036480.0
133 51174682624.0
134 51174682624.0
135 51174682624.0
136 51174682624.0
137 51174682624.0
138 51174682624.0
139 51174682624.0
140 51174682624.0
141 51174682624.0
142 51174682624.0
143 51174682624.0
144 51174682624.0
145 51174682624.0
146 51174682624.0
147 51174682624.0
148 51174682624.0
149 51174682624.0
150 51174682624.0
151 51174682624.0
152 51174682624.0
153 51174682624.0
154 51174682624.0
155 51174682624.0
156 51174682624.0
157 51174682624.0
158 51174682624.0
159 51174682624.0
160 51174682624.0
161 51174682624.0
162 51174682624.0
163 51242844160.0
164 51242844160.0
165 51242844160.0
166 51242844160.0
167 51242844160.0
168 51242844160.0
169 51242844160.0
170 51242844160.0
171 51242844160.0
172 51242844160.0
173 51242844160.0
174 51242844160.0
175 51242844160.0
176 51242844160.0
177 51242844160.0
178 51242844160.0
179 51242844160.0
180 51242844160.0
181 51242844160.0
182 51242844160.0
183 51242844160.0
184 51242844160.0
185 51242844160.0
186 51242844160.0
187 51242844160.0
188 51242844160.0
189 51242844160.0
190 51719974912.0
191 51719974912.0
192 51722072064.0
193 52062879744.0
194 52062879744.0
195 52062879744.0
196 52062879744.0
197 52062879744.0
198 52062879744.0
199 52062879744.0
200 52062879744.0
201 52062879744.0
202 52062879744.0
203 52199202816.0
204 52199202816.0
205 52199202816.0
206 52199202816.0
207 52199202816.0
208 52199202816.0
209 52199202816.0
210 52199202816.0
211 52199202816.0
212 52199202816.0
213 52199202816.0
214 52199202816.0
215 52199202816.0
216 52199202816.0
217 52199202816.0
218 52199202816.0
219 52199202816.0
220 52199202816.0
221 52199202816.0
222 52199202816.0
223 52199202816.0
224 52199202816.0
225 52199202816.0
226 52199202816.0
227 52199202816.0
228 52199202816.0
229 52199202816.0
230 52199202816.0
231 52199202816.0
232 52199202816.0
233 52199202816.0
234 52199202816.0
235 52199202816.0
236 52199202816.0
237 52199202816.0
238 52199202816.0
239 52199202816.0
240 52199202816.0
241 52199202816.0
242 52199202816.0
243 52199202816.0
244 52199202816.0
245 52199202816.0
246 52199202816.0
247 52199202816.0
248 52199202816.0
249 52199202816.0
250 52199202816.0
251 52199202816.0
252 52199202816.0
253 52199202816.0
254 52199202816.0
255 52199202816.0
256 52199202816.0
257 52199202816.0
258 52199202816.0
259 52199202816.0
260 52199202816.0
261 52199202816.0
262 52199202816.0
263 52199202816.0
264 52199202816.0
265 52199202816.0
266 52199202816.0
267 52199202816.0
268 52199202816.0
269 52199202816.0
270 52199202816.0
271 52199202816.0
272 52199202816.0
273 52199202816.0
274 52199202816.0
275 52199202816.0
276 52199202816.0
277 52199202816.0
278 52199202816.0
279 52199202816.0
280 52199202816.0
281 52199202816.0
282 52199202816.0
283 52199202816.0
284 52199202816.0
285 52199202816.0
286 52199202816.0
287 52199202816.0
288 52199202816.0
289 52199202816.0
290 52199202816.0
291 52199202816.0
292 52199202816.0
293 52199202816.0
294 52199202816.0
295 52199202816.0
296 52199202816.0
297 52199202816.0
298 52199202816.0
299 52199202816.0
300 52199202816.0
301 52199202816.0
302 52199202816.0
303 52199202816.0
304 52199202816.0
305 52199202816.0
306 52199202816.0
307 52199202816.0
308 52199202816.0
309 52199202816.0
310 52199202816.0
311 52199202816.0
312 52199202816.0
313 52199202816.0
314 52336578560.0
315 52336578560.0
316 52336578560.0
317 52336578560.0
318 52336578560.0
319 52336578560.0
320 52336578560.0
321 52336578560.0
322 52336578560.0
323 52336578560.0
324 52336578560.0
325 52336578560.0
326 52336578560.0
327 52336578560.0
328 52336578560.0
329 52336578560.0
330 52336578560.0
331 52336578560.0
332 52336578560.0
333 52336578560.0
334 52336578560.0
335 52336578560.0
336 52336578560.0
337 52336578560.0
338 52336578560.0
339 52336578560.0
340 52336578560.0
341 52336578560.0
342 52336578560.0
343 52336578560.0
344 52336578560.0
345 52336578560.0
346 52336578560.0
347 52336578560.0
348 52336578560.0
349 52336578560.0
350 52336578560.0
351 52336578560.0
352 52336578560.0
353 52336578560.0
354 52336578560.0
355 52336578560.0
356 52336578560.0
357 52336578560.0
358 52336578560.0
359 52336578560.0
360 52336578560.0
361 52336578560.0
362 52336578560.0
363 52336578560.0
364 52336578560.0
365 52336578560.0
366 52336578560.0
367 52336578560.0
368 52336578560.0
369 52336578560.0
370 52336578560.0
371 52336578560.0
372 52336578560.0
373 52336578560.0
374 52336578560.0
375 52339736576.0
376 52339736576.0
377 52339736576.0
378 52339736576.0
379 52339736576.0
380 52339736576.0
381 52339736576.0
382 52339736576.0
383 52339736576.0
384 52339736576.0
385 52339736576.0
386 52339736576.0
387 52339736576.0
388 52339736576.0
389 52339736576.0
390 52339736576.0
391 52339736576.0
392 52339736576.0
393 52339736576.0
394 52339736576.0
395 52339736576.0
396 52339736576.0
397 52339736576.0
398 52339736576.0
399 52339736576.0
400 52339736576.0
401 52339736576.0
402 52339736576.0
403 52339736576.0
404 52339736576.0
405 52339736576.0
406 52339736576.0
407 52339736576.0
408 52339736576.0
409 52339736576.0
410 52339736576.0
411 52339736576.0
412 52339736576.0
413 52339736576.0
414 52339736576.0
415 52339736576.0
416 52339736576.0
417 52339736576.0
418 52339736576.0
419 52339736576.0
420 52339736576.0
421 52339736576.0
422 52339736576.0
423 52339736576.0
424 52339736576.0
425 52339736576.0
426 52339736576.0
427 52339736576.0
428 52339736576.0
429 52339736576.0
430 52339736576.0
431 52339736576.0
432 52339736576.0
433 52339736576.0
434 52339736576.0
435 52340789248.0
436 52340789248.0
437 52340789248.0
438 52340789248.0
439 52340789248.0
440 52340789248.0
441 52340789248.0
442 52340789248.0
443 52340789248.0
444 52340789248.0
445 52341841920.0
446 52341841920.0
447 52341841920.0
448 52341841920.0
449 52341841920.0
450 52341841920.0
451 52341841920.0
452 52341841920.0
453 52341841920.0
454 52341841920.0
455 52344999936.0
456 52344999936.0
457 52344999936.0
458 52344999936.0
459 52344999936.0
460 52344999936.0
461 52344999936.0
462 52344999936.0
463 52344999936.0
464 52344999936.0
465 52344999936.0
466 52344999936.0
467 52344999936.0
468 52344999936.0
469 52344999936.0
470 52344999936.0
471 52344999936.0
472 52344999936.0
473 52344999936.0
474 52344999936.0
475 52344999936.0
476 52344999936.0
477 52344999936.0
478 52344999936.0
479 52344999936.0
480 52344999936.0
481 52344999936.0
482 52344999936.0
483 52344999936.0
484 52344999936.0
485 52344999936.0
486 52344999936.0
487 52344999936.0
488 52344999936.0
489 52344999936.0
490 52344999936.0
491 52344999936.0
492 52342894592.0
493 52342894592.0
494 52342894592.0
495 52342894592.0
496 52339736576.0
497 52339736576.0
498 52339736576.0
499 52339736576.0
500 52339736576.0
501 52339736576.0
502 52339736576.0
503 52339736576.0
504 52339736576.0
505 52339736576.0
506 52339736576.0
507 52339736576.0
508 52339736576.0
509 52339736576.0
510 52339736576.0
511 52339736576.0
512 52339736576.0
513 52339736576.0
514 52339736576.0
515 52339736576.0
516 52338683904.0
517 52338683904.0
518 52338683904.0
519 52338683904.0
520 52338683904.0
521 52338683904.0
522 52338683904.0
523 52338683904.0
524 52338683904.0
525 52338683904.0
526 52337631232.0
527 52337631232.0
528 52337631232.0
529 52337631232.0
530 52337631232.0
531 52337631232.0
532 52337631232.0
533 52337631232.0
534 52337631232.0
535 52337631232.0
536 52337631232.0
537 52337631232.0
538 52337631232.0
539 52337631232.0
540 52337631232.0
541 52337631232.0
542 52337631232.0
543 52337631232.0
544 52337631232.0
545 52337631232.0
546 52337631232.0
547 52337631232.0
548 52337631232.0
549 52337631232.0
550 52337631232.0
551 52337631232.0
552 52337631232.0
553 52337631232.0
554 52337631232.0
555 52337631232.0
556 52335525888.0
557 52335525888.0
558 52335525888.0
559 52335525888.0
560 52335525888.0
561 52335525888.0
562 52335525888.0
563 52335525888.0
564 52335525888.0
565 52335525888.0
566 52335525888.0
567 52335525888.0
568 52335525888.0
569 52335525888.0
570 52335525888.0
571 52335525888.0
572 52335525888.0
573 52335525888.0
574 52335525888.0
575 52335525888.0
576 52335525888.0
577 52335525888.0
578 52335525888.0
579 52335525888.0
580 52335525888.0
581 52335525888.0
582 52335525888.0
583 52335525888.0
584 52335525888.0
585 52335525888.0
586 52335525888.0
587 52332367872.0
588 52332367872.0
589 52332367872.0
590 52332367872.0
591 52332367872.0
592 52332367872.0
593 52332367872.0
594 52332367872.0
595 52332367872.0
596 52332367872.0
597 52332367872.0
598 52332367872.0
599 52332367872.0
600 52332367872.0
601 52332367872.0
602 52332367872.0
603 52332367872.0
604 52332367872.0
605 52332367872.0
606 52332367872.0
607 52332367872.0
608 52332367872.0
609 52332367872.0
610 52332367872.0
611 52332367872.0
612 52332367872.0
613 52332367872.0
614 52332367872.0
615 52332367872.0
616 52332367872.0
617 52332367872.0
618 52332367872.0
619 52332367872.0
620 52332367872.0
621 52332367872.0
622 52332367872.0
623 52332367872.0
624 52332367872.0
625 52332367872.0
626 52332367872.0
627 52332367872.0
628 52332367872.0
629 52332367872.0
630 52332367872.0
631 52332367872.0
632 52332367872.0
633 52332367872.0
634 52332367872.0
635 52332367872.0
636 52332367872.0
637 52332367872.0
638 52332367872.0
639 52332367872.0
640 52332367872.0
641 52332367872.0
642 52332367872.0
643 52332367872.0
644 52332367872.0
645 52332367872.0
646 52332367872.0
647 52332367872.0
648 52332367872.0
649 52332367872.0
650 52332367872.0
651 52332367872.0
652 52332367872.0
653 52332367872.0
654 52332367872.0
655 52332367872.0
656 52332367872.0
657 52332367872.0
658 52332367872.0
659 52332367872.0
660 52332367872.0
661 52332367872.0
662 52332367872.0
663 52332367872.0
664 52332367872.0
665 52332367872.0
666 52332367872.0
667 52332367872.0
668 52332367872.0
669 52332367872.0
670 52332367872.0
671 52332367872.0
672 52332367872.0
673 52332367872.0
674 52332367872.0
675 52332367872.0
676 52332367872.0
677 52332367872.0
678 52332367872.0
679 52332367872.0
680 52332367872.0
681 52332367872.0
682 52332367872.0
683 52332367872.0
684 52332367872.0
685 52332367872.0
686 52332367872.0
687 52332367872.0
688 52332367872.0
689 52332367872.0
690 52332367872.0
691 52332367872.0
692 52332367872.0
693 52332367872.0
694 52332367872.0
695 52332367872.0
696 52332367872.0
697 52330262528.0
698 52330262528.0
699 52330262528.0
700 52330262528.0
701 52330262528.0
702 52330262528.0
703 52330262528.0
704 52330262528.0
705 52330262528.0
706 52330262528.0
707 52329209856.0
708 52329209856.0
709 52329209856.0
710 52329209856.0
711 52329209856.0
712 52329209856.0
713 52329209856.0
714 52329209856.0
715 52329209856.0
716 52329209856.0
717 52329209856.0
718 52329209856.0
719 52329209856.0
720 52329209856.0
721 52329209856.0
722 52329209856.0
723 52329209856.0
724 52329209856.0
725 52329209856.0
726 52329209856.0
727 52329209856.0
728 52329209856.0
729 52329209856.0
730 52329209856.0
731 52329209856.0
732 52329209856.0
733 52329209856.0
734 52329209856.0
735 52329209856.0
736 52329209856.0
737 52329209856.0
738 52329209856.0
739 52329209856.0
740 52329209856.0
741 52329209856.0
742 52329209856.0
743 52329209856.0
744 52329209856.0
745 52329209856.0
746 52329209856.0
747 52329209856.0
748 52329209856.0
749 52329209856.0
750 52329209856.0
751 52329209856.0
752 52329209856.0
753 52329209856.0
754 52329209856.0
755 52329209856.0
756 52329209856.0
757 52329209856.0
758 52329209856.0
759 52329209856.0
760 52329209856.0
761 52329209856.0
762 52329209856.0
763 52329209856.0
764 52329209856.0
765 52329209856.0
766 52329209856.0
767 52329209856.0
768 52329209856.0
769 52329209856.0
770 52329209856.0
771 52329209856.0
772 52329209856.0
773 52329209856.0
774 52329209856.0
775 52329209856.0
776 52329209856.0
777 52329209856.0
778 52329209856.0
779 52329209856.0
780 52329209856.0
781 52329209856.0
782 52329209856.0
783 52329209856.0
784 52329209856.0
785 52329209856.0
786 52329209856.0
787 52329209856.0
788 52329209856.0
789 52329209856.0
790 52329209856.0
791 52329209856.0
792 52329209856.0
793 52329209856.0
794 52329209856.0
795 52329209856.0
796 52329209856.0
797 52329209856.0
798 52328157184.0
799 52328157184.0
800 52328157184.0
801 52328157184.0
802 52328157184.0
803 52328157184.0
804 52328157184.0
805 52328157184.0
806 52328157184.0
807 52328157184.0
808 52328157184.0
809 52328157184.0
810 52328157184.0
811 52328157184.0
812 52328157184.0
813 52328157184.0
814 52328157184.0
815 52328157184.0
816 52328157184.0
817 52328157184.0
818 52328157184.0
819 52328157184.0
820 52328157184.0
821 52328157184.0
822 52328157184.0
823 52328157184.0
824 52328157184.0
825 52328157184.0
826 52328157184.0
827 52328157184.0
828 52328157184.0
829 52328157184.0
830 52328157184.0
831 52328157184.0
832 52328157184.0
833 52328157184.0
834 52328157184.0
835 52328157184.0
836 52328157184.0
837 52328157184.0
838 52328157184.0
839 52328157184.0
840 52328157184.0
841 52328157184.0
842 52328157184.0
843 52328157184.0
844 52328157184.0
845 52328157184.0
846 52328157184.0
847 52328157184.0
848 52328157184.0
849 52328157184.0
850 52328157184.0
851 52328157184.0
852 52328157184.0
853 52328157184.0
854 52328157184.0
855 52328157184.0
856 52328157184.0
857 52328157184.0
858 52328157184.0
859 52328157184.0
860 52328157184.0
861 52328157184.0
862 52328157184.0
863 52328157184.0
864 52328157184.0
865 52328157184.0
866 52328157184.0
867 52328157184.0
868 52328157184.0
869 52327104512.0
870 52327104512.0
871 52327104512.0
872 52327104512.0
873 52327104512.0
874 52327104512.0
875 52327104512.0
876 52327104512.0
877 52327104512.0
878 52327104512.0
879 52327104512.0
880 52327104512.0
881 52327104512.0
882 52327104512.0
883 52327104512.0
884 52327104512.0
885 52327104512.0
886 52327104512.0
887 52327104512.0
888 52327104512.0
889 52327104512.0
890 52327104512.0
891 52327104512.0
892 52327104512.0
893 52327104512.0
894 52327104512.0
895 52327104512.0
896 52327104512.0
897 52327104512.0
898 52327104512.0
899 52326051840.0
900 52326051840.0
901 52326051840.0
902 52326051840.0
903 52326051840.0
904 52326051840.0
905 52326051840.0
906 52326051840.0
907 52326051840.0
908 52326051840.0
909 52326051840.0
910 52326051840.0
911 52326051840.0
912 52326051840.0
913 52326051840.0
914 52326051840.0
915 52326051840.0
916 52326051840.0
917 52326051840.0
918 52326051840.0
919 52326051840.0
920 52326051840.0
921 52326051840.0
922 52326051840.0
923 52326051840.0
924 52326051840.0
925 52326051840.0
926 52326051840.0
927 52326051840.0
928 52326051840.0
929 52326051840.0
930 52326051840.0
931 52326051840.0
932 52326051840.0
933 52326051840.0
934 52326051840.0
935 52326051840.0
936 52326051840.0
937 52326051840.0
938 52326051840.0
939 52324999168.0
940 52324999168.0
941 52324999168.0
942 52324999168.0
943 52324999168.0
944 52324999168.0
