0 102907904.0
1 399687680.0
2 399687680.0
3 399687680.0
4 399687680.0
5 399687680.0
6 399687680.0
7 399687680.0
8 399687680.0
9 399687680.0
10 399687680.0
11 399687680.0
12 399687680.0
13 399687680.0
14 601014272.0
15 601014272.0
16 601014272.0
17 601014272.0
18 601014272.0
19 601014272.0
20 601014272.0
21 601014272.0
22 601014272.0
23 601014272.0
24 601014272.0
25 601014272.0
26 601014272.0
27 601014272.0
28 601014272.0
29 601014272.0
30 601014272.0
31 601014272.0
32 601014272.0
33 601014272.0
34 601014272.0
35 601014272.0
36 601014272.0
37 601014272.0
38 601014272.0
39 601014272.0
40 601014272.0
41 601014272.0
42 601014272.0
43 601014272.0
44 601014272.0
45 601014272.0
46 601014272.0
47 601014272.0
48 601014272.0
49 601014272.0
50 601014272.0
51 601014272.0
52 601014272.0
53 601014272.0
54 601014272.0
55 601014272.0
56 601014272.0
57 601014272.0
58 601014272.0
59 601014272.0
60 601014272.0
61 668123136.0
62 668123136.0
63 668123136.0
64 668123136.0
65 668123136.0
66 668123136.0
67 668123136.0
68 668123136.0
69 668123136.0
70 668123136.0
71 668123136.0
72 2735501312.0
73 4812365824.0
74 4745224192.0
75 4745224192.0
76 4745224192.0
77 4745224192.0
78 4745224192.0
79 4745224192.0
80 4745224192.0
81 4745224192.0
82 4745224192.0
83 4745224192.0
84 4745224192.0
85 4745224192.0
86 4745224192.0
87 4745224192.0
88 4745224192.0
89 4745224192.0
90 4745224192.0
91 4745224192.0
92 4745224192.0
93 4745224192.0
94 4745224192.0
95 4745224192.0
96 4745224192.0
97 4745224192.0
98 4745224192.0
99 4745224192.0
100 4745224192.0
101 4745224192.0
102 4745224192.0
103 4745224192.0
104 4745224192.0
105 4745224192.0
106 4745224192.0
107 4745224192.0
108 4745224192.0
109 4745224192.0
110 4745224192.0
111 4745224192.0
112 4745224192.0
113 4745224192.0
114 4745224192.0
115 4745224192.0
116 4745224192.0
117 4745224192.0
118 4745224192.0
119 4745224192.0
120 4745224192.0
121 4745224192.0
122 4745224192.0
123 4745224192.0
124 4745224192.0
125 4745224192.0
126 4745224192.0
127 4745224192.0
128 4745224192.0
129 4745224192.0
130 4745224192.0
131 4745224192.0
132 5248589824.0
133 6775406592.0
134 6708264960.0
135 6708264960.0
136 6708264960.0
137 6708264960.0
138 6708264960.0
139 6708264960.0
140 6708264960.0
141 6708264960.0
142 6708264960.0
143 6708264960.0
144 6708264960.0
145 6708264960.0
146 6708264960.0
147 6708264960.0
148 6708264960.0
149 6708264960.0
150 6708264960.0
151 6708264960.0
152 6708264960.0
153 6725050368.0
154 6708264960.0
155 6708264960.0
156 6708264960.0
157 6708264960.0
158 6708264960.0
159 6708264960.0
160 6708264960.0
161 6708264960.0
162 6708264960.0
163 6725050368.0
164 6708264960.0
165 6708264960.0
166 6708264960.0
167 6708264960.0
168 6708264960.0
169 6708264960.0
170 6708264960.0
171 6708264960.0
172 6708264960.0
173 6725050368.0
174 6708264960.0
175 6708264960.0
176 6708264960.0
177 6708264960.0
178 6708264960.0
179 6708264960.0
180 6708264960.0
181 6708264960.0
182 6708264960.0
183 6767013888.0
184 6708264960.0
185 6708264960.0
186 6708264960.0
187 6708264960.0
188 6708264960.0
189 6708264960.0
190 6708264960.0
191 7379419136.0
192 7345848320.0
193 8604229632.0
194 8553873408.0
195 8553873408.0
196 8553873408.0
197 8553873408.0
198 8553873408.0
199 8553873408.0
200 8553873408.0
201 8553873408.0
202 8553873408.0
203 8587444224.0
204 8553873408.0
205 8553873408.0
206 8553873408.0
207 8553873408.0
208 8553873408.0
209 8553873408.0
210 8553873408.0
211 8553873408.0
212 8553873408.0
213 8587444224.0
214 8553873408.0
215 8553873408.0
216 8553873408.0
217 8553873408.0
218 8553873408.0
219 8553873408.0
220 8553873408.0
221 8553873408.0
222 8553873408.0
223 8587444224.0
224 8553873408.0
225 8553873408.0
226 8553873408.0
227 8553873408.0
228 8553873408.0
229 8553873408.0
230 8553873408.0
231 8553873408.0
232 8553873408.0
233 8570658816.0
234 8553873408.0
235 8553873408.0
236 8553873408.0
237 8553873408.0
238 8553873408.0
239 8553873408.0
240 8553873408.0
241 8553873408.0
242 8553873408.0
243 8562266112.0
244 8553873408.0
245 8553873408.0
246 8553873408.0
247 8553873408.0
248 8553873408.0
249 8553873408.0
250 8553873408.0
251 8553873408.0
252 9661251584.0
253 10802167808.0
254 11028639744.0
255 11020247040.0
256 11020247040.0
257 11020247040.0
258 11020247040.0
259 11020247040.0
260 11020247040.0
261 11020247040.0
262 11020247040.0
263 11020247040.0
264 11020247040.0
265 11020247040.0
266 11020247040.0
267 11020247040.0
268 11020247040.0
269 11020247040.0
270 11020247040.0
271 11020247040.0
272 11020247040.0
273 11020247040.0
274 11020247040.0
275 11020247040.0
276 11020247040.0
277 11020247040.0
278 11020247040.0
279 11020247040.0
280 11020247040.0
281 11020247040.0
282 11020247040.0
283 11020247040.0
284 11087355904.0
285 11087355904.0
286 11087355904.0
287 11087355904.0
288 11087355904.0
289 11087355904.0
290 11087355904.0
291 11087355904.0
292 11087355904.0
293 11087355904.0
294 11087355904.0
295 11087355904.0
296 11087355904.0
297 11087355904.0
298 11087355904.0
299 11087355904.0
300 11087355904.0
301 11087355904.0
302 11087355904.0
303 11087355904.0
304 11087355904.0
305 11087355904.0
306 11087355904.0
307 11087355904.0
308 11087355904.0
309 11087355904.0
310 11087355904.0
311 11087355904.0
312 12068876288.0
313 12940169216.0
314 13377613824.0
315 13302079488.0
316 13302079488.0
317 13302079488.0
318 13302079488.0
319 13302079488.0
320 13302079488.0
321 13302079488.0
322 13302079488.0
323 13302079488.0
324 13369221120.0
325 13302079488.0
326 13302079488.0
327 13302079488.0
328 13302079488.0
329 13302079488.0
330 13302079488.0
331 13302079488.0
332 13302079488.0
333 13302079488.0
334 13461508096.0
335 13369188352.0
336 13369188352.0
337 13369188352.0
338 13369188352.0
339 13369188352.0
340 13369188352.0
341 13369188352.0
342 13369188352.0
343 13369188352.0
344 13385973760.0
345 13369188352.0
346 13369188352.0
347 13369188352.0
348 13369188352.0
349 13369188352.0
350 13369188352.0
351 13369188352.0
352 13369188352.0
353 13369188352.0
354 13377581056.0
355 13369188352.0
356 13369188352.0
357 13369188352.0
358 13369188352.0
359 13369188352.0
360 13369188352.0
361 13369188352.0
362 13369188352.0
363 13369188352.0
364 13369188352.0
365 13369188352.0
366 13369188352.0
367 13369188352.0
368 13369188352.0
369 13369188352.0
370 13369188352.0
371 13369188352.0
372 14627536896.0
373 15214829568.0
374 15156080640.0
375 15810416640.0
376 15802023936.0
377 15802023936.0
378 15802023936.0
379 15802023936.0
380 15802023936.0
381 15802023936.0
382 15802023936.0
383 15802023936.0
384 15802023936.0
385 15802023936.0
386 15802023936.0
387 15802023936.0
388 15802023936.0
389 15802023936.0
390 15802023936.0
391 15802023936.0
392 15802023936.0
393 15802023936.0
394 15802023936.0
395 15885950976.0
396 15802023936.0
397 15802023936.0
398 15802023936.0
399 15802023936.0
400 15802023936.0
401 15802023936.0
402 15802023936.0
403 15802023936.0
404 15802023936.0
405 15894343680.0
406 15802023936.0
407 15802023936.0
408 15802023936.0
409 15802023936.0
410 15802023936.0
411 15802023936.0
412 15802023936.0
413 15802023936.0
414 15802023936.0
415 16498356224.0
416 16338894848.0
417 16338894848.0
418 16338894848.0
419 16338894848.0
420 16338894848.0
421 16338894848.0
422 16338894848.0
423 16338894848.0
424 16338894848.0
425 16473178112.0
426 16338894848.0
427 16338894848.0
428 16338894848.0
429 16338894848.0
430 16338894848.0
431 16338894848.0
432 17337200640.0
433 17874169856.0
434 17807028224.0
435 18402680832.0
436 18452971520.0
437 18452971520.0
438 18452971520.0
439 18452971520.0
440 18452971520.0
441 18452971520.0
442 18452971520.0
443 18452971520.0
444 18452971520.0
445 18503327744.0
446 18452971520.0
447 18452971520.0
448 18452971520.0
449 18452971520.0
450 18452971520.0
451 18452971520.0
452 18452971520.0
453 18452971520.0
454 18452971520.0
455 18478149632.0
456 18452971520.0
457 18452971520.0
458 18452971520.0
459 18452971520.0
460 18452971520.0
461 18452971520.0
462 18452971520.0
463 18452971520.0
464 18452971520.0
465 18452971520.0
466 18452971520.0
467 18452971520.0
468 18452971520.0
469 18452971520.0
470 18452971520.0
471 18452971520.0
472 18452971520.0
473 18452971520.0
474 18452971520.0
475 18452971520.0
476 18511720448.0
477 18452971520.0
478 18452971520.0
479 18452971520.0
480 18452971520.0
481 18452971520.0
482 18452971520.0
483 18452971520.0
484 18452971520.0
485 18452971520.0
486 18629185536.0
487 18520080384.0
488 18520080384.0
489 18520080384.0
490 19585495040.0
491 19157467136.0
492 19157467136.0
493 19157467136.0
494 19157467136.0
495 19157467136.0
496 19241394176.0
497 19157467136.0
498 19157467136.0
499 19157467136.0
500 19157467136.0
501 19157467136.0
502 19157467136.0
503 19157467136.0
504 19157467136.0
505 19157467136.0
506 19350499328.0
507 19157467136.0
508 19157467136.0
509 19157467136.0
510 19157467136.0
511 19157467136.0
512 19157467136.0
513 19157467136.0
514 19157467136.0
515 19157467136.0
516 19241394176.0
517 19157467136.0
518 19157467136.0
519 19157467136.0
520 19157467136.0
521 19157467136.0
522 19157467136.0
523 19157467136.0
524 19157467136.0
525 19157467136.0
526 19224608768.0
527 19157467136.0
528 19157467136.0
529 19157467136.0
530 19157467136.0
531 19157467136.0
532 19157467136.0
533 19157467136.0
534 19157467136.0
535 19157467136.0
536 19266572288.0
537 19157467136.0
538 19157467136.0
539 19157467136.0
540 19157467136.0
541 19157467136.0
542 19157467136.0
543 19157467136.0
544 19157467136.0
545 19157467136.0
546 19224608768.0
547 19157467136.0
548 19157467136.0
549 19157467136.0
550 19258179584.0
551 18872115200.0
552 18872115200.0
553 18872115200.0
554 18872115200.0
555 18872115200.0
556 18897293312.0
557 18872115200.0
558 18872115200.0
559 18872115200.0
560 18872115200.0
561 18872115200.0
562 18872115200.0
563 18872115200.0
564 18872115200.0
565 18872115200.0
566 18939256832.0
567 18872115200.0
568 18872115200.0
569 18872115200.0
570 18872115200.0
571 18872115200.0
572 18872115200.0
573 18872115200.0
574 18872115200.0
575 18872115200.0
576 18880507904.0
577 18872115200.0
578 18872115200.0
579 18872115200.0
580 18872115200.0
581 18872115200.0
582 18872115200.0
583 18872115200.0
584 18872115200.0
585 18872115200.0
586 18872115200.0
587 18872115200.0
588 18872115200.0
589 18872115200.0
590 18872115200.0
591 18872115200.0
592 18872115200.0
593 18872115200.0
594 18872115200.0
595 18872115200.0
596 18872115200.0
597 18872115200.0
598 18872115200.0
599 18872115200.0
600 18872115200.0
601 18872115200.0
602 18872115200.0
603 18872115200.0
604 18872115200.0
605 18872115200.0
606 18872115200.0
607 18872115200.0
608 18872115200.0
609 18872115200.0
610 18947649536.0
611 18603548672.0
612 18603548672.0
613 18603548672.0
614 18603548672.0
615 18603548672.0
616 18603548672.0
617 18603548672.0
618 18603548672.0
619 18603548672.0
620 18603548672.0
621 18603548672.0
622 18603548672.0
623 18603548672.0
624 18603548672.0
625 18603548672.0
626 18603548672.0
627 18628726784.0
628 18603548672.0
629 18603548672.0
630 18603548672.0
631 18603548672.0
632 18603548672.0
633 18603548672.0
634 18603548672.0
635 18603548672.0
636 18603548672.0
637 18662297600.0
638 18603548672.0
639 18603548672.0
640 18603548672.0
641 18603548672.0
642 18603548672.0
643 18603548672.0
644 18603548672.0
645 18603548672.0
646 18603548672.0
647 18679083008.0
648 18603548672.0
649 18603548672.0
650 18603548672.0
651 18603548672.0
652 18603548672.0
653 18603548672.0
654 18603548672.0
655 18603548672.0
656 18603548672.0
657 18695868416.0
658 18603548672.0
659 18603548672.0
660 18603548672.0
661 18603548672.0
662 18603548672.0
663 18603548672.0
664 18603548672.0
665 18603548672.0
666 18603548672.0
667 18653904896.0
668 18603548672.0
669 18603548672.0
670 18603548672.0
671 18603548672.0
672 18603548672.0
673 18603548672.0
674 18603548672.0
675 18603548672.0
676 18603548672.0
677 18695868416.0
678 18595155968.0
679 18595155968.0
680 18595155968.0
681 18595155968.0
682 18595155968.0
683 18595155968.0
684 18595155968.0
685 18595155968.0
686 18595155968.0
687 18653904896.0
688 18595155968.0
689 18595155968.0
690 18595155968.0
691 18595155968.0
692 18595155968.0
693 18595155968.0
694 18595155968.0
695 18595155968.0
696 18595155968.0
697 18628726784.0
698 18595155968.0
699 18595155968.0
700 18595155968.0
701 18595155968.0
702 18595155968.0
703 18595155968.0
704 18595155968.0
705 18595155968.0
706 18595155968.0
707 18611941376.0
708 18595155968.0
709 18595155968.0
710 18595155968.0
711 18595155968.0
712 18595155968.0
713 18595155968.0
714 18595155968.0
715 18595155968.0
716 18595155968.0
717 18595155968.0
718 18595155968.0
719 18595155968.0
720 18595155968.0
721 18595155968.0
722 18595155968.0
723 18595155968.0
724 18595155968.0
725 18595155968.0
726 18595155968.0
727 18595155968.0
728 18595155968.0
729 18595155968.0
730 18595155968.0
731 18595155968.0
732 18595155968.0
733 18595155968.0
734 18595155968.0
735 18595155968.0
736 18595155968.0
737 18595155968.0
738 18586763264.0
739 18586763264.0
740 18586763264.0
741 18586763264.0
742 18586763264.0
743 18586763264.0
744 18586763264.0
745 18586763264.0
746 18586763264.0
747 18586763264.0
748 18586763264.0
749 18586763264.0
750 18586763264.0
751 18586763264.0
752 18586763264.0
753 18586763264.0
754 18586763264.0
755 18586763264.0
756 18586763264.0
757 18586763264.0
758 18586763264.0
759 18586763264.0
760 18586763264.0
761 18586763264.0
762 18586763264.0
763 18586763264.0
764 18586763264.0
765 18586763264.0
766 18586763264.0
767 18586763264.0
768 18603548672.0
769 18586763264.0
770 18586763264.0
771 18586763264.0
772 18586763264.0
773 18586763264.0
774 18586763264.0
775 18586763264.0
776 18586763264.0
777 18586763264.0
778 18637119488.0
779 18586763264.0
780 18586763264.0
781 18586763264.0
782 18586763264.0
783 18586763264.0
784 18586763264.0
785 18586763264.0
786 18586763264.0
787 18586763264.0
788 18737831936.0
789 18586763264.0
790 18586763264.0
791 18586763264.0
792 18586763264.0
793 18586763264.0
794 18586763264.0
795 18586763264.0
796 18586763264.0
797 18586763264.0
798 18637119488.0
799 18578370560.0
800 18578370560.0
801 18578370560.0
802 18578370560.0
803 18578370560.0
804 18578370560.0
805 18578370560.0
806 18578370560.0
807 18578370560.0
808 18637119488.0
809 18578370560.0
810 18578370560.0
811 18578370560.0
812 18578370560.0
813 18578370560.0
814 18578370560.0
815 18578370560.0
816 18578370560.0
817 18578370560.0
818 18620334080.0
819 18578370560.0
820 18578370560.0
821 18578370560.0
822 18578370560.0
823 18578370560.0
824 18578370560.0
825 18578370560.0
826 18578370560.0
827 18578370560.0
828 18645512192.0
829 18578370560.0
830 18578370560.0
831 18578370560.0
832 18578370560.0
833 18578370560.0
834 18578370560.0
835 18578370560.0
836 18578370560.0
837 18578370560.0
838 18662297600.0
839 18578370560.0
840 18578370560.0
841 18578370560.0
842 18578370560.0
843 18578370560.0
844 18578370560.0
845 18578370560.0
846 18578370560.0
847 18578370560.0
848 18595155968.0
849 18578370560.0
850 18578370560.0
851 18578370560.0
852 18578370560.0
853 18578370560.0
854 18578370560.0
855 18578370560.0
856 18578370560.0
857 18578370560.0
858 18578370560.0
859 18569977856.0
860 18569977856.0
861 18569977856.0
862 18569977856.0
863 18569977856.0
864 18569977856.0
865 18569977856.0
866 18569977856.0
867 18569977856.0
868 18569977856.0
869 18569977856.0
870 18569977856.0
871 18569977856.0
872 18569977856.0
873 18569977856.0
874 18569977856.0
875 18569977856.0
876 18569977856.0
877 18569977856.0
878 18569977856.0
879 18569977856.0
880 18569977856.0
881 18569977856.0
882 18569977856.0
883 18569977856.0
884 18569977856.0
885 18569977856.0
886 18569977856.0
887 18569977856.0
888 18569977856.0
889 18569977856.0
890 18569977856.0
891 18569977856.0
892 18569977856.0
893 18569977856.0
894 18569977856.0
895 18569977856.0
896 18569977856.0
897 18569977856.0
898 18569977856.0
899 18595155968.0
900 18569977856.0
901 18569977856.0
902 18569977856.0
903 18569977856.0
904 18569977856.0
905 18569977856.0
906 18569977856.0
907 18569977856.0
908 18569977856.0
909 18620334080.0
910 18569977856.0
911 18569977856.0
912 18569977856.0
913 18569977856.0
914 18569977856.0
915 18569977856.0
916 18569977856.0
917 18569977856.0
918 18569977856.0
919 18628726784.0
920 18569977856.0
921 18569977856.0
922 18569977856.0
923 18569977856.0
924 18569977856.0
925 18569977856.0
926 18569977856.0
927 18569977856.0
928 18569977856.0
929 18645512192.0
930 18569977856.0
931 18569977856.0
932 18569977856.0
933 18569977856.0
934 18569977856.0
935 18569977856.0
936 18569977856.0
937 18569977856.0
938 18569977856.0
939 18679083008.0
940 18569977856.0
941 18569977856.0
942 18569977856.0
943 18569977856.0
944 18569977856.0
945 18569977856.0
