0 105418752.0
1 105418752.0
2 105418752.0
3 105418752.0
4 106467328.0
5 106467328.0
6 106467328.0
7 106467328.0
8 106467328.0
9 106467328.0
10 106467328.0
11 106467328.0
12 106467328.0
13 543768576.0
14 711540736.0
15 711540736.0
16 711540736.0
17 711540736.0
18 711540736.0
19 711540736.0
20 711540736.0
21 711540736.0
22 711540736.0
23 711540736.0
24 711540736.0
25 711540736.0
26 711540736.0
27 711540736.0
28 711540736.0
29 711540736.0
30 711540736.0
31 711540736.0
32 711540736.0
33 711540736.0
34 711540736.0
35 711540736.0
36 711540736.0
37 711540736.0
38 711540736.0
39 711540736.0
40 711540736.0
41 711540736.0
42 711540736.0
43 711540736.0
44 711540736.0
45 711540736.0
46 711540736.0
47 711540736.0
48 711540736.0
49 711540736.0
50 711540736.0
51 711540736.0
52 711540736.0
53 711540736.0
54 711540736.0
55 711540736.0
56 711540736.0
57 711540736.0
58 711540736.0
59 711540736.0
60 711540736.0
61 711540736.0
62 711540736.0
63 711540736.0
64 711540736.0
65 711540736.0
66 711540736.0
67 711540736.0
68 711540736.0
69 711540736.0
70 711540736.0
71 711540736.0
72 711540736.0
73 711540736.0
74 711540736.0
75 711540736.0
76 711540736.0
77 711540736.0
78 711540736.0
79 711540736.0
80 711540736.0
81 711540736.0
82 711540736.0
83 712593408.0
84 712593408.0
85 712593408.0
86 712593408.0
87 712593408.0
88 712593408.0
89 712593408.0
90 712593408.0
91 712593408.0
92 712593408.0
93 712593408.0
94 712593408.0
95 712593408.0
96 712593408.0
97 712593408.0
98 713641984.0
99 713641984.0
100 713641984.0
101 713641984.0
102 713641984.0
103 713641984.0
104 713641984.0
105 713641984.0
106 713641984.0
107 713641984.0
108 713641984.0
109 713641984.0
110 713641984.0
111 713641984.0
112 713641984.0
113 713641984.0
114 713641984.0
115 713641984.0
116 713641984.0
117 713641984.0
118 713641984.0
119 713641984.0
120 713641984.0
121 713641984.0
122 713641984.0
123 713641984.0
124 713641984.0
125 713641984.0
126 713641984.0
127 713641984.0
128 713641984.0
129 713641984.0
130 713641984.0
131 713641984.0
132 713641984.0
133 713641984.0
134 713641984.0
135 713641984.0
136 713641984.0
137 713641984.0
138 713641984.0
139 713641984.0
140 713641984.0
141 713641984.0
142 713641984.0
143 713641984.0
144 713641984.0
145 713641984.0
146 713641984.0
147 713641984.0
148 713641984.0
149 713641984.0
150 713641984.0
151 714690560.0
152 714690560.0
153 714690560.0
154 714690560.0
155 714690560.0
156 714690560.0
157 714690560.0
158 714690560.0
159 714690560.0
160 714690560.0
161 714690560.0
162 714690560.0
163 714690560.0
164 714690560.0
165 714690560.0
166 714690560.0
167 714690560.0
168 714690560.0
169 714690560.0
170 714690560.0
171 714690560.0
172 714690560.0
173 714690560.0
174 714690560.0
175 714690560.0
176 714690560.0
177 714690560.0
178 714690560.0
179 714690560.0
180 714690560.0
181 714690560.0
182 714690560.0
183 714690560.0
184 714690560.0
185 714690560.0
186 714690560.0
187 716791808.0
188 716791808.0
189 716791808.0
190 716791808.0
191 716791808.0
192 716791808.0
193 716791808.0
194 716791808.0
195 716791808.0
196 716791808.0
197 716791808.0
198 716791808.0
199 716791808.0
200 716791808.0
201 716791808.0
202 716791808.0
203 716791808.0
204 716791808.0
205 716791808.0
206 716791808.0
207 716791808.0
208 716791808.0
209 716791808.0
210 716791808.0
211 716791808.0
212 716791808.0
213 716791808.0
214 716791808.0
215 716791808.0
216 716791808.0
217 716791808.0
218 716791808.0
219 716791808.0
220 716791808.0
221 716791808.0
222 716791808.0
223 716791808.0
224 716791808.0
225 716791808.0
226 716791808.0
227 716791808.0
228 716791808.0
229 716791808.0
230 716791808.0
231 716791808.0
232 716791808.0
233 716791808.0
234 716791808.0
235 716791808.0
236 716791808.0
237 716791808.0
238 717840384.0
239 717840384.0
240 717840384.0
241 717840384.0
242 717840384.0
243 717840384.0
244 717840384.0
245 717840384.0
246 717840384.0
247 717840384.0
248 717840384.0
249 717840384.0
250 717840384.0
251 717840384.0
252 717840384.0
253 717840384.0
254 717840384.0
255 717840384.0
256 717840384.0
257 717840384.0
258 717840384.0
259 717840384.0
260 717840384.0
261 717840384.0
262 717840384.0
263 717840384.0
264 717840384.0
265 717840384.0
266 717840384.0
267 717840384.0
268 717840384.0
269 717840384.0
270 717840384.0
271 717840384.0
272 717840384.0
273 717840384.0
274 717840384.0
275 717840384.0
276 717840384.0
277 717840384.0
278 717840384.0
279 717840384.0
280 717840384.0
281 717840384.0
282 717840384.0
283 717840384.0
284 717840384.0
285 717840384.0
286 717840384.0
287 717840384.0
288 717840384.0
289 717840384.0
290 717840384.0
291 717840384.0
292 717840384.0
293 717840384.0
294 717840384.0
295 717840384.0
296 717840384.0
297 717840384.0
298 718893056.0
299 719941632.0
300 719941632.0
301 719941632.0
302 719941632.0
303 719941632.0
304 719941632.0
305 719941632.0
306 719941632.0
307 719941632.0
308 719941632.0
309 719941632.0
310 719941632.0
311 719941632.0
312 719941632.0
313 719941632.0
314 719941632.0
315 719941632.0
316 719941632.0
317 719941632.0
318 719941632.0
319 719941632.0
320 719941632.0
321 719941632.0
322 719941632.0
323 719941632.0
324 719941632.0
325 719941632.0
326 719941632.0
327 719941632.0
328 719941632.0
329 720990208.0
330 720990208.0
331 720990208.0
332 720990208.0
333 720990208.0
334 720990208.0
335 720990208.0
336 720990208.0
337 720990208.0
338 720990208.0
339 720990208.0
340 720990208.0
341 720990208.0
342 989425664.0
343 989425664.0
344 989425664.0
345 989425664.0
346 989425664.0
347 989425664.0
348 989425664.0
349 989425664.0
350 989425664.0
351 989425664.0
352 989425664.0
353 989425664.0
354 989425664.0
355 989425664.0
356 989425664.0
357 989425664.0
358 989425664.0
359 989425664.0
360 989425664.0
361 989425664.0
362 989425664.0
363 989425664.0
364 989425664.0
365 989425664.0
366 989425664.0
367 989425664.0
368 989425664.0
369 989425664.0
370 989425664.0
371 989425664.0
372 989425664.0
373 989425664.0
374 989425664.0
375 989425664.0
376 989425664.0
377 989425664.0
378 989425664.0
379 989425664.0
380 989425664.0
381 989425664.0
382 989425664.0
383 989425664.0
384 989425664.0
385 989425664.0
386 989425664.0
387 989425664.0
388 989425664.0
389 989425664.0
390 989425664.0
391 989425664.0
392 989425664.0
393 989425664.0
394 989425664.0
395 989425664.0
396 989425664.0
397 989425664.0
398 989425664.0
399 989425664.0
400 989425664.0
401 989425664.0
402 989425664.0
403 989425664.0
404 989425664.0
405 989425664.0
406 989425664.0
407 989425664.0
408 989425664.0
409 989425664.0
410 989425664.0
411 989425664.0
412 989425664.0
413 989425664.0
414 989425664.0
415 989425664.0
416 989425664.0
417 989425664.0
418 989425664.0
419 989425664.0
420 989425664.0
421 989425664.0
422 989425664.0
423 989425664.0
424 989425664.0
425 989425664.0
426 989425664.0
427 989425664.0
428 989425664.0
429 990474240.0
430 990474240.0
431 990474240.0
432 990474240.0
433 990474240.0
434 990474240.0
435 990474240.0
436 990474240.0
437 990474240.0
438 990474240.0
439 990474240.0
440 990474240.0
441 990474240.0
442 990474240.0
443 990474240.0
444 990474240.0
445 990474240.0
446 990474240.0
447 990474240.0
448 990474240.0
449 990474240.0
450 990474240.0
451 990474240.0
452 990474240.0
453 990474240.0
454 990474240.0
455 990474240.0
456 990474240.0
457 990474240.0
458 990474240.0
459 990474240.0
460 990474240.0
461 990474240.0
462 990474240.0
463 990474240.0
464 990474240.0
465 990474240.0
466 990474240.0
467 990474240.0
468 990474240.0
469 990474240.0
470 990474240.0
471 990474240.0
472 990474240.0
473 990474240.0
474 990474240.0
475 990474240.0
476 990474240.0
477 990474240.0
478 990474240.0
479 990474240.0
480 990474240.0
481 990474240.0
482 990474240.0
483 990474240.0
484 990474240.0
485 990474240.0
486 990474240.0
487 990474240.0
488 990474240.0
489 990474240.0
490 990474240.0
491 990474240.0
492 990474240.0
493 990474240.0
494 990474240.0
495 990474240.0
496 990474240.0
497 990474240.0
498 990474240.0
499 990474240.0
500 990474240.0
501 990474240.0
502 990474240.0
503 990474240.0
504 990474240.0
505 990474240.0
506 990474240.0
507 990474240.0
508 990474240.0
509 990474240.0
510 990474240.0
511 990474240.0
512 990474240.0
513 990474240.0
514 990474240.0
515 990474240.0
516 990474240.0
517 990474240.0
518 990474240.0
519 990474240.0
520 990474240.0
521 990474240.0
522 990474240.0
523 990474240.0
524 990474240.0
525 990474240.0
526 990474240.0
527 990474240.0
528 990474240.0
529 990474240.0
530 990474240.0
531 990474240.0
532 990474240.0
533 990474240.0
534 990474240.0
535 990474240.0
536 990474240.0
537 990474240.0
538 990474240.0
539 990474240.0
540 990474240.0
541 990474240.0
542 990474240.0
543 990474240.0
544 990474240.0
545 990474240.0
546 990474240.0
547 990474240.0
548 990474240.0
549 990474240.0
550 990474240.0
551 990474240.0
552 990474240.0
553 990474240.0
554 990474240.0
555 990474240.0
556 990474240.0
557 990474240.0
558 990474240.0
559 990474240.0
560 990474240.0
561 990474240.0
562 990474240.0
563 990474240.0
564 990474240.0
565 990474240.0
566 990474240.0
567 990474240.0
568 990474240.0
569 990474240.0
570 990474240.0
571 990474240.0
572 990474240.0
573 990474240.0
574 990474240.0
575 1527345152.0
576 1527345152.0
577 1527345152.0
578 1527345152.0
579 1527345152.0
580 1527345152.0
581 1527345152.0
582 1527345152.0
583 1527345152.0
584 1527345152.0
585 1527345152.0
586 1527345152.0
587 1527345152.0
588 1527345152.0
589 1527345152.0
590 1527345152.0
591 1527345152.0
592 1527345152.0
593 1527345152.0
594 1527345152.0
595 1527345152.0
596 1527345152.0
597 1527345152.0
598 1527345152.0
599 1527345152.0
600 1527345152.0
601 1527345152.0
602 1527345152.0
603 1527345152.0
604 1527345152.0
605 1527345152.0
606 1527345152.0
607 1527345152.0
608 1527345152.0
609 1527345152.0
610 1527345152.0
611 1527345152.0
612 1527345152.0
613 1527345152.0
614 1527345152.0
615 1527345152.0
616 1527345152.0
617 1527345152.0
618 1527345152.0
619 1527345152.0
620 1527345152.0
621 1527345152.0
622 1528393728.0
623 1528393728.0
624 1528393728.0
625 1528393728.0
626 1528393728.0
627 1528393728.0
628 1528393728.0
629 1528393728.0
630 1528393728.0
631 1528393728.0
632 1528393728.0
633 1528393728.0
634 1528393728.0
635 1528393728.0
636 1528393728.0
637 1528393728.0
638 1528393728.0
639 1528393728.0
640 1528393728.0
641 1528393728.0
642 1528393728.0
643 1528393728.0
644 1528393728.0
645 1528393728.0
646 1528393728.0
647 1528393728.0
648 1528393728.0
649 1528393728.0
650 1528393728.0
651 1528393728.0
652 1528393728.0
653 1528393728.0
654 1528393728.0
655 1528393728.0
656 1528393728.0
657 1528393728.0
658 1528393728.0
659 1528393728.0
660 1528393728.0
661 1528393728.0
662 1528393728.0
663 1528393728.0
664 1528393728.0
665 1528393728.0
666 1528393728.0
667 1528393728.0
668 1528393728.0
669 1528393728.0
670 1528393728.0
671 1528393728.0
672 1528393728.0
673 1528393728.0
674 1528393728.0
675 1528393728.0
676 1528393728.0
677 1528393728.0
678 1528393728.0
679 1528393728.0
680 1528393728.0
681 1528393728.0
682 1528393728.0
683 1528393728.0
684 1528393728.0
685 1528393728.0
686 1528393728.0
687 1528393728.0
688 1528393728.0
689 1528393728.0
690 1528393728.0
691 1528393728.0
692 1528393728.0
693 1528393728.0
694 1528393728.0
695 1528393728.0
696 1528393728.0
697 1528393728.0
698 1528393728.0
699 1528393728.0
700 1528393728.0
701 1528393728.0
702 1528393728.0
703 1528393728.0
704 1528393728.0
705 1528393728.0
706 1528393728.0
707 1528393728.0
708 1528393728.0
709 1528393728.0
710 1528393728.0
711 1528393728.0
712 1528393728.0
713 1528393728.0
714 1528393728.0
715 1528393728.0
716 1528393728.0
717 1528393728.0
718 1528393728.0
719 1528393728.0
720 1528393728.0
721 1528393728.0
722 1528393728.0
723 1528393728.0
724 1528393728.0
725 1528393728.0
726 1528393728.0
727 1528393728.0
728 1528393728.0
729 1528393728.0
730 1528393728.0
731 1528393728.0
732 1528393728.0
733 1528393728.0
734 1528393728.0
735 1528393728.0
736 1528393728.0
737 1528393728.0
738 1528393728.0
739 1528393728.0
740 1528393728.0
741 1528393728.0
742 1528393728.0
743 1528393728.0
744 1528393728.0
745 1528393728.0
746 1528393728.0
747 1528393728.0
748 1528393728.0
749 1528393728.0
750 1528393728.0
751 1528393728.0
752 1528393728.0
753 1528393728.0
754 1528393728.0
755 1528393728.0
756 1528393728.0
757 1528393728.0
758 1528393728.0
759 1528393728.0
760 1528393728.0
761 1528393728.0
762 1528393728.0
763 1528393728.0
764 1528393728.0
765 1528393728.0
766 1528393728.0
767 1528393728.0
768 1528393728.0
769 1528393728.0
770 1528393728.0
771 1528393728.0
772 1528393728.0
773 1528393728.0
774 1528393728.0
775 1528393728.0
776 1528393728.0
777 1528393728.0
778 1528393728.0
779 1528393728.0
780 1528393728.0
781 1528393728.0
782 1528393728.0
783 1528393728.0
784 1528393728.0
785 1528393728.0
786 1528393728.0
787 1528393728.0
788 1528393728.0
789 1528393728.0
790 1528393728.0
791 1528393728.0
792 1528393728.0
793 1528393728.0
794 1528393728.0
795 1528393728.0
796 1528393728.0
797 1528393728.0
798 1528393728.0
799 1528393728.0
800 1528393728.0
801 1528393728.0
802 1528393728.0
803 1528393728.0
804 1528393728.0
805 1528393728.0
806 1528393728.0
807 1528393728.0
808 1528393728.0
809 1528393728.0
810 1528393728.0
811 1528393728.0
812 1528393728.0
813 1529442304.0
814 1529442304.0
815 1529442304.0
816 1529442304.0
817 1529442304.0
818 1529442304.0
819 1529442304.0
820 1529442304.0
821 1529442304.0
822 1529442304.0
823 1529442304.0
824 1529442304.0
825 1529442304.0
826 1529442304.0
827 1529442304.0
828 1529442304.0
829 1529442304.0
830 1529442304.0
831 1529442304.0
832 1529442304.0
833 1529442304.0
834 1529442304.0
835 1529442304.0
836 1529442304.0
837 1529442304.0
838 1529442304.0
839 1529442304.0
840 1529442304.0
841 1529442304.0
842 1529442304.0
843 1529442304.0
844 1529442304.0
845 1529442304.0
846 1529442304.0
847 1529442304.0
848 1529442304.0
849 1529442304.0
850 1529442304.0
851 1529442304.0
852 1529442304.0
853 1529442304.0
854 1529442304.0
855 1529442304.0
856 1529442304.0
857 1529442304.0
858 1529442304.0
859 1529442304.0
860 1529442304.0
861 1529442304.0
862 1529442304.0
863 1529442304.0
864 1529442304.0
865 1529442304.0
866 1529442304.0
867 1529442304.0
868 1529442304.0
869 1529442304.0
870 1529442304.0
871 1529442304.0
872 1529442304.0
873 1529442304.0
874 1529442304.0
875 1529442304.0
876 1529442304.0
877 1529442304.0
878 1529442304.0
879 1529442304.0
880 1529442304.0
881 1529442304.0
882 1529442304.0
883 1529442304.0
884 1529442304.0
885 1529442304.0
886 1529442304.0
887 1529442304.0
888 1529442304.0
889 1529442304.0
890 1529442304.0
891 1529442304.0
892 1529442304.0
893 1529442304.0
894 1529442304.0
895 1529442304.0
896 1529442304.0
897 1529442304.0
898 1529442304.0
899 1529442304.0
900 1529442304.0
901 1529442304.0
902 1529442304.0
903 1529442304.0
904 1529442304.0
905 1529442304.0
906 1529442304.0
907 1529442304.0
908 1529442304.0
909 1529442304.0
910 1529442304.0
911 1529442304.0
912 1529442304.0
913 1529442304.0
914 1529442304.0
915 1529442304.0
916 1529442304.0
917 1529442304.0
918 1529442304.0
919 1529442304.0
920 1529442304.0
921 1529442304.0
922 1529442304.0
923 1529442304.0
924 1529442304.0
925 1529442304.0
926 1529442304.0
927 1529442304.0
928 1529442304.0
929 1529442304.0
930 1529442304.0
931 1529442304.0
932 1529442304.0
933 1529442304.0
934 1529442304.0
935 1529442304.0
936 1529442304.0
937 1529442304.0
938 1529442304.0
939 1529442304.0
940 1529442304.0
941 1529442304.0
942 1529442304.0
943 1529442304.0
944 1529442304.0
945 1529442304.0
