0 0
1 27556.4435564
2 212215.139442
3 170424
4 165274.549098
5 161323.971916
6 179424
7 175672.327672
8 184048
9 180516.516517
10 185176
11 188360
12 195056
13 191984.079602
14 196108.542714
15 207017.964072
16 202090.09009
17 210405.594406
18 212120
19 217601.601602
20 236744
21 232512.512513
22 326616
23 327864
24 447720.27972
25 526267.46507
26 535183.183183
27 534116.232465
28 614915.254237
29 625920.318725
30 569208.459215
31 590938.123752
32 608704.704705
33 586371.257485
34 566670.670671
35 537161.161161
36 578554.554555
37 601768
38 583904
39 576559.440559
40 578114.114114
41 600424
42 587072
43 581624
44 590483.033932
45 505729.72973
46 598702.702703
47 556592
48 581336
49 600840
50 569966.033966
51 570592
52 577521.521522
53 607140.298507
54 574826.130653
55 586493.506494
56 575759.75976
57 566371.257485
58 616705.410822
59 561648
60 565218.781219
61 600112.112112
62 571244.755245
63 308788.788789
64 158264
65 136512
66 149704
67 159968
68 178149.85015
69 138482.482482
70 142584
71 136832
72 221258.741259
73 226344
74 219643.643644
75 278929.070929
76 244756.756757
77 260952
78 215496.503497
79 245901.901902
80 232383.616384
81 207904
82 290530.530531
83 482272
84 362088
85 300363.636364
86 401385.385385
87 376016
88 579096
89 578128
90 575488.511489
91 569944
92 633161.161161
93 568248
94 607584
95 548531.468531
96 540564.564565
97 590704
98 607440
99 587064
100 585344
101 569584
102 587460.539461
103 609121.121121
104 570072
105 562336
106 592472
107 584463.536464
108 569857.857858
109 578133.866134
110 584784.784785
111 578968
112 577704
113 590560
114 587948.051948
115 584072.072072
116 538744
117 586480
118 563840
119 584917.248255
120 585997.993982
121 387320
122 307720
123 170696
124 336951.048951
125 454286.286286
126 351152
127 109560
128 145798.201798
129 168888
130 209881.881882
131 175776
132 84176
133 442304
134 315936
135 294448
136 181368
137 357050.949051
138 399399.399399
139 359808
140 387916.083916
141 279736
142 332364.364364
143 473192
144 529886.113886
145 545473.473473
146 544064
147 579200
148 567784
149 559008
150 581928
151 592888
152 556368
153 582392
154 578664
155 582400
156 574816
157 583200
158 591864.135864
159 577681.681682
160 588888
161 620299.7003
162 591879.87988
163 574743.538767
164 548316.950853
165 581579.158317
166 566358.358358
167 565034.965035
168 602370.37037
169 560024
170 594952
171 564659.340659
172 600456
173 576816.816817
174 567768
175 597120
176 539768
177 568216
178 570384
179 572512
180 595736
181 392208
182 131744
183 259444.555445
184 336096
185 288656
186 215271.271271
187 177576
188 420705.882353
189 323731.193581
190 251584
191 241086.913087
192 301834.165834
193 333683.366733
194 365712
195 384752
196 377872
197 352944
198 362576
199 327736
200 322736
201 350392
202 291160
203 401456
204 507520
205 572728
206 554368
207 601046.953047
208 535271.271271
209 568928
210 569456
211 575200
212 584390.438247
213 579370.110331
214 560055.944056
215 594458.458458
216 579940.05994
217 556955.044955
218 564240.480962
219 575992
220 580372.372372
221 595280
222 573272
223 598369.63037
224 556832
225 567160
226 552800.800801
227 582849.150849
228 572484.484484
229 580827.172827
230 578634.634635
231 588795.204795
232 571923.923924
233 598408
234 550120
235 561590.40959
236 604216
237 567128
238 601978.065803
239 556289.156627
240 571928
241 202013.986014
242 349309.309309
243 377950.04995
244 389893.893894
245 459824
246 446889.110889
247 127776
248 174496
249 232192
250 261472
251 211355.355355
252 200392
253 147200
254 388894.211577
255 354434.434434
256 252756.756757
257 561463.897132
258 363324.570273
259 347532.467532
260 336224
261 486634.730539
262 556480.961924
263 605234.765235
264 611099.099099
265 587544
266 594208
267 573493.493493
268 627484.515485
269 608408
270 600696.696697
271 581968
272 648535.464535
273 592112.112112
274 558441.558442
275 623991.991992
276 578160
277 581112
278 602560
279 590513.486513
280 590545.454545
281 577042.084168
282 581906.093906
283 643384
284 593697.697698
285 590465.534466
286 609194.029851
287 576956.78392
288 593368
289 611891.891892
290 616807.192807
291 570712
292 596964.964965
293 605632
294 600680
295 614921.078921
296 588412.412412
297 578653.346653
298 595323.323323
299 591296
300 598648
301 327400
302 149754.245754
303 207736
304 195804.195804
305 113881.881882
306 123827.827828
307 122832
308 329206.793207
309 239095.095095
310 106770.459082
311 326867.397807
312 376674.022066
313 253709.70971
314 263312.687313
315 479960.03996
316 349170.340681
317 253920
318 303936
319 513936
320 542928
321 489577.577578
322 426895.314058
323 506503.510532
324 571856
325 588848
326 541810.18981
327 575321.357285
328 635631.262525
329 549968
330 615112.887113
331 582750.750751
332 606256
333 590824
334 619931.931932
335 568407.592408
336 595297.40519
337 608760
338 576753.507014
339 585424
340 588408
341 586264
342 634368
343 541440
344 662998.998999
345 558704
346 593798.201798
347 585161.161161
348 593088
349 616160
350 609398.601399
351 571072
352 626786.786787
353 612600
354 584383.616384
355 582614.614615
356 564595.404595
357 599360
358 607024
359 581062.19151
360 622367.676768
361 208032.032032
362 355334.669339
363 153848
364 146776
365 257912
366 196256
367 139792
368 141032
369 416096
370 201152
371 98456
372 104872
373 241896
374 183448
375 341736
376 426568
377 238430.43043
378 633070.929071
379 277504
380 376800
381 424184
382 291547.547548
383 535160
384 488902.195609
385 508444.444444
386 573738.261738
387 584368
388 543399.399399
389 595232
390 576008
391 563104
392 583832
393 563459.459459
394 616504
395 583024.975025
396 597048
397 540244.244244
398 579784.431138
399 564124.124124
400 565272
401 636496
402 554856
403 594597.402597
404 602800
405 556388.388388
406 583016
407 562378.378378
408 585882.352941
409 572068.068068
410 567647.647648
411 589069.860279
412 563647.294589
413 619824
414 558800
415 590960
416 555336
417 606121.878122
418 475443.443443
419 834136
420 626906.906907
421 639472.527473
422 581568
423 595304
424 590798.798799
425 604264
426 567192.807193
427 606848
428 567512
429 567024
430 533336
431 601176
432 556736
433 593724.550898
434 589524.378109
435 585485.943775
436 592496.496496
437 551967.967968
438 573413.413413
439 613832
440 541456
441 588880
442 560384
443 585920
444 567920
445 569424
446 580288
447 578112
448 620056
449 564620.620621
450 590593.406593
451 559200
452 607264
453 588216
454 563792
455 599864
456 573493.493493
457 574710.447761
458 569130.260521
459 609458.917836
460 546584
461 586472
462 585355.932203
463 577067.201605
464 576936
465 576478.564307
466 592192.577733
467 595104
468 539544
469 567944
470 585424
471 569968
472 603320
473 532064
474 575824
475 609528
476 570808
477 579888
478 567072
479 573264
480 556664
481 587584
482 591608
483 580072
484 589920
485 575576
486 594248
487 543344
488 591872
489 557688
490 575520
491 577088
492 568720
493 615304
494 563272
495 568008
496 558888
497 614520
498 565837.837838
499 575368
500 566561.438561
501 583184
502 590608
503 571440
504 578368
505 613280
506 581872
507 558424
508 588312
509 573568
510 580872
511 567032
512 574832
513 567840
514 554808
515 630064
516 572808
517 575520
518 577088
519 546504
520 571384
521 616752
522 544504
523 589008
524 560840
525 593376
526 623184.815185
527 574838.838839
528 558864
529 550368
530 568664
531 585640
532 568216
533 587192
534 587240
535 589624
536 529992
537 595784
538 507016
539 681616
540 635776
541 566624
542 589200
543 591448
544 610968
545 570288
546 596800
547 558952
548 591000
549 566600
550 577408
551 580424
552 574904
553 570800
554 605696
555 574816
556 562024
557 565048
558 598200
559 566648
560 585376
561 580728
562 574808
563 573096
564 558968
565 614016
566 569528
567 591592
568 573320
569 582264
570 569424
571 563456
572 568568
573 587096
574 561776
575 576296
576 601776
577 603016
578 570016
579 564960
580 594992
581 575880.358923
582 565255.767302
583 553920
584 622008
585 568344
586 612152
587 547656
588 565248
589 573424
590 557568
591 566712
592 581880
593 590480
594 557016
595 591872
596 584776
597 585976
598 543176
599 544000
600 593112
601 577384
602 565320
603 569664
604 578560
605 575560
606 582910.536779
607 550414.486922
608 570712
609 599488
610 550496
611 565072
612 589904
613 563936
614 569552
615 580488
616 633696
617 552376
618 582744
619 569704
620 562408
621 614800
622 558864
623 566968
624 594432
625 608480
626 568856
627 577128
628 587984
629 558032
630 575688
631 561648
632 594688
633 569464
634 575952
635 604656
636 538952
637 599368
638 577400
639 571784
640 552752
641 571408
642 571720
643 590880
644 558288
645 603664
646 571256
647 576912
648 590568
649 549704
650 576400
651 551168
652 576752
653 559200
654 569968
655 599056
656 580576
657 600440
658 482000
659 545808
660 608648
661 563264
662 582840
663 536016
664 511216
665 528944
666 639824
667 618864
668 536856
669 446848
670 495544
671 587520
672 573493.493493
673 574865.134865
674 558552
675 586768
676 565608
677 560592
678 567488
679 582696
680 565680
681 576488
682 585232
683 571576
684 583920.07992
685 556124.124124
686 589920
687 572208
688 598120
689 554016
690 594536
691 557936
692 565152
693 566096
694 587432
695 568464
696 573600
697 587656
698 555736
699 587496
700 565792
701 586064
702 558544
703 603304
704 552712
705 590248
706 578904
707 580680
708 580816
709 570808
710 574448
711 572664
712 578072
713 545672
714 589024
715 567928
716 602456
717 560848
718 525296
719 592192.192192
720 575311.311311
721 577329.329329
722 568743.256743
723 560936.936937
724 604550.898204
725 556312.625251
726 593856
727 574976
728 536200
729 594280
730 574896
731 579328
732 584712
733 603657.370518
734 568984.984985
735 576080.240722
736 566153.846154
737 569485.02994
738 565841.524574
739 599832
740 541902.293121
741 545436.308927
742 490584.247258
743 580140.421264
744 543712
745 550944
746 641088
747 543248
748 542240
749 557840
750 562928
751 541090.909091
752 589941.941942
753 566472
754 578208
755 570347.305389
756 566372.745491
757 607633.100698
758 573274.725275
759 561638.554217
760 560055.944056
761 577489.489489
762 560192
763 574992
764 540728
765 623144
766 576840
767 560208
768 591672
769 565808
770 598552
771 558088
772 579992
773 571792
774 584869.391825
775 579241.725176
776 597296
777 599072
778 598361.638362
779 570122.122122
780 542408
781 0
782 0
783 0
784 0
785 0
786 0
787 0
788 0
789 0
790 0
791 0