0 0
1 102537.462537
2 91625.498008
3 118240
4 133466.933868
5 141432.296891
6 146016
7 156699.300699
8 167304
9 179563.563564
10 201320
11 203008
12 222512
13 238105.472637
14 260188.944724
15 275057.884232
16 300796.796797
17 319912.087912
18 342256
19 375631.631632
20 399904
21 432600.600601
22 465880
23 509928
24 520055.944056
25 522722.55489
26 518110.11011
27 515230.460922
28 518005.982054
29 522685.258964
30 511564.954683
31 547489.021956
32 515563.563564
33 513916.167665
34 508372.372372
35 523027.027027
36 522978.978979
37 527016
38 524496
39 524459.54046
40 523075.075075
41 541904
42 504208
43 513520
44 518187.62475
45 519255.255255
46 531099.099099
47 518784
48 513440
49 542168
50 511448.551449
51 553032
52 506234.234234
53 512660.696517
54 519437.18593
55 519152.847153
56 516988.988989
57 520654.690619
58 521875.751503
59 521752
60 523076.923077
61 561417.417417
62 500443.556444
63 507731.731732
64 513592
65 518032
66 521672
67 520680
68 519984.015984
69 521129.129129
70 520488
71 562928
72 508355.644356
73 513984
74 520520.520521
75 513358.641359
76 526438.438438
77 523928
78 520303.696304
79 521409.409409
80 521670.32967
81 557512
82 501733.733734
83 514800
84 515416
85 517178.821179
86 520576.576577
87 522232
88 518568
89 520064
90 525730.26973
91 568128
92 493621.621622
93 507792
94 515416
95 519192.807193
96 526358.358358
97 511024
98 540152
99 513320
100 520440
101 575088
102 499604.395604
103 510838.838839
104 513984
105 519048
106 518384
107 518761.238761
108 521897.897898
109 519344.655345
110 522794.794795
111 571904
112 494744
113 506616
114 517402.597403
115 516204.204204
116 521016
117 518088
118 512600
119 522329.012961
120 523530.591775
121 575376
122 502248
123 519136
124 516219.78022
125 513225.225225
126 527968
127 522192
128 520471.528472
129 520232
130 523099.099099
131 568760
132 492328
133 508080
134 515080
135 518560
136 521136
137 520383.616384
138 521489.489489
139 524984
140 517642.357642
141 584920
142 482170.17017
143 505552
144 513302.697303
145 520376.376376
146 528120
147 529592
148 522496
149 519400
150 522048
151 579176
152 473000
153 514920
154 516968
155 517280
156 521272
157 519888
158 519136.863137
159 523467.467467
160 519376
161 583072.927073
162 490866.866867
163 507196.819085
164 515370.110331
165 517595.190381
166 520648.648649
167 521926.073926
168 523139.139139
169 528688
170 514392
171 570605.394605
172 507688
173 499123.123123
174 513848
175 518816
176 521584
177 529888
178 518864
179 523264
180 520840
181 565184
182 504104
183 503032.967033
184 515432
185 520136
186 518862.862863
187 521896
188 517064.805583
189 523811.434303
190 518504
191 523100.899101
192 550057.942058
193 512553.106212
194 504504
195 516400
196 538432
197 512648
198 529768
199 523168
200 509704
201 528656
202 553640
203 500056
204 513736
205 519616
206 520128
207 518233.766234
208 522618.618619
209 511464
210 522000
211 522384
212 563346.613546
213 503350.05015
214 509258.741259
215 518334.334334
216 519112.887113
217 522965.034965
218 529418.837675
219 520288
220 512376.376376
221 539240
222 557696
223 498013.986014
224 510384
225 516328
226 521441.441441
227 520863.136863
228 521777.777778
229 520319.68032
230 520920.920921
231 520095.904096
232 561569.56957
233 494800
234 511848
235 516323.676324
236 519392
237 523440
238 517918.245264
239 522329.317269
240 520896
241 522693.306693
242 575535.535536
243 488039.96004
244 514322.322322
245 522944
246 512175.824176
247 512368
248 536592
249 522304
250 518712
251 523227.227227
252 561504
253 495768
254 511704.590818
255 516348.348348
256 522170.17017
257 514041.543027
258 524473.205258
259 523380.619381
260 521064
261 516223.552894
262 570605.210421
263 483828.171828
264 513017.017017
265 517640
266 519104
267 519807.807808
268 529702.297702
269 513736
270 528416.416416
271 521544
272 593846.153846
273 490530.530531
274 505790.20979
275 515539.53954
276 519920
277 520776
278 522192
279 520247.752248
280 521358.641359
281 520472.945892
282 590353.646354
283 480296
284 502182.182182
285 512167.832168
286 517492.537313
287 523955.778894
288 520752
289 522354.354354
290 517194.805195
291 520336
292 523563.563564
293 561528
294 495992
295 520903.096903
296 525333.333333
297 517818.181818
298 522250.25025
299 513512
300 526688
301 523632
302 517858.141858
303 549152
304 504823.176823
305 513433.433433
306 520688.688689
307 519976
308 521542.457542
309 520352.352352
310 519449.101796
311 519449.651047
312 523474.42327
313 552624.624625
314 499060.939061
315 515212.787213
316 518813.627255
317 527920
318 520688
319 523248
320 510800
321 530994.994995
322 518596.211366
323 574916.750251
324 479112
325 520528
326 515732.267732
327 517469.061876
328 521258.517034
329 520520
330 519096.903097
331 521265.265265
332 526248
333 568560
334 498082.082082
335 514517.482517
336 513141.716567
337 520624
338 520665.330661
339 521456
340 520648
341 519608
342 521512
343 577712
344 494350.35035
345 507232
346 520983.016983
347 521553.553554
348 521504
349 521616
350 520191.808192
351 521872
352 519647.647648
353 567664
354 494001.998002
355 507595.595596
356 516259.74026
357 517504
358 522960
359 532248.766041
360 509349.494949
361 520360.36036
362 529426.853707
363 573592
364 487128
365 503000
366 522104
367 512344
368 529216
369 521200
370 520264
371 528360
372 520592
373 570968
374 491432
375 507848
376 516936
377 521065.065065
378 520519.480519
379 520776
380 522472
381 519872
382 520112.112112
383 582616
384 473421.157685
385 512552.552553
386 516443.556444
387 517192
388 519151.151151
389 520256
390 519304
391 522952
392 521216
393 598926.926927
394 494424
395 505238.761239
396 496720
397 538274.274274
398 518842.315369
399 513849.84985
400 511488
401 538744
402 520080
403 521070.929071
404 553088
405 501725.725726
406 513656
407 517957.957958
408 519393.818544
409 522474.474474
410 519015.015015
411 520383.233533
412 523575.150301
413 520656
414 559552
415 497520
416 509040
417 526073.926074
418 523403.403403
419 519464
420 529977.977978
421 521462.537463
422 502432
423 539352
424 556500.500501
425 498592
426 510385.614386
427 519624
428 519976
429 520992
430 521328
431 520224
432 522232
433 517820.359281
434 555391.044776
435 486546.184739
436 520488.488488
437 518542.542543
438 520800.800801
439 519976
440 522968
441 531888
442 510024
443 532056
444 563464
445 507872
446 513032
447 518760
448 521792
449 514434.434434
450 527552.447552
451 518544
452 522224
453 521688
454 562800
455 494144
456 508740.740741
457 517237.810945
458 522204.408818
459 520120.240481
460 522296
461 521064
462 517296.111665
463 524300.902708
464 579920
465 489371.884347
466 517135.406219
467 499816
468 520632
469 538456
470 522952
471 519440
472 518824
473 522488
474 555824
475 498144
476 510832
477 519568
478 519680
479 521496
480 518784
481 523440
482 520552
483 519424
484 575184
485 487016
486 507824
487 516248
488 519864
489 527656
490 514160
491 537384
492 511416
493 521608
494 586616
495 480776
496 512672
497 516584
498 520472.472472
499 518896
500 520711.288711
501 520720
502 520744
503 521144
504 588512
505 479744
506 505208
507 513640
508 518392
509 519600
510 522600
511 520104
512 523232
513 520816
514 608384
515 457992
516 509160
517 503760
518 534416
519 519744
520 521800
521 514728
522 526712
523 522320
524 520648
525 558896
526 503880.11988
527 515819.81982
528 520000
529 520280
530 522184
531 519768
532 521920
533 518784
534 523544
535 552752
536 500896
537 511816
538 518200
539 518008
540 533136
541 519592
542 527664
543 522320
544 521160
545 554000
546 502024
547 510976
548 518664
549 520640
550 522176
551 518456
552 519560
553 523640
554 522528
555 559464
556 494424
557 508752
558 518160
559 522896
560 525424
561 518016
562 519144
563 529816
564 523072
565 555120
566 490064
567 524944
568 523312
569 518800
570 521952
571 519496
572 518928
573 520976
574 522112
575 556048
576 501800
577 510096
578 516056
579 523016
580 520408
581 518859.421735
582 522599.799398
583 540848
584 490768
585 576344
586 493296
587 517072
588 525376
589 517656
590 511760
591 529232
592 512136
593 527456
594 523392
595 568264
596 494800
597 507472
598 515856
599 520656
600 519368
601 519344
602 521952
603 521152
604 518808
605 571000
606 488962.22664
607 521674.044266
608 506640
609 517656
610 530736
611 512888
612 529552
613 521680
614 527096
615 559304
616 503856
617 506976
618 516288
619 520712
620 518544
621 521888
622 519464
623 521528
624 519704
625 572144
626 492064
627 507784
628 515528
629 519264
630 522656
631 521504
632 520368
633 519664
634 530096
635 577088
636 482416
637 512608
638 525096
639 515128
640 511744
641 527848
642 523936
643 520416
644 518984
645 577176
646 490232
647 507336
648 514944
649 518336
650 519512
651 519560
652 523360
653 520840
654 520384
655 539696
656 533624
657 501456
658 513856
659 521984
660 522488
661 532152
662 509656
663 521264
664 520728
665 553576
666 524368
667 504528
668 513392
669 517208
670 521632
671 522920
672 520168.168168
673 518233.766234
674 523336
675 531528
676 528656
677 508936
678 515264
679 519240
680 518200
681 520344
682 531768
683 518000
684 514165.834166
685 519175.175175
686 576288
687 494096
688 512552
689 528616
690 519640
691 521000
692 520024
693 520696
694 522368
695 519712
696 556984
697 500592
698 506944
699 523008
700 519424
701 519728
702 522112
703 519888
704 519872
705 519448
706 558680
707 499864
708 510784
709 526672
710 522432
711 530464
712 519968
713 520720
714 509864
715 528096
716 555624
717 491968
718 518232
719 517832.669323
720 525718.875502
721 521248
722 519128
723 517439.680957
724 523955.867603
725 520416
726 556226.865672
727 502062.311558
728 505027.888446
729 522072.289157
730 522104
731 519088
732 540400
733 513832
734 517912
735 530496
736 557746.253746
737 494968
738 513633.633634
739 520472
740 519848.454636
741 520513.540622
742 518436.68993
743 525913.741224
744 517872
745 522448
746 563488
747 494192
748 510368
749 512752
750 521624
751 518553.446553
752 522018.018018
753 521288
754 519784
755 522259.481038
756 574765.531062
757 502851.445663
758 497566.433566
759 518449.799197
760 519912.087912
761 532268.268268
762 510472
763 528984
764 521952
765 511432
766 571400
767 487352
768 515480
769 515312
770 521528
771 516960
772 521280
773 520824
774 520430.707876
775 521452.357071
776 585480
777 469576
778 503296.703297
779 517405.405405
780 522088
781 0
782 0
783 0
784 0
785 0
786 0
787 0
788 0
789 0
790 0
791 0
