0 0.0
1 12.0
2 0.0
3 0.0
4 0.0
5 0.0
6 0.0
7 0.0
8 0.0
9 0.0
10 0.0
11 0.0
12 0.0
13 0.0
14 0.0
15 1.0
16 0.0
17 0.0
18 0.0
19 0.0
20 0.0
21 0.0
22 0.0
23 0.0
24 0.0
25 0.0
26 0.0
27 0.0
28 0.0
29 0.0
30 0.0
31 0.0
32 0.0
33 0.0
34 0.0
35 0.0
36 0.0
37 0.0
38 0.0
39 0.0
40 0.0
41 0.0
42 0.0
43 0.0
44 0.0
45 0.0
46 0.0
47 0.0
48 0.0
49 0.0
50 0.0
51 0.0
52 0.0
53 0.0
54 0.0
55 0.0
56 0.0
57 0.0
58 0.0
59 0.0
60 0.0
61 0.0
62 0.0
63 0.0
64 0.0
65 0.0
66 0.0
67 0.0
68 0.0
69 0.0
70 0.0
71 0.0
72 0.0
73 0.0
74 0.0
75 0.0
76 0.0
77 0.0
78 0.0
79 0.0
80 0.0
81 0.0
82 0.0
83 0.0
84 0.0
85 0.0
86 0.0
87 0.0
88 0.0
89 0.0
90 0.0
91 0.0
92 0.0
93 0.0
94 0.0
95 0.0
96 0.0
97 26.0
98 82.1
99 136.9
100 125.2
101 127.8
102 120.0
103 131.0
104 124.1
105 126.0
106 131.0
107 104.0
108 126.9
109 128.0
110 106.0
111 71.0
112 121.1
113 142.0
114 130.0
115 138.1
116 135.9
117 115.0
118 101.9
119 134.1
120 136.9
121 138.1
122 143.0
123 129.0
124 132.9
125 135.0
126 137.0
127 131.0
128 132.0
129 129.9
130 138.0
131 141.1
132 136.0
133 131.0
134 133.0
135 138.0
136 139.0
137 132.0
138 139.0
139 119.0
140 86.0
141 123.1
142 120.9
143 131.0
144 129.0
145 127.0
146 125.0
147 127.0
148 132.0
149 168.1
150 149.0
151 146.9
152 125.0
153 128.1
154 135.9
155 139.1
156 125.9
157 147.0
158 210.0
159 243.0
160 228.9
161 207.0
162 223.0
163 213.0
164 206.0
165 200.0
166 220.0
167 203.8
168 213.2
169 210.0
170 210.0
171 213.0
172 213.9
173 200.1
174 200.0
175 205.1
176 209.1
177 212.1
178 219.8
179 208.0
180 204.0
181 208.1
182 220.0
183 220.0
184 225.0
185 214.0
186 205.0
187 203.0
188 233.0
189 221.0
190 222.0
191 211.0
192 213.0
193 208.0
194 224.0
195 209.0
196 208.9
197 209.0
198 219.1
199 204.0
200 211.9
201 198.0
202 196.0
203 201.1
204 202.0
205 202.0
206 202.2
207 208.8
208 214.0
209 215.9
210 208.0
211 216.1
212 213.1
213 218.9
214 220.2
215 211.8
216 230.0
217 254.0
218 268.0
219 382.1
220 335.9
221 331.0
222 336.9
223 349.0
224 337.1
225 323.0
226 334.0
227 320.0
228 320.1
229 309.9
230 315.1
231 320.9
232 316.1
233 317.0
234 312.0
235 316.0
236 324.0
237 355.0
238 301.1
239 303.0
240 316.0
241 308.0
242 302.0
243 298.9
244 308.0
245 330.0
246 313.0
247 360.0
248 321.9
249 355.1
250 335.0
251 335.0
252 331.0
253 319.0
254 322.0
255 337.1
256 352.0
257 367.0
258 366.0
259 370.0
260 364.0
261 352.0
262 350.0
263 375.0
264 377.0
265 360.0
266 383.0
267 353.0
268 322.0
269 326.0
270 318.0
271 320.0
272 342.0
273 319.0
274 312.9
275 320.1
276 319.0
277 351.9
278 355.0
279 442.0
280 425.0
281 439.0
282 418.0
283 434.0
284 389.0
285 373.0
286 408.7
287 429.1
288 440.0
289 443.1
290 425.1
291 434.0
292 382.0
293 397.9
294 408.0
295 434.9
296 427.1
297 438.6
298 412.3
299 428.1
300 399.0
301 404.0
302 409.0
303 425.0
304 421.0
305 423.0
306 419.0
307 421.0
308 446.0
309 437.9
310 448.1
311 442.0
312 458.0
313 471.0
314 422.0
315 401.0
316 407.7
317 430.3
318 425.0
319 489.0
320 440.0
321 439.8
322 449.2
323 424.0
324 413.1
325 461.0
326 503.0
327 470.0
328 450.0
329 438.1
330 427.0
331 406.0
332 398.0
333 431.9
334 434.0
335 417.0
336 398.1
337 453.3
338 478.8
339 457.9
340 445.9
341 480.1
342 517.0
343 487.1
344 483.9
345 454.0
346 423.0
347 455.0
348 471.0
349 513.0
350 470.0
351 449.0
352 457.0
353 433.0
354 444.0
355 506.0
356 462.7
357 478.3
358 471.1
359 459.8
360 429.2
361 418.0
362 452.0
363 442.0
364 436.0
365 436.0
366 443.0
367 416.0
368 427.0
369 423.0
370 481.0
371 459.0
372 429.0
373 506.0
374 420.9
375 432.1
376 428.0
377 424.0
378 435.9
379 452.0
380 480.0
381 464.9
382 446.2
383 445.0
384 449.0
385 464.0
386 463.8
387 492.2
388 469.0
389 479.4
390 450.6
391 437.0
392 433.0
393 440.0
394 453.0
395 476.0
396 524.0
397 531.0
398 564.0
399 537.0
400 545.8
401 527.1
402 527.0
403 531.0
404 493.0
405 568.0
406 525.8
407 524.1
408 547.7
409 520.3
410 560.9
411 540.0
412 503.0
413 507.9
414 514.0
415 511.0
416 538.0
417 535.0
418 557.0
419 550.0
420 513.7
421 488.2
422 497.0
423 517.8
424 489.1
425 531.1
426 560.0
427 519.9
428 502.1
429 519.0
430 507.0
431 577.9
432 506.1
433 529.8
434 536.2
435 528.8
436 528.2
437 533.0
438 545.9
439 572.6
440 555.5
441 538.0
442 509.7
443 512.3
444 510.9
445 537.1
446 530.0
447 579.0
448 580.0
449 567.1
450 578.1
451 546.9
452 515.0
453 555.0
454 528.6
455 567.4
456 509.0
457 622.0
458 627.0
459 673.0
460 567.0
461 609.9
462 635.0
463 576.1
464 584.8
465 594.9
466 549.2
467 534.0
468 575.0
469 535.0
470 585.0
471 594.0
472 582.8
473 578.2
474 553.0
475 565.0
476 562.0
477 582.0
478 610.9
479 551.1
480 567.8
481 572.2
482 557.9
483 553.0
484 559.9
485 608.1
486 613.7
487 617.8
488 573.5
489 568.0
490 538.8
491 624.3
492 609.9
493 662.0
494 650.1
495 626.8
496 631.1
497 627.8
498 714.3
499 718.0
500 691.7
501 693.0
502 721.4
503 608.0
504 575.0
505 568.0
506 605.9
507 628.1
508 598.0
509 587.7
510 593.3
511 601.7
512 591.2
513 616.0
514 629.9
515 613.1
516 610.0
517 571.0
518 546.9
519 523.1
520 576.0
521 563.0
522 588.8
523 572.1
524 582.0
525 581.9
526 591.7
527 514.4
528 560.0
529 548.1
530 596.0
531 586.0
532 581.0
533 533.0
534 568.2
535 511.8
536 580.0
537 579.0
538 571.9
539 581.1
540 558.9
541 589.1
542 515.0
543 531.8
544 554.2
545 576.1
546 581.0
547 560.7
548 547.2
549 542.0
550 516.0
551 540.9
552 543.1
553 568.7
554 605.3
555 554.0
556 532.9
557 535.5
558 537.5
559 535.0
560 585.9
561 592.1
562 551.0
563 552.0
564 555.0
565 498.0
566 495.1
567 580.9
568 581.0
569 564.1
570 588.0
571 531.0
572 607.9
573 571.1
574 569.1
575 567.9
576 390.0
577 363.0
578 396.0
579 359.0
580 357.0
581 345.0
582 407.0
583 419.0
584 389.0
585 374.0
586 376.9
587 367.1
588 353.0
589 371.0
590 376.0
591 408.0
592 432.0
593 391.0
594 358.0
595 362.0
596 367.9
597 396.1
598 428.0
599 376.0
600 367.0
601 363.0
602 365.0
603 364.0
604 358.0
605 386.1
606 365.0
607 378.0
608 397.6
609 370.3
610 374.0
611 371.0
612 384.0
613 409.8
614 404.1
615 375.1
616 402.5
617 359.3
618 362.0
619 351.1
620 367.0
621 392.0
622 442.0
623 367.0
624 357.8
625 342.2
626 364.0
627 378.0
628 421.0
629 417.9
630 407.1
631 383.0
632 369.0
633 351.0
634 340.0
635 412.0
636 405.8
637 362.2
638 333.0
639 325.0
640 319.0
641 329.0
642 358.9
643 347.0
644 345.9
645 328.1
646 337.1
647 324.0
648 327.0
649 341.0
650 349.1
651 325.7
652 368.2
653 323.9
654 320.1
655 312.0
656 317.0
657 307.0
658 348.0
659 364.0
660 363.0
661 329.0
662 341.8
663 317.0
664 331.2
665 345.2
666 351.7
667 331.0
668 333.0
669 334.0
670 333.0
671 326.0
672 343.0
673 342.0
674 357.0
675 341.0
676 339.0
677 332.0
678 326.0
679 337.0
680 351.0
681 349.0
682 362.8
683 352.2
684 343.0
685 300.3
686 317.7
687 318.0
688 351.0
689 336.6
690 335.2
691 314.1
692 329.0
693 328.8
694 324.2
695 330.9
696 288.4
697 253.8
698 238.0
699 224.0
700 250.0
701 239.0
702 240.0
703 253.0
704 227.0
705 229.1
706 250.9
707 236.0
708 230.0
709 235.8
710 241.1
711 245.0
712 243.2
713 256.7
714 229.1
715 231.9
716 245.9
717 248.1
718 236.9
719 251.1
720 236.0
721 246.0
722 228.0
723 244.0
724 230.9
725 228.0
726 241.2
727 237.0
728 232.0
729 234.8
730 240.2
731 235.0
732 241.8
733 253.2
734 234.9
735 238.1
736 242.0
737 229.0
738 233.9
739 231.0
740 227.1
741 232.0
742 239.0
743 258.0
744 225.0
745 232.0
746 241.0
747 254.9
748 239.0
749 244.1
750 235.0
751 235.0
752 238.0
753 243.0
754 221.0
755 228.0
756 238.0
757 147.0
758 122.9
759 207.2
760 225.9
761 240.1
762 249.8
763 275.2
764 261.9
765 246.1
766 251.9
767 242.1
768 236.9
769 233.1
770 230.0
771 242.0
772 243.0
773 227.0
774 216.0
775 224.0
776 234.9
777 237.0
778 234.1
779 237.9
780 247.2
781 221.8
782 223.0
783 232.2
784 221.0
785 221.0
786 215.9
787 217.0
788 228.0
789 223.0
790 223.0
791 214.9
792 232.1
793 222.1
794 215.0
795 217.0
796 228.0
797 221.8
798 227.3
799 223.9
800 220.0
801 224.0
802 238.0
803 241.0
804 217.0
805 221.0
806 234.9
807 235.0
808 234.1
809 227.0
810 219.0
811 221.0
812 222.9
813 230.2
814 217.9
815 229.0
816 112.1
817 87.0
818 83.0
819 81.0
820 73.9
821 81.0
822 79.0
823 86.0
824 76.0
825 77.9
826 82.0
827 83.0
828 81.0
829 84.0
830 78.0
831 81.0
832 83.1
833 72.0
834 88.9
835 79.0
836 77.0
837 83.0
838 69.0
839 66.0
840 64.0
841 71.0
842 124.0
843 283.0
844 155.1
845 148.9
846 145.9
847 140.1
848 141.0
849 131.0
850 144.0
851 132.0
852 129.0
853 133.0
854 137.0
855 125.9
856 138.1
857 140.9
858 138.0
859 133.0
860 131.9
861 136.0
862 141.1
863 159.1
864 146.9
865 143.9
866 142.1
867 138.0
868 150.1
869 138.0
870 131.9
871 137.0
872 134.9
873 138.9
874 149.2
875 135.9
876 31.0
877 0.0
878 0.0
879 0.0
880 0.0
881 0.0
882 0.0
883 0.0
884 1.0
885 0.0
886 0.0
887 0.0
888 0.0
889 0.0
890 0.0
891 0.0
892 0.0
893 0.0
894 0.0
895 0.0
896 0.0
897 0.0
898 0.0
899 0.0
900 0.0
901 0.0
902 0.0
903 0.0
904 0.0
905 0.0
906 0.0
907 0.0
908 0.0
909 0.0
910 0.0
911 0.0
912 0.0
913 0.0
914 0.0
915 0.0
916 0.0
917 0.0
918 0.0
919 0.0
920 0.0
921 0.0
922 0.0
923 0.0
924 0.0
925 0.0
926 0.0
927 0.0
928 0.0
929 0.0
930 0.0
931 0.0
932 0.0
933 0.0
934 0.0
935 0.0
936 0.0
937 37.0
938 115.1
939 132.0
940 138.1
941 139.0
942 140.0
943 142.0
944 141.0
945 141.0
946 144.0
947 146.9
948 133.1
949 141.0
950 138.0
951 143.9
952 146.0
953 140.0
954 138.0
955 143.0
956 149.0
957 173.0
958 138.0
959 141.0
960 139.0
961 143.0
962 137.0
963 137.0
964 138.0
965 138.0
966 140.0
967 153.1
968 139.9
969 142.0
970 144.0
971 141.0
972 139.0
973 138.0
974 140.0
975 149.0
976 142.1
977 147.0
978 140.0
979 134.9
980 147.1
981 145.0
982 139.9
983 134.0
984 131.0
985 136.0
986 138.1
987 149.0
988 120.0
989 142.9
990 148.0
991 133.0
992 127.0
993 130.0
994 134.1
995 138.9
996 143.1
997 158.0
998 246.1
999 233.0
1000 216.0
1001 217.0
1002 215.0
1003 225.0
1004 221.0
1005 226.0
1006 213.8
1007 218.2
1008 231.0
1009 210.0
1010 221.0
1011 203.9
1012 202.2
1013 199.9
1014 190.0
1015 199.0
1016 196.1
1017 195.0
1018 219.0
1019 201.0
1020 203.0
1021 207.0
1022 204.0
1023 203.0
1024 198.0
1025 203.0
1026 202.0
1027 202.0
1028 212.0
1029 196.8
1030 200.1
1031 197.0
1032 199.9
1033 196.0
1034 216.0
1035 205.2
1036 207.0
1037 212.0
1038 232.8
1039 212.1
1040 205.0
1041 210.0
1042 209.0
1043 210.0
1044 213.0
1045 218.0
1046 217.0
1047 214.0
1048 234.0
1049 212.0
1050 216.9
1051 226.1
1052 215.8
1053 213.2
1054 216.9
1055 220.1
1056 216.8
1057 252.2
1058 310.9
1059 338.1
1060 336.1
1061 348.9
1062 386.0
1063 376.8
1064 366.2
1065 386.0
1066 324.9
1067 319.0
1068 343.0
1069 336.0
1070 337.0
1071 325.0
1072 329.0
1073 325.0
1074 321.0
1075 316.0
1076 340.0
1077 348.0
1078 375.9
1079 343.1
1080 370.1
1081 353.0
1082 349.8
1083 358.2
1084 340.0
1085 338.2
1086 344.8
1087 347.0
1088 357.0
1089 331.0
1090 321.0
1091 311.0
1092 317.0
1093 324.0
1094 325.0
1095 331.0
1096 342.1
1097 328.7
1098 329.2
1099 312.0
1100 321.0
1101 303.0
1102 320.0
1103 307.0
1104 330.0
1105 314.0
1106 312.9
1107 333.1
1108 343.2
1109 307.8
1110 313.0
1111 316.0
1112 318.0
1113 326.0
1114 322.0
1115 320.0
1116 331.0
1117 349.0
1118 367.0
1119 484.0
1120 437.0
1121 428.0
1122 435.0
1123 429.9
1124 406.9
1125 436.0
1126 429.2
1127 418.1
1128 420.7
1129 431.1
1130 422.0
1131 396.0
1132 410.0
1133 418.0
1134 396.0
1135 431.0
1136 417.9
1137 451.1
1138 436.1
1139 437.0
1140 404.0
1141 414.0
1142 429.9
1143 432.1
1144 431.0
1145 432.0
1146 426.0
1147 433.8
1148 459.2
1149 447.0
1150 428.0
1151 448.0
1152 435.0
1153 444.0
1154 437.0
1155 458.0
1156 460.0
1157 463.9
1158 484.1
1159 473.0
1160 459.0
1161 434.0
1162 428.0
1163 406.0
1164 426.0
1165 446.0
1166 431.9
1167 447.1
1168 447.0
1169 463.0
1170 434.0
1171 424.0
1172 439.0
1173 449.0
1174 433.0
1175 426.0
1176 428.0
1177 444.0
1178 446.7
1179 847.5
1180 565.0
1181 621.0
1182 589.9
1183 562.0
1184 512.1
1185 531.0
1186 504.0
1187 529.7
1188 508.2
1189 513.0
1190 482.8
1191 512.2
1192 501.2
1193 487.8
1194 493.0
1195 518.9
1196 520.1
1197 506.9
1198 517.0
1199 538.1
1200 537.0
1201 517.0
1202 544.0
1203 525.3
1204 522.6
1205 539.9
1206 538.1
1207 539.0
1208 532.0
1209 557.0
1210 536.0
1211 543.0
1212 549.9
1213 544.9
1214 555.0
1215 551.2
1216 548.0
1217 554.9
1218 571.1
1219 572.0
1220 542.0
1221 566.0
1222 548.0
1223 529.2
1224 563.8
1225 572.0
1226 565.3
1227 556.5
1228 549.2
1229 580.0
1230 556.0
1231 567.0
1232 564.0
1233 579.0
1234 567.0
1235 550.9
1236 583.3
1237 555.5
1238 652.0
1239 856.4
1240 580.0
1241 668.7
1242 586.3
1243 602.0
1244 625.9
1245 595.1
1246 665.8
1247 652.2
1248 663.9
1249 690.0
1250 650.0
1251 660.0
1252 633.0
1253 650.9
1254 590.0
1255 542.1
1256 519.0
1257 579.0
1258 599.0
1259 632.4
1260 588.6
1261 583.0
1262 523.0
1263 543.0
1264 588.9
1265 591.1
1266 651.1
1267 610.9
1268 614.1
1269 615.0
1270 575.0
1271 562.0
1272 581.8
1273 619.2
1274 600.9
1275 607.0
1276 627.0
1277 567.9
1278 554.1
1279 589.0
1280 655.0
1281 635.0
1282 595.1
1283 617.0
1284 577.0
1285 556.0
1286 590.6
1287 633.4
1288 635.0
1289 621.7
1290 638.0
1291 568.2
1292 598.0
1293 566.1
1294 615.0
1295 662.9
1296 591.0
1297 597.0
1298 649.0
1299 771.7
1300 608.3
1301 583.9
1302 566.0
1303 620.1
1304 721.8
1305 723.0
1306 679.1
1307 711.8
1308 718.0
1309 726.0
1310 759.1
1311 737.7
1312 724.4
1313 737.0
1314 732.0
1315 735.7
1316 761.4
1317 716.9
1318 739.0
1319 755.1
1320 751.0
1321 709.0
1322 732.0
1323 741.9
1324 743.2
1325 735.9
1326 757.0
1327 757.3
1328 779.7
1329 763.9
1330 792.2
1331 759.0
1332 708.0
1333 649.5
1334 662.5
1335 654.9
1336 767.3
1337 828.6
1338 742.7
1339 744.4
1340 897.7
1341 852.2
1342 857.0
1343 839.1
1344 720.0
1345 625.0
1346 640.9
1347 653.1
1348 673.0
1349 744.6
1350 724.3
1351 666.0
1352 653.0
1353 625.0
1354 643.0
1355 691.1
1356 781.0
1357 711.0
1358 690.0
1359 662.9
1360 610.1
1361 537.9
1362 556.1
1363 544.0
1364 586.0
1365 580.1
1366 574.8
1367 563.1
1368 564.0
1369 570.0
1370 619.9
1371 638.0
1372 628.1
1373 618.0
1374 659.0
1375 666.0
1376 584.0
1377 570.0
1378 571.0
1379 565.0
1380 599.0
1381 587.9
1382 574.1
1383 553.9
1384 559.1
1385 583.0
1386 618.0
1387 619.0
1388 633.1
1389 620.7
1390 596.1
1391 574.9
1392 576.9
1393 562.4
1394 562.0
1395 549.1
1396 587.0
1397 540.0
1398 564.0
1399 618.0
1400 697.2
1401 684.7
1402 669.1
1403 684.0
1404 630.4
1405 563.6
1406 557.9
1407 546.1
1408 593.0
1409 564.0
1410 564.8
1411 601.8
1412 588.4
1413 572.0
1414 565.9
1415 573.2
1416 548.7
1417 408.2
1418 305.0
1419 382.0
1420 556.0
1421 579.9
1422 571.0
1423 590.0
1424 580.9
1425 569.0
1426 589.0
1427 569.0
1428 576.9
1429 565.1
1430 579.0
1431 596.0
1432 571.0
1433 559.0
1434 572.0
1435 567.0
1436 575.7
1437 530.2
1438 555.1
1439 557.0
1440 547.0
1441 577.0
1442 569.0
1443 571.0
1444 562.0
1445 565.7
1446 574.3
1447 578.9
1448 577.4
1449 553.6
1450 566.1
1451 600.0
1452 586.0
1453 552.9
1454 569.1
1455 570.9
1456 573.8
1457 566.3
1458 566.0
1459 569.0
1460 582.7
1461 587.3
1462 545.0
1463 571.2
1464 557.8
1465 562.7
1466 540.2
1467 547.1
1468 548.0
1469 549.5
1470 554.6
1471 598.0
1472 556.0
1473 561.9
1474 549.1
1475 532.0
1476 505.8
1477 442.2
1478 477.0
1479 441.0
1480 443.8
1481 478.2
1482 469.0
1483 469.0
1484 467.3
1485 452.7
1486 454.0
1487 460.0
1488 501.0
1489 453.0
1490 439.0
1491 481.0
1492 456.0
1493 439.9
1494 448.1
1495 487.8
1496 480.2
1497 509.0
1498 521.0
1499 465.0
1500 482.0
1501 477.0
1502 480.0
1503 460.8
1504 444.1
1505 455.9
1506 455.1
1507 448.1
1508 445.2
1509 439.8
1510 461.0
1511 444.0
1512 477.0
1513 454.0
1514 460.0
1515 466.9
1516 450.9
1517 481.1
1518 458.1
1519 453.8
1520 446.2
1521 468.0
1522 473.3
1523 453.7
1524 452.0
1525 455.0
1526 457.1
1527 448.0
1528 475.8
1529 459.0
1530 467.2
1531 444.0
1532 487.0
1533 445.0
1534 455.0
1535 472.0
1536 389.0
1537 352.0
1538 337.0
1539 310.9
1540 320.2
1541 321.9
1542 350.0
1543 330.9
1544 317.1
1545 311.0
1546 337.0
1547 315.7
1548 324.3
1549 317.0
1550 322.0
1551 340.0
1552 345.0
1553 324.0
1554 307.0
1555 310.0
1556 323.2
1557 341.8
1558 374.0
1559 329.0
1560 339.0
1561 342.0
1562 380.0
1563 314.0
1564 330.0
1565 324.0
1566 322.0
1567 320.0
1568 377.9
1569 323.0
1570 345.0
1571 321.1
1572 356.9
1573 344.1
1574 329.0
1575 349.0
1576 355.0
1577 324.0
1578 327.0
1579 310.0
1580 333.0
1581 337.0
1582 350.1
1583 328.9
1584 313.0
1585 308.0
1586 313.0
1587 325.0
1588 333.9
1589 339.1
1590 336.0
1591 360.0
1592 362.8
1593 335.2
1594 321.0
1595 349.0
1596 252.0
1597 213.0
1598 212.0
1599 208.0
1600 214.0
1601 214.0
1602 237.0
1603 215.0
1604 213.0
1605 210.0
1606 225.0
1607 218.0
1608 225.0
1609 226.0
1610 227.0
1611 217.0
1612 230.0
1613 208.9
1614 217.1
1615 224.8
1616 214.0
1617 222.0
1618 234.1
1619 220.2
1620 214.0
1621 225.0
1622 234.0
1623 222.8
1624 221.1
1625 230.1
1626 220.0
1627 218.0
1628 225.0
1629 226.0
1630 220.0
1631 228.0
1632 237.0
1633 219.0
1634 214.0
1635 210.0
1636 216.9
1637 218.0
1638 214.0
1639 234.9
1640 239.1
1641 222.1
1642 238.9
1643 221.9
1644 217.1
1645 208.1
1646 217.8
1647 218.2
1648 223.9
1649 218.1
1650 206.0
1651 210.0
1652 221.9
1653 221.2
1654 221.0
1655 215.0
1656 174.0
1657 143.0
1658 139.9
1659 143.1
1660 139.9
1661 146.1
1662 144.0
1663 129.9
1664 131.0
1665 138.1
1666 139.1
1667 136.9
1668 134.1
1669 140.9
1670 152.0
1671 149.1
1672 149.0
1673 143.9
1674 145.1
1675 144.0
1676 148.8
1677 151.2
1678 144.9
1679 145.1
1680 142.9
1681 158.9
1682 163.1
1683 143.0
1684 135.0
1685 137.0
1686 134.0
1687 139.0
1688 142.0
1689 136.9
1690 138.0
1691 142.0
1692 142.0
1693 165.2
1694 154.9
1695 139.1
1696 122.9
1697 138.1
1698 143.1
1699 139.0
1700 143.0
1701 148.0
1702 139.0
1703 158.0
1704 141.0
1705 140.9
1706 146.1
1707 146.0
1708 148.0
1709 149.0
1710 146.1
1711 131.9
1712 132.0
1713 152.1
1714 135.0
1715 132.9
1716 70.0
1717 0.0
1718 0.0
1719 0.0
1720 0.0
1721 0.0
1722 0.0
1723 0.0
1724 0.0
1725 0.0
1726 0.0
1727 0.0
1728 0.0
1729 0.0
1730 0.0
1731 0.0
1732 0.0
1733 0.0
1734 0.0
1735 0.0
1736 0.0
1737 0.0
1738 0.0
1739 0.0
1740 0.0
1741 0.0
1742 0.0
1743 0.0
1744 0.0
1745 0.0
1746 0.0
1747 0.0
1748 0.0
1749 0.0
1750 0.0
1751 0.0
1752 0.0
1753 0.0
1754 0.0
1755 0.0
1756 0.0
1757 0.0
1758 0.0
1759 0.0
1760 0.0
1761 0.0
1762 0.0
1763 0.0
1764 0.0
1765 0.0
1766 0.0
1767 0.0
1768 0.0
1769 0.0
1770 0.0
1771 0.0
1772 0.0
1773 0.0
1774 0.0
1775 0.0
1776 0.0
1777 0.0
1778 0.0
1779 0.0
1780 0.0
1781 0.0
1782 0.0
1783 0.0
1784 0.0
1785 0.0
1786 0.0
1787 0.0
1788 0.0
1789 0.0
1790 0.0
1791 0.0
1792 0.0
1793 0.0
1794 0.0
1795 0.0
1796 0.0
1797 0.0
1798 0.0
1799 0.0
1800 0.0
1801 0.0
1802 0.0
1803 0.0
1804 0.0
1805 0.0
1806 0.0
1807 0.0
1808 0.0
1809 0.0
1810 0.0
1811 0.0
1812 0.0
1813 0.0
1814 0.0
1815 0.0
1816 0.0
1817 0.0
1818 0.0
1819 0.0
1820 0.0
1821 0.0
1822 0.0
1823 0.0
1824 0.0
1825 0.0
1826 0.0
1827 0.0
1828 0.0
1829 0.0
1830 0.0
1831 0.0
1832 0.0
1833 0.0
1834 0.0
1835 0.0
1836 0.0
1837 0.0
1838 0.0
1839 0.0
1840 0.0
1841 0.0
1842 0.0
1843 0.0
1844 0.0
1845 0.0
1846 0.0
1847 0.0
1848 0.0
1849 0.0
1850 0.0
1851 0.0
1852 0.0
1853 0.0
1854 0.0
1855 0.0
1856 0.0
1857 0.0
1858 0.0
1859 0.0
1860 0.0
1861 0.0
