0 0.0
1 0.0
2 0.0
3 0.0
4 0.0
5 100.0
6 200.0
7 200.0
8 200.0
9 200.0
10 300.0
11 400.0
12 400.0
13 400.0
14 10212.0
15 1498.0
16 0.0
17 0.0
18 0.0
19 408.0
20 0.0
21 0.0
22 0.0
23 0.0
24 816.0
25 0.0
26 0.0
27 0.0
28 0.0
29 408.0
30 0.0
31 0.0
32 0.0
33 0.0
34 816.0
35 0.0
36 0.0
37 0.0
38 0.0
39 408.0
40 0.0
41 0.0
42 0.0
43 0.0
44 816.0
45 0.0
46 0.0
47 0.0
48 0.0
49 408.0
50 0.0
51 0.0
52 72230.0
53 0.0
54 816.0
55 0.0
56 0.0
57 0.0
58 0.0
59 12152.0
60 0.0
61 0.0
62 0.0
63 0.0
64 816.0
65 0.0
66 0.0
67 0.0
68 0.0
69 408.0
70 0.0
71 0.0
72 0.0
73 0.0
74 816.0
75 0.0
76 0.0
77 0.0
78 0.0
79 408.0
80 0.0
81 0.0
82 0.0
83 0.0
84 816.0
85 0.0
86 0.0
87 0.0
88 0.0
89 408.0
90 0.0
91 0.0
92 0.0
93 0.0
94 816.0
95 2330.0
96 2221.0
97 69423.0
98 30700.0
99 44734.0
100 44615.0
101 44631.0
102 44375.0
103 45998.0
104 46040.0
105 45274.0
106 45751.0
107 51361.0
108 65516.0
109 51518.0
110 51708.0
111 42202.0
112 66517.0
113 254138.0
114 52517.0
115 46789.0
116 49340.0
117 60498.0
118 61119.0
119 52210.0
120 53280.0
121 55440.0
122 55658.0
123 337730.0
124 60698.0
125 62405.0
126 67730.0
127 66274.0
128 80523.0
129 76408.0
130 75718.0
131 78577.0
132 88264.0
133 411780.0
134 82464.0
135 89961.0
136 85865.0
137 348087.0
138 102350.0
139 89496.0
140 50868.0
141 107977.0
142 100229.0
143 386894.0
144 382890.0
145 129257.0
146 124309.0
147 125218.0
148 393351.0
149 141944.0
150 136658.0
151 124775.0
152 408558.0
153 399034.0
154 408741.0
155 134922.0
156 399760.0
157 192677.0
158 136379.0
159 143958.0
160 156501.0
161 156045.0
162 421987.0
163 478525.0
164 137206.0
165 136061.0
166 401529.0
167 136829.0
168 162403.0
169 144016.0
170 135049.0
171 131655.0
172 399187.0
173 618520.0
174 132811.0
175 132779.0
176 393414.0
177 133952.0
178 152976.0
179 140854.0
180 138382.0
181 140842.0
182 395820.0
183 544677.0
184 130833.0
185 128306.0
186 380291.0
187 127715.0
188 148996.0
189 140969.0
190 136746.0
191 130111.0
192 392512.0
193 545887.0
194 137359.0
195 131215.0
196 403971.0
197 141110.0
198 159057.0
199 141261.0
200 146531.0
201 145026.0
202 404361.0
203 581618.0
204 150708.0
205 144731.0
206 407532.0
207 143511.0
208 160585.0
209 156604.0
210 149099.0
211 152259.0
212 418114.0
213 635706.0
214 157024.0
215 148445.0
216 424002.0
217 200857.0
218 179663.0
219 186831.0
220 189996.0
221 186459.0
222 455145.0
223 829252.0
224 189046.0
225 192912.0
226 718857.0
227 197514.0
228 207267.0
229 206938.0
230 200313.0
231 207313.0
232 467000.0
233 698759.0
234 468371.0
235 208528.0
236 470465.0
237 209816.0
238 188510.0
239 222112.0
240 232115.0
241 240073.0
242 761709.0
243 866410.0
244 231075.0
245 231974.0
246 750542.0
247 239131.0
248 233273.0
249 259880.0
250 246603.0
251 246087.0
252 768729.0
253 583169.0
254 581503.0
255 245687.0
256 786338.0
257 261685.0
258 509778.0
259 265631.0
260 260256.0
261 257286.0
262 771796.0
263 268479.0
264 820267.0
265 264930.0
266 1049459.0
267 293600.0
268 540135.0
269 273398.0
270 271657.0
271 292190.0
272 296752.0
273 815283.0
274 1024367.0
275 301484.0
276 542876.0
277 859038.0
278 535601.0
279 292121.0
280 330862.0
281 317562.0
282 578901.0
283 833273.0
284 650736.0
285 276040.0
286 309365.0
287 1131673.0
288 341189.0
289 342186.0
290 318547.0
291 315887.0
292 272785.0
293 1071083.0
294 1077719.0
295 341412.0
296 330370.0
297 1115507.0
298 315405.0
299 316285.0
300 309467.0
301 300697.0
302 323660.0
303 1142810.0
304 1112936.0
305 320479.0
306 301898.0
307 1084996.0
308 302913.0
309 328417.0
310 379721.0
311 333498.0
312 358332.0
313 1143832.0
314 1129459.0
315 299658.0
316 598787.0
317 1129661.0
318 339219.0
319 428233.0
320 375363.0
321 358751.0
322 347650.0
323 1163882.0
324 1468545.0
325 407720.0
326 397553.0
327 1461072.0
328 673404.0
329 356868.0
330 362449.0
331 373767.0
332 381162.0
333 1484325.0
334 1142631.0
335 655197.0
336 374055.0
337 1439498.0
338 338978.0
339 385484.0
340 402045.0
341 431061.0
342 463033.0
343 1445273.0
344 1048219.0
345 350839.0
346 344512.0
347 1427116.0
348 418832.0
349 407506.0
350 407957.0
351 383814.0
352 366319.0
353 864750.0
354 1846200.0
355 439174.0
356 405861.0
357 1456168.0
358 391171.0
359 375481.0
360 376813.0
361 376495.0
362 414041.0
363 1451036.0
364 1249866.0
365 396433.0
366 412200.0
367 1411539.0
368 362581.0
369 359424.0
370 437875.0
371 430008.0
372 413421.0
373 1519104.0
374 880814.0
375 700751.0
376 377037.0
377 907742.0
378 1217399.0
379 416482.0
380 417448.0
381 436757.0
382 448276.0
383 942056.0
384 959463.0
385 1560023.0
386 497324.0
387 1586822.0
388 454361.0
389 975835.0
390 446563.0
391 402717.0
392 433585.0
393 445066.0
394 1809214.0
395 1274015.0
396 516548.0
397 701351.0
398 1737752.0
399 426605.0
400 426514.0
401 471999.0
402 464602.0
403 480203.0
404 1738521.0
405 1219813.0
406 437093.0
407 451586.0
408 1843216.0
409 482660.0
410 481330.0
411 479323.0
412 417849.0
413 423870.0
414 1763441.0
415 1635506.0
416 506861.0
417 544415.0
418 1793636.0
419 477093.0
420 403035.0
421 417159.0
422 438661.0
423 490869.0
424 1784065.0
425 1549807.0
426 534917.0
427 477216.0
428 1766737.0
429 468064.0
430 752922.0
431 553837.0
432 471011.0
433 486012.0
434 1817686.0
435 1323712.0
436 488905.0
437 770708.0
438 1832746.0
439 504271.0
440 460696.0
441 539252.0
442 475606.0
443 500502.0
444 1559519.0
445 2189156.0
446 560860.0
447 594496.0
448 2176998.0
449 833502.0
450 498580.0
451 523704.0
452 514471.0
453 554821.0
454 1614544.0
455 2132317.0
456 499810.0
457 861823.0
458 1532000.0
459 1099072.0
460 525806.0
461 585118.0
462 612230.0
463 550752.0
464 2113870.0
465 1091339.0
466 912599.0
467 513518.0
468 2126068.0
469 542356.0
470 596655.0
471 528115.0
472 585064.0
473 520684.0
474 510164.0
475 2078882.0
476 1786475.0
477 590143.0
478 1655934.0
479 1073175.0
480 537369.0
481 555582.0
482 506925.0
483 564775.0
484 581839.0
485 2174816.0
486 1755535.0
487 575253.0
488 807675.0
489 1816021.0
490 524068.0
491 579650.0
492 606916.0
493 554715.0
494 489811.0
495 2095910.0
496 1709149.0
497 565994.0
498 905076.0
499 2150153.0
500 576925.0
501 552555.0
502 636327.0
503 550636.0
504 543833.0
505 2150020.0
506 1762800.0
507 951512.0
508 1959175.0
509 804375.0
510 879586.0
511 543643.0
512 615107.0
513 678224.0
514 690765.0
515 2478481.0
516 1744349.0
517 844476.0
518 1597408.0
519 1015890.0
520 518339.0
521 529717.0
522 605630.0
523 564197.0
524 546008.0
525 2125907.0
526 1586631.0
527 480345.0
528 793606.0
529 2137942.0
530 580413.0
531 481603.0
532 553882.0
533 506618.0
534 502871.0
535 487880.0
536 3279605.0
537 614760.0
538 837688.0
539 2138381.0
540 537224.0
541 534413.0
542 480635.0
543 521158.0
544 577150.0
545 2181620.0
546 1593679.0
547 544440.0
548 505518.0
549 2337346.0
550 485969.0
551 543625.0
552 595800.0
553 578100.0
554 579217.0
555 2116039.0
556 1390082.0
557 503117.0
558 530000.0
559 2400752.0
560 574400.0
561 529893.0
562 520923.0
563 526513.0
564 500774.0
565 493851.0
566 3144153.0
567 608150.0
568 578562.0
569 1849098.0
570 1070641.0
571 516868.0
572 514122.0
573 535546.0
574 540405.0
575 1087020.0
576 1926038.0
577 820064.0
578 376974.0
579 1424565.0
580 333581.0
581 625055.0
582 446249.0
583 430341.0
584 379681.0
585 1405435.0
586 337057.0
587 935704.0
588 359597.0
589 366214.0
590 1444583.0
591 706434.0
592 415342.0
593 372322.0
594 325340.0
595 341323.0
596 1400012.0
597 1125744.0
598 440723.0
599 634488.0
600 1392032.0
601 336314.0
602 366255.0
603 364581.0
604 362117.0
605 389998.0
606 1433706.0
607 950098.0
608 385002.0
609 370203.0
610 1692867.0
611 376590.0
612 359745.0
613 460552.0
614 403399.0
615 918558.0
616 886582.0
617 975609.0
618 312250.0
619 347300.0
620 1415949.0
621 667837.0
622 483315.0
623 344482.0
624 344828.0
625 357551.0
626 1412744.0
627 1059383.0
628 475048.0
629 1494175.0
630 395992.0
631 594524.0
632 332658.0
633 329081.0
634 349547.0
635 442772.0
636 1168084.0
637 1009585.0
638 298781.0
639 296153.0
640 1322370.0
641 521892.0
642 320512.0
643 335821.0
644 315243.0
645 324995.0
646 1090735.0
647 848719.0
648 575062.0
649 300938.0
650 1096509.0
651 295873.0
652 283232.0
653 289945.0
654 297950.0
655 299052.0
656 808706.0
657 1231111.0
658 330995.0
659 587828.0
660 1092700.0
661 284944.0
662 293752.0
663 292156.0
664 301872.0
665 311693.0
666 1102444.0
667 882812.0
668 307968.0
669 543873.0
670 1066200.0
671 292555.0
672 295715.0
673 320371.0
674 353577.0
675 316200.0
676 1113025.0
677 831400.0
678 565230.0
679 294362.0
680 1099696.0
681 298267.0
682 333553.0
683 287381.0
684 310474.0
685 274451.0
686 277848.0
687 1799066.0
688 323215.0
689 586459.0
690 1090824.0
691 291693.0
692 291295.0
693 269561.0
694 290254.0
695 305978.0
696 527971.0
697 500011.0
698 778491.0
699 205398.0
700 1002906.0
701 399675.0
702 212376.0
703 253959.0
704 225884.0
705 234095.0
706 215108.0
707 753931.0
708 643187.0
709 475594.0
710 204862.0
711 731602.0
712 216358.0
713 236664.0
714 236202.0
715 222734.0
716 232164.0
717 740351.0
718 655602.0
719 497980.0
720 214857.0
721 736654.0
722 214308.0
723 228207.0
724 211709.0
725 229271.0
726 216156.0
727 755493.0
728 676132.0
729 480366.0
730 214201.0
731 739979.0
732 212325.0
733 210860.0
734 208460.0
735 225824.0
736 215284.0
737 753392.0
738 644775.0
739 218683.0
740 481399.0
741 751652.0
742 209649.0
743 234708.0
744 209951.0
745 233628.0
746 221257.0
747 752663.0
748 671531.0
749 211459.0
750 478399.0
751 743258.0
752 213733.0
753 211783.0
754 215046.0
755 231618.0
756 189286.0
757 657434.0
758 527368.0
759 361235.0
760 244249.0
761 1048347.0
762 255669.0
763 269991.0
764 229629.0
765 225388.0
766 236039.0
767 771200.0
768 959483.0
769 246741.0
770 243801.0
771 765764.0
772 505703.0
773 232875.0
774 235170.0
775 236639.0
776 237469.0
777 765648.0
778 884250.0
779 242401.0
780 243687.0
781 767534.0
782 505942.0
783 240735.0
784 236482.0
785 232134.0
786 238817.0
787 762112.0
788 848664.0
789 232761.0
790 228567.0
791 761370.0
792 504640.0
793 250823.0
794 237854.0
795 240824.0
796 240670.0
797 760942.0
798 864349.0
799 245248.0
800 235417.0
801 758617.0
802 226924.0
803 506791.0
804 241619.0
805 232008.0
806 242455.0
807 767589.0
808 863865.0
809 244743.0
810 239379.0
811 760824.0
812 245228.0
813 522446.0
814 239188.0
815 238012.0
816 84597.0
817 346828.0
818 397226.0
819 50849.0
820 188614.0
821 50640.0
822 52125.0
823 510796.0
824 1286.0
825 0.0
826 0.0
827 0.0
828 231137.0
829 50228.0
830 47334.0
831 50653.0
832 50328.0
833 48610.0
834 237285.0
835 42216.0
836 39949.0
837 43382.0
838 39061.0
839 397405.0
840 39278.0
841 303545.0
842 222228.0
843 1663469.0
844 164299.0
845 169475.0
846 173648.0
847 434885.0
848 417533.0
849 307769.0
850 141953.0
851 415890.0
852 420220.0
853 167663.0
854 165517.0
855 167595.0
856 161443.0
857 160897.0
858 692790.0
859 420096.0
860 163960.0
861 697160.0
862 173036.0
863 176137.0
864 177201.0
865 167107.0
866 170451.0
867 437482.0
868 435782.0
869 512235.0
870 157470.0
871 679195.0
872 168644.0
873 161358.0
874 173439.0
875 168442.0
876 40593.0
877 0.0
878 0.0
879 351515.0
880 0.0
881 255123.0
882 0.0
883 0.0
884 972.0
885 0.0
886 0.0
887 0.0
888 0.0
889 408.0
890 0.0
891 0.0
892 0.0
893 0.0
894 816.0
895 0.0
896 0.0
897 0.0
898 0.0
899 408.0
900 0.0
901 0.0
902 0.0
903 0.0
904 816.0
905 0.0
906 0.0
907 0.0
908 0.0
909 408.0
910 0.0
911 0.0
912 0.0
913 0.0
914 816.0
915 0.0
916 0.0
917 0.0
918 0.0
919 408.0
920 0.0
921 0.0
922 0.0
923 0.0
924 816.0
925 0.0
926 0.0
927 0.0
928 0.0
929 408.0
930 0.0
931 0.0
932 0.0
933 0.0
934 816.0
935 2330.0
936 2221.0
937 63888.0
938 13308.0
939 25597.0
940 28430.0
941 26270.0
942 27551.0
943 28582.0
944 29686.0
945 28384.0
946 29582.0
947 82766.0
948 29776.0
949 29055.0
950 22693.0
951 23555.0
952 184592.0
953 30001.0
954 29758.0
955 28182.0
956 29821.0
957 138100.0
958 31110.0
959 31299.0
960 31680.0
961 31600.0
962 263865.0
963 36497.0
964 36749.0
965 35273.0
966 37858.0
967 157545.0
968 36640.0
969 40880.0
970 43030.0
971 41393.0
972 343160.0
973 46192.0
974 47654.0
975 45420.0
976 47865.0
977 489999.0
978 50217.0
979 52701.0
980 46187.0
981 53784.0
982 249905.0
983 62293.0
984 324660.0
985 65555.0
986 65689.0
987 336415.0
988 71848.0
989 72644.0
990 76699.0
991 75603.0
992 774372.0
993 79494.0
994 85477.0
995 90459.0
996 347955.0
997 137616.0
998 778865.0
999 109911.0
1000 106863.0
1001 372780.0
1002 218466.0
1003 252029.0
1004 106739.0
1005 374276.0
1006 108094.0
1007 105672.0
1008 220375.0
1009 106312.0
1010 112655.0
1011 371916.0
1012 107498.0
1013 444571.0
1014 110010.0
1015 372575.0
1016 115756.0
1017 108123.0
1018 256336.0
1019 113160.0
1020 111773.0
1021 112993.0
1022 377767.0
1023 525776.0
1024 113938.0
1025 377006.0
1026 118333.0
1027 116487.0
1028 243435.0
1029 118399.0
1030 120097.0
1031 120223.0
1032 383061.0
1033 551533.0
1034 128198.0
1035 385164.0
1036 127488.0
1037 128377.0
1038 261998.0
1039 133308.0
1040 132133.0
1041 132249.0
1042 398106.0
1043 654200.0
1044 138525.0
1045 659433.0
1046 128314.0
1047 128339.0
1048 350538.0
1049 136838.0
1050 143387.0
1051 144937.0
1052 417526.0
1053 881282.0
1054 155754.0
1055 166762.0
1056 423242.0
1057 484700.0
1058 435042.0
1059 192261.0
1060 190960.0
1061 196604.0
1062 724618.0
1063 653003.0
1064 199814.0
1065 206725.0
1066 723789.0
1067 197509.0
1068 287880.0
1069 200888.0
1070 201660.0
1071 196131.0
1072 734800.0
1073 758415.0
1074 207110.0
1075 197970.0
1076 741444.0
1077 205813.0
1078 301801.0
1079 214094.0
1080 214279.0
1081 212202.0
1082 730740.0
1083 820986.0
1084 211868.0
1085 219139.0
1086 1007436.0
1087 221271.0
1088 327752.0
1089 226817.0
1090 231145.0
1091 228249.0
1092 752991.0
1093 703507.0
1094 490051.0
1095 221507.0
1096 769255.0
1097 238273.0
1098 482958.0
1099 246149.0
1100 245178.0
1101 246335.0
1102 774190.0
1103 1320232.0
1104 248499.0
1105 251343.0
1106 1038670.0
1107 252863.0
1108 870917.0
1109 252504.0
1110 242064.0
1111 247675.0
1112 1044552.0
1113 760298.0
1114 258943.0
1115 254286.0
1116 1040787.0
1117 300558.0
1118 827114.0
1119 290815.0
1120 278263.0
1121 280960.0
1122 1067346.0
1123 803783.0
1124 267076.0
1125 270631.0
1126 1063162.0
1127 282193.0
1128 278978.0
1129 337092.0
1130 289575.0
1131 263509.0
1132 805210.0
1133 1143917.0
1134 329242.0
1135 279617.0
1136 1068024.0
1137 295397.0
1138 290000.0
1139 357312.0
1140 287245.0
1141 286649.0
1142 285906.0
1143 1077866.0
1144 1001107.0
1145 297404.0
1146 1093481.0
1147 290237.0
1148 301214.0
1149 350041.0
1150 301842.0
1151 311640.0
1152 307724.0
1153 1091655.0
1154 1110252.0
1155 299312.0
1156 563667.0
1157 1091577.0
1158 311135.0
1159 477287.0
1160 332747.0
1161 320640.0
1162 327240.0
1163 1083740.0
1164 1299101.0
1165 322499.0
1166 334138.0
1167 1129200.0
1168 600576.0
1169 576571.0
1170 342078.0
1171 315252.0
1172 323478.0
1173 1389452.0
1174 1105479.0
1175 343996.0
1176 326283.0
1177 1412452.0
1178 278236.0
1179 941440.0
1180 405457.0
1181 389408.0
1182 373245.0
1183 1410519.0
1184 967484.0
1185 365550.0
1186 1149374.0
1187 627439.0
1188 365010.0
1189 519569.0
1190 374120.0
1191 367134.0
1192 361565.0
1193 1416448.0
1194 1210889.0
1195 546400.0
1196 376024.0
1197 1419293.0
1198 372281.0
1199 460502.0
1200 382959.0
1201 372216.0
1202 375898.0
1203 1420106.0
1204 1228921.0
1205 379557.0
1206 378328.0
1207 1429906.0
1208 382690.0
1209 779915.0
1210 390098.0
1211 387482.0
1212 391879.0
1213 1447060.0
1214 1104516.0
1215 393404.0
1216 658181.0
1217 1448639.0
1218 394347.0
1219 525597.0
1220 408685.0
1221 405255.0
1222 405767.0
1223 1455418.0
1224 1528592.0
1225 400180.0
1226 413440.0
1227 1465542.0
1228 418477.0
1229 893890.0
1230 429265.0
1231 416887.0
1232 419820.0
1233 1738317.0
1234 1288751.0
1235 411379.0
1236 426228.0
1237 1739199.0
1238 463917.0
1239 620114.0
1240 351911.0
1241 484822.0
1242 391015.0
1243 387252.0
1244 2747375.0
1245 469955.0
1246 523353.0
1247 1817091.0
1248 476897.0
1249 678093.0
1250 475682.0
1251 465561.0
1252 456369.0
1253 1768176.0
1254 1346528.0
1255 558650.0
1256 366963.0
1257 468338.0
1258 1817168.0
1259 556116.0
1260 443966.0
1261 464052.0
1262 379709.0
1263 423966.0
1264 2718370.0
1265 493056.0
1266 504154.0
1267 2055415.0
1268 465206.0
1269 459222.0
1270 539845.0
1271 475850.0
1272 491757.0
1273 1868814.0
1274 1209801.0
1275 982866.0
1276 521956.0
1277 1726263.0
1278 444659.0
1279 791749.0
1280 691502.0
1281 535394.0
1282 466469.0
1283 1020690.0
1284 1515426.0
1285 1495485.0
1286 516778.0
1287 1875862.0
1288 795366.0
1289 513441.0
1290 1062295.0
1291 441836.0
1292 434917.0
1293 464476.0
1294 2112786.0
1295 1589734.0
1296 464508.0
1297 1008785.0
1298 1550982.0
1299 489437.0
1300 688800.0
1301 482209.0
1302 473072.0
1303 584999.0
1304 2281065.0
1305 1684269.0
1306 525926.0
1307 2108307.0
1308 529540.0
1309 537092.0
1310 582224.0
1311 534072.0
1312 538161.0
1313 538750.0
1314 2106478.0
1315 1814153.0
1316 538259.0
1317 532670.0
1318 2119353.0
1319 539379.0
1320 630345.0
1321 547745.0
1322 542523.0
1323 545379.0
1324 2112221.0
1325 1676568.0
1326 548601.0
1327 552801.0
1328 2109993.0
1329 558626.0
1330 657277.0
1331 557448.0
1332 474130.0
1333 425586.0
1334 2076990.0
1335 1764807.0
1336 481822.0
1337 512426.0
1338 502374.0
1339 2336080.0
1340 716191.0
1341 577111.0
1342 551940.0
1343 546908.0
1344 2089044.0
1345 1199076.0
1346 524972.0
1347 827433.0
1348 2152263.0
1349 639159.0
1350 751645.0
1351 546910.0
1352 524586.0
1353 518301.0
1354 2409210.0
1355 1955369.0
1356 707246.0
1357 2186485.0
1358 500551.0
1359 477511.0
1360 1032852.0
1361 515194.0
1362 433845.0
1363 480599.0
1364 1538803.0
1365 2139485.0
1366 495789.0
1367 485912.0
1368 2062311.0
1369 490209.0
1370 1055161.0
1371 563909.0
1372 534703.0
1373 478410.0
1374 2109757.0
1375 1274482.0
1376 428210.0
1377 441498.0
1378 2047359.0
1379 473298.0
1380 1014912.0
1381 504093.0
1382 498283.0
1383 498718.0
1384 2063814.0
1385 1494586.0
1386 566819.0
1387 523229.0
1388 2091069.0
1389 541507.0
1390 1002588.0
1391 419222.0
1392 458849.0
1393 463355.0
1394 484300.0
1395 3133776.0
1396 556062.0
1397 472553.0
1398 495796.0
1399 2147829.0
1400 644576.0
1401 1148814.0
1402 499406.0
1403 496224.0
1404 455655.0
1405 1958622.0
1406 1494535.0
1407 442017.0
1408 488861.0
1409 2057862.0
1410 497495.0
1411 1111855.0
1412 486917.0
1413 498687.0
1414 1011427.0
1415 1559800.0
1416 1278313.0
1417 474420.0
1418 1552095.0
1419 642409.0
1420 416237.0
1421 647746.0
1422 419855.0
1423 416361.0
1424 417205.0
1425 1732171.0
1426 1633949.0
1427 417878.0
1428 426286.0
1429 1707004.0
1430 424818.0
1431 1008109.0
1432 418578.0
1433 419327.0
1434 413943.0
1435 1732889.0
1436 1277323.0
1437 419847.0
1438 419727.0
1439 1710482.0
1440 417789.0
1441 1112014.0
1442 421057.0
1443 424994.0
1444 409131.0
1445 1734199.0
1446 1353257.0
1447 415648.0
1448 416719.0
1449 1736562.0
1450 413994.0
1451 1209346.0
1452 421967.0
1453 418165.0
1454 424494.0
1455 1730304.0
1456 1423048.0
1457 426711.0
1458 419473.0
1459 1729403.0
1460 412849.0
1461 1143424.0
1462 419981.0
1463 418616.0
1464 421161.0
1465 1734372.0
1466 1451013.0
1467 421063.0
1468 418390.0
1469 1733073.0
1470 424338.0
1471 1219403.0
1472 422220.0
1473 418153.0
1474 419467.0
1475 1739016.0
1476 1407206.0
1477 332735.0
1478 335859.0
1479 1389510.0
1480 342742.0
1481 1535129.0
1482 330323.0
1483 337968.0
1484 339712.0
1485 1379814.0
1486 1040037.0
1487 332025.0
1488 337896.0
1489 1388391.0
1490 331350.0
1491 1529651.0
1492 342726.0
1493 335759.0
1494 336526.0
1495 1382401.0
1496 1109077.0
1497 326104.0
1498 340995.0
1499 1388584.0
1500 340691.0
1501 1019766.0
1502 796921.0
1503 338692.0
1504 327908.0
1505 1126849.0
1506 1224182.0
1507 463307.0
1508 336141.0
1509 1385932.0
1510 337455.0
1511 335084.0
1512 1571922.0
1513 337312.0
1514 335889.0
1515 1380952.0
1516 335728.0
1517 1103833.0
1518 334831.0
1519 1386698.0
1520 334941.0
1521 335915.0
1522 1488357.0
1523 337963.0
1524 337418.0
1525 337943.0
1526 1386415.0
1527 1090959.0
1528 326894.0
1529 1388072.0
1530 337628.0
1531 339234.0
1532 1547949.0
1533 339285.0
1534 333587.0
1535 335284.0
1536 1328487.0
1537 1012836.0
1538 254441.0
1539 1037548.0
1540 252130.0
1541 271363.0
1542 1438088.0
1543 245305.0
1544 249088.0
1545 248195.0
1546 1039228.0
1547 830979.0
1548 250755.0
1549 778157.0
1550 513356.0
1551 251917.0
1552 1426877.0
1553 252056.0
1554 248158.0
1555 250297.0
1556 1034684.0
1557 832972.0
1558 256072.0
1559 517777.0
1560 775617.0
1561 247466.0
1562 1418245.0
1563 247339.0
1564 248576.0
1565 250185.0
1566 1037660.0
1567 823774.0
1568 255033.0
1569 242915.0
1570 1036746.0
1571 248442.0
1572 1396547.0
1573 244093.0
1574 241247.0
1575 245417.0
1576 1036376.0
1577 804969.0
1578 249358.0
1579 251379.0
1580 1042605.0
1581 254008.0
1582 1429906.0
1583 254038.0
1584 253249.0
1585 249812.0
1586 1037404.0
1587 819607.0
1588 251912.0
1589 252908.0
1590 1039921.0
1591 254304.0
1592 1419474.0
1593 249684.0
1594 244365.0
1595 249422.0
1596 715462.0
1597 739611.0
1598 168229.0
1599 163820.0
1600 690076.0
1601 422304.0
1602 1257033.0
1603 170093.0
1604 168951.0
1605 167706.0
1606 691309.0
1607 509572.0
1608 162243.0
1609 164383.0
1610 685643.0
1611 165620.0
1612 1245411.0
1613 167830.0
1614 168606.0
1615 167162.0
1616 692609.0
1617 500436.0
1618 168660.0
1619 163932.0
1620 689543.0
1621 169717.0
1622 1244606.0
1623 159130.0
1624 167964.0
1625 166215.0
1626 688183.0
1627 491665.0
1628 167279.0
1629 165916.0
1630 690963.0
1631 163904.0
1632 1238832.0
1633 165586.0
1634 166076.0
1635 165265.0
1636 690922.0
1637 478634.0
1638 166283.0
1639 169028.0
1640 694143.0
1641 169437.0
1642 951066.0
1643 164626.0
1644 167571.0
1645 166920.0
1646 691340.0
1647 726127.0
1648 168381.0
1649 170477.0
1650 692266.0
1651 163151.0
1652 962744.0
1653 174413.0
1654 170835.0
1655 167304.0
1656 366192.0
1657 639562.0
1658 83298.0
1659 84133.0
1660 348758.0
1661 313654.0
1662 1245491.0
1663 76198.0
1664 85271.0
1665 82953.0
1666 347454.0
1667 352195.0
1668 83243.0
1669 87403.0
1670 346968.0
1671 83975.0
1672 1274664.0
1673 84913.0
1674 86132.0
1675 87266.0
1676 343037.0
1677 377250.0
1678 82810.0
1679 84690.0
1680 346939.0
1681 83643.0
1682 1252199.0
1683 87765.0
1684 85925.0
1685 84114.0
1686 346176.0
1687 350087.0
1688 77073.0
1689 83390.0
1690 343256.0
1691 82558.0
1692 1239229.0
1693 120506.0
1694 84923.0
1695 82730.0
1696 346042.0
1697 241644.0
1698 217976.0
1699 81399.0
1700 342523.0
1701 86303.0
1702 83277.0
1703 1265317.0
1704 84120.0
1705 82419.0
1706 346678.0
1707 84231.0
1708 368606.0
1709 87076.0
1710 346476.0
1711 82037.0
1712 82717.0
1713 1257658.0
1714 78602.0
1715 76281.0
1716 248773.0
1717 0.0
1718 276740.0
1719 408.0
1720 0.0
1721 409104.0
1722 0.0
1723 156.0
1724 816.0
1725 0.0
1726 0.0
1727 0.0
1728 0.0
1729 408.0
1730 0.0
1731 0.0
1732 0.0
1733 0.0
1734 816.0
1735 0.0
1736 0.0
1737 0.0
1738 0.0
1739 512.0
1740 104.0
1741 0.0
1742 0.0
1743 0.0
1744 816.0
1745 0.0
1746 0.0
1747 0.0
1748 0.0
1749 408.0
1750 0.0
1751 0.0
1752 0.0
1753 0.0
1754 816.0
1755 0.0
1756 0.0
1757 0.0
1758 0.0
1759 408.0
1760 0.0
1761 0.0
1762 0.0
1763 0.0
1764 816.0
1765 0.0
1766 0.0
1767 0.0
1768 0.0
1769 408.0
1770 0.0
1771 0.0
1772 0.0
1773 0.0
1774 816.0
1775 0.0
1776 0.0
1777 0.0
1778 0.0
1779 408.0
1780 0.0
1781 0.0
1782 0.0
1783 0.0
1784 816.0
1785 0.0
1786 0.0
1787 0.0
1788 0.0
1789 408.0
1790 0.0
1791 0.0
1792 0.0
1793 0.0
1794 816.0
1795 0.0
1796 0.0
1797 0.0
1798 0.0
1799 408.0
1800 0.0
1801 0.0
1802 0.0
1803 0.0
1804 816.0
1805 0.0
1806 0.0
1807 0.0
1808 0.0
1809 408.0
1810 0.0
1811 0.0
1812 0.0
1813 0.0
1814 816.0
1815 0.0
1816 0.0
1817 0.0
1818 0.0
1819 408.0
1820 0.0
1821 0.0
1822 0.0
1823 0.0
1824 816.0
1825 0.0
1826 0.0
1827 0.0
1828 0.0
1829 408.0
1830 0.0
1831 0.0
1832 0.0
1833 0.0
1834 816.0
1835 0.0
1836 0.0
1837 0.0
1838 0.0
1839 408.0
1840 0.0
1841 0.0
1842 0.0
1843 0.0
1844 816.0
1845 0.0
1846 0.0
1847 0.0
1848 0.0
1849 408.0
1850 0.0
1851 0.0
1852 0.0
1853 0.0
1854 816.0
1855 0.0
1856 0.0
1857 0.0
1858 0.0
1859 408.0
1860 104.0
1861 0.0
1862 0.0
