0 0.0
1 168.0
2 250.0
3 0.0
4 0.0
5 0.0
6 70.0
7 0.0
8 0.0
9 0.0
10 70.0
11 0.0
12 0.0
13 0.0
14 0.0
15 0.0
16 0.0
17 0.0
18 0.0
19 0.0
20 0.0
21 0.0
22 0.0
23 0.0
24 0.0
25 0.0
26 0.0
27 0.0
28 0.0
29 0.0
30 0.0
31 0.0
32 0.0
33 0.0
34 0.0
35 0.0
36 0.0
37 0.0
38 0.0
39 0.0
40 0.0
41 0.0
42 0.0
43 0.0
44 0.0
45 0.0
46 0.0
47 0.0
48 0.0
49 0.0
50 0.0
51 1404.0
52 13641.0
53 37118.0
54 0.0
55 0.0
56 0.0
57 0.0
58 638.0
59 5608.0
60 0.0
61 0.0
62 0.0
63 0.0
64 0.0
65 0.0
66 0.0
67 0.0
68 0.0
69 0.0
70 0.0
71 0.0
72 0.0
73 0.0
74 0.0
75 0.0
76 0.0
77 0.0
78 0.0
79 0.0
80 0.0
81 0.0
82 0.0
83 0.0
84 0.0
85 0.0
86 0.0
87 0.0
88 0.0
89 0.0
90 0.0
91 0.0
92 0.0
93 0.0
94 0.0
95 5375.0
96 3086.0
97 28814.0
98 14570.0
99 12323.0
100 12846.0
101 13069.0
102 12752.0
103 12976.0
104 14645.0
105 14436.0
106 14669.0
107 16143.0
108 14108.0
109 14829.0
110 16098.0
111 15159.0
112 15039.0
113 16479.0
114 18515.0
115 16692.0
116 18474.0
117 24233.0
118 14773.0
119 19739.0
120 22447.0
121 23565.0
122 23551.0
123 25857.0
124 26460.0
125 28094.0
126 28040.0
127 29526.0
128 30685.0
129 32857.0
130 33069.0
131 34073.0
132 36912.0
133 36110.0
134 37701.0
135 39050.0
136 40770.0
137 44925.0
138 45631.0
139 45012.0
140 32055.0
141 43707.0
142 73234.0
143 63670.0
144 62574.0
145 64229.0
146 69136.0
147 74509.0
148 77056.0
149 76766.0
150 76818.0
151 74422.0
152 76999.0
153 75540.0
154 78120.0
155 75453.0
156 124786.0
157 103554.0
158 90371.0
159 85747.0
160 89141.0
161 91670.0
162 91946.0
163 90872.0
164 91053.0
165 91344.0
166 90389.0
167 91046.0
168 95623.0
169 91660.0
170 90753.0
171 91221.0
172 91875.0
173 91242.0
174 91010.0
175 91666.0
176 91715.0
177 91783.0
178 92851.0
179 94701.0
180 93674.0
181 93004.0
182 90188.0
183 91280.0
184 92735.0
185 93357.0
186 88143.0
187 91659.0
188 95000.0
189 92006.0
190 92912.0
191 91935.0
192 92103.0
193 93227.0
194 92631.0
195 90223.0
196 91785.0
197 94269.0
198 94598.0
199 95391.0
200 94840.0
201 96272.0
202 96233.0
203 97077.0
204 95581.0
205 99327.0
206 98867.0
207 100432.0
208 100417.0
209 101821.0
210 104118.0
211 104693.0
212 104761.0
213 107570.0
214 109107.0
215 107963.0
216 156243.0
217 124068.0
218 126267.0
219 126839.0
220 126743.0
221 127898.0
222 128803.0
223 132288.0
224 130378.0
225 135343.0
226 138448.0
227 139499.0
228 142029.0
229 142748.0
230 146455.0
231 148606.0
232 144442.0
233 145355.0
234 153010.0
235 155868.0
236 153128.0
237 158822.0
238 131494.0
239 164984.0
240 180665.0
241 181000.0
242 181346.0
243 177992.0
244 175727.0
245 176333.0
246 167263.0
247 179936.0
248 170744.0
249 187616.0
250 181889.0
251 182957.0
252 185092.0
253 176728.0
254 183761.0
255 183559.0
256 186050.0
257 191047.0
258 190553.0
259 191947.0
260 191542.0
261 192237.0
262 188997.0
263 197189.0
264 198290.0
265 202203.0
266 202099.0
267 204215.0
268 205482.0
269 204135.0
270 205119.0
271 213621.0
272 218018.0
273 212691.0
274 216195.0
275 218467.0
276 261343.0
277 219340.0
278 223435.0
279 261577.0
280 264911.0
281 252843.0
282 253279.0
283 237259.0
284 194656.0
285 207278.0
286 246461.0
287 275589.0
288 286404.0
289 245529.0
290 250823.0
291 253147.0
292 213199.0
293 219049.0
294 248925.0
295 278697.0
296 269114.0
297 261824.0
298 249592.0
299 236559.0
300 242913.0
301 233756.0
302 261961.0
303 289084.0
304 275255.0
305 267254.0
306 234198.0
307 241758.0
308 234357.0
309 261829.0
310 309130.0
311 270726.0
312 278270.0
313 268000.0
314 253122.0
315 236176.0
316 268853.0
317 276045.0
318 278133.0
319 329848.0
320 311795.0
321 275557.0
322 272152.0
323 274936.0
324 273590.0
325 340322.0
326 324112.0
327 305068.0
328 306037.0
329 270787.0
330 268323.0
331 291989.0
332 300092.0
333 333924.0
334 332607.0
335 331141.0
336 281857.0
337 269890.0
338 286516.0
339 320798.0
340 326000.0
341 365981.0
342 396839.0
343 325090.0
344 316243.0
345 282399.0
346 274479.0
347 309522.0
348 351687.0
349 349860.0
350 334320.0
351 313059.0
352 296522.0
353 269996.0
354 299628.0
355 368115.0
356 339821.0
357 337711.0
358 321057.0
359 301517.0
360 301445.0
361 306098.0
362 352735.0
363 327899.0
364 326903.0
365 329766.0
366 343132.0
367 296298.0
368 291241.0
369 315627.0
370 383966.0
371 364425.0
372 348581.0
373 398991.0
374 307158.0
375 282187.0
376 302509.0
377 322522.0
378 354739.0
379 349943.0
380 354520.0
381 372453.0
382 382527.0
383 345704.0
384 355606.0
385 395716.0
386 423064.0
387 449531.0
388 354014.0
389 356029.0
390 325635.0
391 322895.0
392 365268.0
393 374089.0
394 452078.0
395 396663.0
396 408756.0
397 357376.0
398 373149.0
399 375336.0
400 405249.0
401 409460.0
402 393004.0
403 416815.0
404 362582.0
405 467943.0
406 369014.0
407 379841.0
408 462113.0
409 407652.0
410 423114.0
411 409515.0
412 351481.0
413 348632.0
414 374158.0
415 436682.0
416 442323.0
417 469461.0
418 408945.0
419 405979.0
420 342328.0
421 344081.0
422 371393.0
423 419362.0
424 407046.0
425 443085.0
426 461892.0
427 414149.0
428 378691.0
429 398069.0
430 398291.0
431 464126.0
432 411335.0
433 403520.0
434 439201.0
435 418477.0
436 415382.0
437 433352.0
438 445858.0
439 423636.0
440 440142.0
441 446795.0
442 394539.0
443 409615.0
444 427306.0
445 443795.0
446 486991.0
447 509704.0
448 496934.0
449 462910.0
450 421468.0
451 450572.0
452 412281.0
453 461466.0
454 491576.0
455 539629.0
456 401853.0
457 473658.0
458 441902.0
459 498635.0
460 468520.0
461 515151.0
462 544742.0
463 460682.0
464 453527.0
465 486211.0
466 404553.0
467 445256.0
468 467631.0
469 469139.0
470 509321.0
471 496654.0
472 501065.0
473 445250.0
474 429511.0
475 423709.0
476 482143.0
477 518255.0
478 513602.0
479 479782.0
480 450600.0
481 442935.0
482 424345.0
483 490349.0
484 506489.0
485 522151.0
486 501218.0
487 489705.0
488 466416.0
489 425465.0
490 452785.0
491 483296.0
492 533730.0
493 474407.0
494 403226.0
495 463108.0
496 474793.0
497 498058.0
498 540030.0
499 501988.0
500 517753.0
501 454839.0
502 542982.0
503 479730.0
504 465581.0
505 504190.0
506 531440.0
507 591775.0
508 561535.0
509 447328.0
510 532162.0
511 477570.0
512 527602.0
513 542812.0
514 600098.0
515 540589.0
516 488016.0
517 497702.0
518 438148.0
519 409779.0
520 420096.0
521 445042.0
522 525180.0
523 478903.0
524 456171.0
525 463935.0
526 435644.0
527 385134.0
528 452506.0
529 471474.0
530 499888.0
531 478429.0
532 461711.0
533 411761.0
534 405049.0
535 414302.0
536 467874.0
537 518241.0
538 496015.0
539 460860.0
540 439246.0
541 406125.0
542 404002.0
543 428140.0
544 517889.0
545 499213.0
546 475177.0
547 463899.0
548 413236.0
549 406950.0
550 409208.0
551 407822.0
552 516140.0
553 502898.0
554 489784.0
555 462526.0
556 420281.0
557 414724.0
558 434209.0
559 486928.0
560 483368.0
561 487863.0
562 450066.0
563 455681.0
564 403126.0
565 421359.0
566 391439.0
567 541505.0
568 478720.0
569 457096.0
570 440378.0
571 425449.0
572 465685.0
573 458422.0
574 463449.0
575 470158.0
576 484445.0
577 321407.0
578 381023.0
579 392660.0
580 330319.0
581 354450.0
582 441934.0
583 470138.0
584 368964.0
585 324496.0
586 340225.0
587 318314.0
588 359619.0
589 377541.0
590 410051.0
591 475895.0
592 400861.0
593 372192.0
594 294730.0
595 328944.0
596 362939.0
597 439351.0
598 467845.0
599 369920.0
600 325603.0
601 326155.0
602 350374.0
603 369546.0
604 383842.0
605 386158.0
606 400734.0
607 364891.0
608 387093.0
609 369961.0
610 366462.0
611 382119.0
612 402893.0
613 493055.0
614 426511.0
615 381786.0
616 343086.0
617 283088.0
618 315672.0
619 351450.0
620 369633.0
621 427793.0
622 458267.0
623 337609.0
624 338085.0
625 357404.0
626 380425.0
627 385428.0
628 502378.0
629 467446.0
630 382156.0
631 326218.0
632 293998.0
633 328261.0
634 354999.0
635 483706.0
636 402459.0
637 326238.0
638 301715.0
639 282330.0
640 264725.0
641 281131.0
642 309039.0
643 360284.0
644 330957.0
645 307804.0
646 280726.0
647 279620.0
648 302128.0
649 317828.0
650 316800.0
651 308919.0
652 304324.0
653 284580.0
654 298382.0
655 277733.0
656 276585.0
657 287662.0
658 358840.0
659 337947.0
660 296458.0
661 288880.0
662 282562.0
663 290395.0
664 306536.0
665 320015.0
666 328240.0
667 309552.0
668 294289.0
669 282955.0
670 272349.0
671 283390.0
672 300539.0
673 333520.0
674 344803.0
675 303757.0
676 305555.0
677 285070.0
678 289123.0
679 288393.0
680 315996.0
681 331416.0
682 306960.0
683 306433.0
684 296316.0
685 264534.0
686 264137.0
687 305601.0
688 339457.0
689 336767.0
690 308343.0
691 289318.0
692 293355.0
693 267555.0
694 297291.0
695 318624.0
696 270305.0
697 237910.0
698 224889.0
699 226091.0
700 230270.0
701 226326.0
702 227411.0
703 227526.0
704 229592.0
705 230241.0
706 228485.0
707 229279.0
708 222668.0
709 222831.0
710 232138.0
711 233924.0
712 227579.0
713 229216.0
714 231932.0
715 224431.0
716 233294.0
717 226613.0
718 227323.0
719 233164.0
720 224992.0
721 233183.0
722 226546.0
723 228558.0
724 215325.0
725 233542.0
726 231552.0
727 232113.0
728 225091.0
729 228584.0
730 229867.0
731 225907.0
732 229041.0
733 227873.0
734 228504.0
735 230042.0
736 227334.0
737 231044.0
738 227702.0
739 223991.0
740 235384.0
741 229119.0
742 223633.0
743 228858.0
744 233148.0
745 229551.0
746 227675.0
747 229305.0
748 228442.0
749 226574.0
750 229539.0
751 226475.0
752 228951.0
753 225057.0
754 229363.0
755 228536.0
756 165386.0
757 151345.0
758 152546.0
759 150729.0
760 153853.0
761 151135.0
762 153698.0
763 151685.0
764 153043.0
765 156883.0
766 150719.0
767 153631.0
768 155125.0
769 151348.0
770 153034.0
771 152609.0
772 152790.0
773 151057.0
774 152670.0
775 153459.0
776 152750.0
777 152110.0
778 153876.0
779 151205.0
780 152986.0
781 151203.0
782 152084.0
783 149904.0
784 154481.0
785 153641.0
786 154981.0
787 152813.0
788 151047.0
789 154811.0
790 150189.0
791 151802.0
792 152770.0
793 152165.0
794 153576.0
795 154256.0
796 152944.0
797 151788.0
798 151659.0
799 154172.0
800 151118.0
801 152241.0
802 151949.0
803 150223.0
804 153621.0
805 154966.0
806 149770.0
807 152814.0
808 151142.0
809 152959.0
810 153241.0
811 153573.0
812 151986.0
813 153612.0
814 152913.0
815 153542.0
816 77058.0
817 78360.0
818 75568.0
819 76785.0
820 75768.0
821 75268.0
822 76382.0
823 74261.0
824 75450.0
825 74613.0
826 75516.0
827 75501.0
828 77713.0
829 77764.0
830 76136.0
831 74307.0
832 76567.0
833 75523.0
834 74520.0
835 78153.0
836 74008.0
837 76259.0
838 78440.0
839 74074.0
840 75234.0
841 75990.0
842 77917.0
843 73115.0
844 77691.0
845 76882.0
846 75626.0
847 76044.0
848 75984.0
849 76534.0
850 76339.0
851 75226.0
852 77319.0
853 74804.0
854 76388.0
855 76547.0
856 76554.0
857 76216.0
858 75152.0
859 77666.0
860 75002.0
861 77424.0
862 76147.0
863 76877.0
864 75869.0
865 75757.0
866 77932.0
867 77027.0
868 75398.0
869 77650.0
870 76406.0
871 76163.0
872 75394.0
873 76997.0
874 76122.0
875 77642.0
876 14753.0
877 0.0
878 0.0
879 0.0
880 42.0
881 0.0
882 0.0
883 0.0
884 0.0
885 0.0
886 0.0
887 0.0
888 0.0
889 0.0
890 0.0
891 0.0
892 0.0
893 0.0
894 0.0
895 0.0
896 0.0
897 0.0
898 0.0
899 0.0
900 0.0
901 0.0
902 0.0
903 0.0
904 0.0
905 0.0
906 0.0
907 0.0
908 0.0
909 0.0
910 0.0
911 0.0
912 0.0
913 0.0
914 0.0
915 0.0
916 0.0
917 0.0
918 0.0
919 0.0
920 0.0
921 0.0
922 0.0
923 0.0
924 0.0
925 0.0
926 0.0
927 0.0
928 0.0
929 0.0
930 0.0
931 0.0
932 0.0
933 0.0
934 0.0
935 27594.0
936 41442.0
937 22834.0
938 19213.0
939 14942.0
940 16892.0
941 16628.0
942 17385.0
943 18016.0
944 19127.0
945 18579.0
946 18985.0
947 19681.0
948 20067.0
949 19827.0
950 19314.0
951 19787.0
952 18919.0
953 18904.0
954 19078.0
955 19288.0
956 18995.0
957 21001.0
958 22221.0
959 23720.0
960 24292.0
961 23892.0
962 25725.0
963 25251.0
964 26254.0
965 27150.0
966 27507.0
967 29339.0
968 28926.0
969 31094.0
970 32299.0
971 32551.0
972 34320.0
973 35469.0
974 35570.0
975 36465.0
976 37871.0
977 40120.0
978 41867.0
979 43727.0
980 44456.0
981 47365.0
982 50159.0
983 53787.0
984 51315.0
985 56385.0
986 58941.0
987 59710.0
988 62690.0
989 64896.0
990 68037.0
991 69228.0
992 69735.0
993 71882.0
994 78042.0
995 129741.0
996 77629.0
997 100238.0
998 97667.0
999 90867.0
1000 87941.0
1001 90840.0
1002 90103.0
1003 88687.0
1004 88603.0
1005 93049.0
1006 92478.0
1007 91202.0
1008 99308.0
1009 90437.0
1010 95328.0
1011 93765.0
1012 91142.0
1013 96194.0
1014 96771.0
1015 97305.0
1016 97277.0
1017 94158.0
1018 102151.0
1019 97689.0
1020 94696.0
1021 96502.0
1022 98357.0
1023 100037.0
1024 96550.0
1025 99488.0
1026 101626.0
1027 100332.0
1028 103967.0
1029 102410.0
1030 105424.0
1031 108338.0
1032 103247.0
1033 104957.0
1034 108217.0
1035 109842.0
1036 110012.0
1037 113658.0
1038 114081.0
1039 116377.0
1040 116980.0
1041 119601.0
1042 121077.0
1043 118786.0
1044 121996.0
1045 125417.0
1046 125840.0
1047 127355.0
1048 133834.0
1049 128497.0
1050 136579.0
1051 134608.0
1052 137130.0
1053 143724.0
1054 140235.0
1055 187914.0
1056 162701.0
1057 181769.0
1058 171099.0
1059 172186.0
1060 168718.0
1061 173298.0
1062 169109.0
1063 177427.0
1064 173960.0
1065 177731.0
1066 180895.0
1067 173803.0
1068 183572.0
1069 179915.0
1070 179620.0
1071 175051.0
1072 182033.0
1073 182255.0
1074 181924.0
1075 181230.0
1076 185744.0
1077 182087.0
1078 193622.0
1079 188311.0
1080 190148.0
1081 189751.0
1082 182658.0
1083 192965.0
1084 189419.0
1085 192121.0
1086 197748.0
1087 198930.0
1088 202960.0
1089 203613.0
1090 211704.0
1091 206923.0
1092 209502.0
1093 204090.0
1094 209668.0
1095 208382.0
1096 218736.0
1097 211630.0
1098 222128.0
1099 224407.0
1100 223510.0
1101 227257.0
1102 227606.0
1103 229950.0
1104 227376.0
1105 230731.0
1106 226903.0
1107 232191.0
1108 229498.0
1109 229110.0
1110 224872.0
1111 228565.0
1112 230476.0
1113 228660.0
1114 228511.0
1115 228054.0
1116 288406.0
1117 255286.0
1118 232692.0
1119 262060.0
1120 244844.0
1121 244791.0
1122 251180.0
1123 249251.0
1124 233474.0
1125 246146.0
1126 238419.0
1127 251933.0
1128 246930.0
1129 268069.0
1130 258943.0
1131 233301.0
1132 249019.0
1133 260846.0
1134 251139.0
1135 249032.0
1136 249963.0
1137 258631.0
1138 255362.0
1139 265307.0
1140 253178.0
1141 253758.0
1142 251863.0
1143 256036.0
1144 265823.0
1145 267401.0
1146 274454.0
1147 258519.0
1148 270982.0
1149 261165.0
1150 272538.0
1151 278628.0
1152 277995.0
1153 273614.0
1154 273474.0
1155 269210.0
1156 268175.0
1157 276839.0
1158 285937.0
1159 291714.0
1160 303334.0
1161 296337.0
1162 297851.0
1163 267758.0
1164 283882.0
1165 292290.0
1166 300961.0
1167 307895.0
1168 306338.0
1169 318298.0
1170 311504.0
1171 291463.0
1172 292086.0
1173 306626.0
1174 314696.0
1175 313031.0
1176 340172.0
1177 309384.0
1178 258024.0
1179 330692.0
1180 369917.0
1181 353501.0
1182 335376.0
1183 324432.0
1184 321445.0
1185 327546.0
1186 321078.0
1187 323680.0
1188 326998.0
1189 326566.0
1190 330016.0
1191 325634.0
1192 318947.0
1193 329371.0
1194 330563.0
1195 326527.0
1196 334805.0
1197 332614.0
1198 326482.0
1199 332996.0
1200 344847.0
1201 334651.0
1202 335417.0
1203 329308.0
1204 338389.0
1205 336814.0
1206 340745.0
1207 340000.0
1208 344812.0
1209 341218.0
1210 353731.0
1211 346681.0
1212 350548.0
1213 351091.0
1214 339586.0
1215 353304.0
1216 355477.0
1217 359438.0
1218 356103.0
1219 362571.0
1220 370810.0
1221 366759.0
1222 366741.0
1223 366165.0
1224 371324.0
1225 360440.0
1226 370919.0
1227 375107.0
1228 380719.0
1229 377679.0
1230 392637.0
1231 378984.0
1232 382741.0
1233 386920.0
1234 384785.0
1235 377193.0
1236 431269.0
1237 384924.0
1238 392440.0
1239 371276.0
1240 306640.0
1241 445249.0
1242 343246.0
1243 343953.0
1244 409410.0
1245 433598.0
1246 482233.0
1247 464767.0
1248 434001.0
1249 413761.0
1250 419056.0
1251 418313.0
1252 408179.0
1253 409121.0
1254 335112.0
1255 303940.0
1256 340761.0
1257 419793.0
1258 461987.0
1259 451171.0
1260 423393.0
1261 422952.0
1262 343922.0
1263 375334.0
1264 455518.0
1265 455427.0
1266 458158.0
1267 442522.0
1268 420745.0
1269 412107.0
1270 390732.0
1271 438710.0
1272 463952.0
1273 516155.0
1274 454748.0
1275 459836.0
1276 482184.0
1277 377061.0
1278 408089.0
1279 490070.0
1280 506988.0
1281 487248.0
1282 430826.0
1283 459313.0
1284 420909.0
1285 409631.0
1286 489918.0
1287 525088.0
1288 504709.0
1289 470201.0
1290 437717.0
1291 402118.0
1292 397803.0
1293 439311.0
1294 495607.0
1295 602799.0
1296 436751.0
1297 445073.0
1298 431479.0
1299 485053.0
1300 408227.0
1301 437549.0
1302 434201.0
1303 539665.0
1304 669497.0
1305 544265.0
1306 474881.0
1307 477225.0
1308 475649.0
1309 472140.0
1310 478691.0
1311 475421.0
1312 478817.0
1313 475749.0
1314 473661.0
1315 482109.0
1316 477291.0
1317 476790.0
1318 480200.0
1319 476052.0
1320 490861.0
1321 486331.0
1322 484067.0
1323 487452.0
1324 478249.0
1325 486752.0
1326 492647.0
1327 492281.0
1328 481479.0
1329 497097.0
1330 489294.0
1331 501199.0
1332 421549.0
1333 380024.0
1334 447673.0
1335 471009.0
1336 440200.0
1337 462701.0
1338 448159.0
1339 458689.0
1340 579276.0
1341 525733.0
1342 505547.0
1343 504285.0
1344 480198.0
1345 446908.0
1346 471545.0
1347 536198.0
1348 527704.0
1349 598547.0
1350 534097.0
1351 502789.0
1352 482332.0
1353 476970.0
1354 535811.0
1355 563837.0
1356 665883.0
1357 574951.0
1358 459265.0
1359 438402.0
1360 366908.0
1361 373680.0
1362 403784.0
1363 436938.0
1364 447856.0
1365 454555.0
1366 455932.0
1367 456996.0
1368 457047.0
1369 455791.0
1370 485980.0
1371 530114.0
1372 487786.0
1373 439529.0
1374 490938.0
1375 484694.0
1376 385887.0
1377 401120.0
1378 438284.0
1379 442669.0
1380 438314.0
1381 470361.0
1382 455283.0
1383 466354.0
1384 451345.0
1385 461295.0
1386 534359.0
1387 488375.0
1388 478482.0
1389 498275.0
1390 426407.0
1391 393234.0
1392 423197.0
1393 437860.0
1394 448711.0
1395 458631.0
1396 453330.0
1397 457496.0
1398 458400.0
1399 531479.0
1400 601363.0
1401 481619.0
1402 457037.0
1403 450129.0
1404 409244.0
1405 341123.0
1406 378021.0
1407 411126.0
1408 455082.0
1409 441190.0
1410 457253.0
1411 455279.0
1412 454379.0
1413 457431.0
1414 455540.0
1415 475057.0
1416 512949.0
1417 465789.0
1418 408659.0
1419 377195.0
1420 373239.0
1421 381262.0
1422 382317.0
1423 377885.0
1424 381151.0
1425 382127.0
1426 381605.0
1427 379255.0
1428 385891.0
1429 375224.0
1430 383457.0
1431 376906.0
1432 382586.0
1433 382267.0
1434 378524.0
1435 380119.0
1436 378709.0
1437 379957.0
1438 379004.0
1439 380455.0
1440 379362.0
1441 377784.0
1442 383257.0
1443 386838.0
1444 375953.0
1445 376482.0
1446 381642.0
1447 376435.0
1448 381069.0
1449 380774.0
1450 377495.0
1451 382395.0
1452 382727.0
1453 384971.0
1454 386836.0
1455 382060.0
1456 377403.0
1457 381829.0
1458 383655.0
1459 374332.0
1460 378177.0
1461 382248.0
1462 382038.0
1463 384344.0
1464 380104.0
1465 382398.0
1466 378781.0
1467 381450.0
1468 376564.0
1469 380236.0
1470 384791.0
1471 376659.0
1472 383893.0
1473 384099.0
1474 376021.0
1475 385297.0
1476 334809.0
1477 299829.0
1478 303410.0
1479 305477.0
1480 309183.0
1481 299779.0
1482 308332.0
1483 304975.0
1484 305459.0
1485 302934.0
1486 303678.0
1487 297561.0
1488 306789.0
1489 306478.0
1490 301889.0
1491 301874.0
1492 307826.0
1493 304315.0
1494 304553.0
1495 302060.0
1496 304890.0
1497 302499.0
1498 304938.0
1499 299453.0
1500 311546.0
1501 307929.0
1502 301585.0
1503 307965.0
1504 302993.0
1505 305209.0
1506 302676.0
1507 303955.0
1508 301378.0
1509 302810.0
1510 304602.0
1511 303313.0
1512 304107.0
1513 305744.0
1514 301572.0
1515 301111.0
1516 306719.0
1517 304359.0
1518 300531.0
1519 305337.0
1520 303299.0
1521 302464.0
1522 307733.0
1523 303262.0
1524 303701.0
1525 308264.0
1526 301144.0
1527 306305.0
1528 301399.0
1529 302557.0
1530 303572.0
1531 303249.0
1532 304684.0
1533 306192.0
1534 304105.0
1535 302426.0
1536 248399.0
1537 228170.0
1538 229487.0
1539 226638.0
1540 229643.0
1541 228196.0
1542 227450.0
1543 229305.0
1544 226550.0
1545 226418.0
1546 229057.0
1547 228596.0
1548 229157.0
1549 230384.0
1550 226525.0
1551 227212.0
1552 230070.0
1553 228083.0
1554 226255.0
1555 227837.0
1556 225481.0
1557 228805.0
1558 227795.0
1559 228214.0
1560 228623.0
1561 227632.0
1562 225876.0
1563 228914.0
1564 226217.0
1565 229142.0
1566 225567.0
1567 231551.0
1568 224454.0
1569 232782.0
1570 226592.0
1571 224308.0
1572 229993.0
1573 231506.0
1574 224459.0
1575 232135.0
1576 227773.0
1577 225718.0
1578 228135.0
1579 225563.0
1580 228163.0
1581 227344.0
1582 226979.0
1583 229900.0
1584 229511.0
1585 225970.0
1586 227126.0
1587 229340.0
1588 226362.0
1589 227706.0
1590 226976.0
1591 228123.0
1592 225800.0
1593 228995.0
1594 227531.0
1595 230085.0
1596 165543.0
1597 150715.0
1598 152198.0
1599 150736.0
1600 151686.0
1601 151921.0
1602 150992.0
1603 155396.0
1604 151083.0
1605 152517.0
1606 150479.0
1607 151710.0
1608 152596.0
1609 152296.0
1610 150711.0
1611 152622.0
1612 149718.0
1613 153702.0
1614 151630.0
1615 150911.0
1616 151813.0
1617 150394.0
1618 151121.0
1619 153941.0
1620 151771.0
1621 152829.0
1622 153502.0
1623 151089.0
1624 151461.0
1625 153806.0
1626 151052.0
1627 149351.0
1628 152220.0
1629 152535.0
1630 151613.0
1631 151647.0
1632 151173.0
1633 153428.0
1634 152572.0
1635 150887.0
1636 152988.0
1637 150409.0
1638 151382.0
1639 152621.0
1640 150384.0
1641 151259.0
1642 152114.0
1643 153965.0
1644 153257.0
1645 151101.0
1646 153233.0
1647 151395.0
1648 149652.0
1649 152387.0
1650 150812.0
1651 150879.0
1652 149622.0
1653 155443.0
1654 154086.0
1655 150548.0
1656 90365.0
1657 75609.0
1658 76391.0
1659 76580.0
1660 76896.0
1661 76909.0
1662 75955.0
1663 75259.0
1664 76696.0
1665 74926.0
1666 77718.0
1667 74202.0
1668 74579.0
1669 79763.0
1670 74926.0
1671 76657.0
1672 74165.0
1673 78629.0
1674 76630.0
1675 75721.0
1676 76003.0
1677 76522.0
1678 74937.0
1679 75568.0
1680 75597.0
1681 75817.0
1682 74582.0
1683 78311.0
1684 76730.0
1685 75249.0
1686 74763.0
1687 77969.0
1688 75533.0
1689 75475.0
1690 75180.0
1691 75459.0
1692 76970.0
1693 77168.0
1694 75878.0
1695 76531.0
1696 75594.0
1697 76747.0
1698 75826.0
1699 75645.0
1700 75772.0
1701 76657.0
1702 76714.0
1703 76562.0
1704 76611.0
1705 76244.0
1706 74641.0
1707 74741.0
1708 75678.0
1709 79201.0
1710 75118.0
1711 75443.0
1712 75619.0
1713 75803.0
1714 76836.0
1715 76683.0
1716 27729.0
1717 0.0
1718 0.0
1719 0.0
1720 0.0
1721 0.0
1722 0.0
1723 0.0
1724 0.0
1725 0.0
1726 0.0
1727 0.0
1728 0.0
1729 0.0
1730 0.0
1731 0.0
1732 0.0
1733 0.0
1734 0.0
1735 0.0
1736 0.0
1737 0.0
1738 0.0
1739 0.0
1740 0.0
1741 0.0
1742 0.0
1743 0.0
1744 0.0
1745 0.0
1746 0.0
1747 0.0
1748 0.0
1749 0.0
1750 0.0
1751 0.0
1752 0.0
1753 0.0
1754 0.0
1755 0.0
1756 0.0
1757 0.0
1758 0.0
1759 0.0
1760 0.0
1761 0.0
1762 0.0
1763 0.0
1764 0.0
1765 0.0
1766 0.0
1767 0.0
1768 0.0
1769 0.0
1770 0.0
1771 0.0
1772 0.0
1773 0.0
1774 0.0
1775 0.0
1776 0.0
1777 0.0
1778 0.0
1779 0.0
1780 0.0
1781 0.0
1782 0.0
1783 0.0
1784 0.0
1785 0.0
1786 0.0
1787 0.0
1788 0.0
1789 0.0
1790 0.0
1791 0.0
1792 0.0
1793 0.0
1794 0.0
1795 0.0
1796 0.0
1797 0.0
1798 0.0
1799 0.0
1800 0.0
1801 0.0
1802 0.0
1803 0.0
1804 0.0
1805 0.0
1806 0.0
1807 0.0
1808 0.0
1809 0.0
1810 0.0
1811 0.0
1812 0.0
1813 0.0
1814 0.0
1815 0.0
1816 0.0
1817 0.0
1818 0.0
1819 0.0
1820 0.0
1821 0.0
1822 0.0
1823 0.0
1824 0.0
1825 0.0
1826 0.0
1827 0.0
1828 0.0
1829 0.0
1830 0.0
1831 0.0
1832 0.0
1833 0.0
1834 0.0
1835 0.0
1836 0.0
1837 0.0
1838 0.0
1839 0.0
1840 0.0
1841 0.0
1842 0.0
1843 0.0
1844 0.0
1845 0.0
1846 0.0
1847 0.0
1848 0.0
1849 0.0
1850 0.0
1851 0.0
1852 0.0
1853 0.0
1854 0.0
1855 0.0
1856 0.0
1857 0.0
1858 0.0
1859 0.0
1860 0.0
1861 0.0
1862 0.0
