0 1622016.0
1 128946176.0
2 413712384.0
3 711626752.0
4 832712704.0
5 866025472.0
6 835182592.0
7 835182592.0
8 835182592.0
9 835182592.0
10 835182592.0
11 835182592.0
12 835182592.0
13 835182592.0
14 859918336.0
15 897662976.0
16 901566464.0
17 901652480.0
18 901652480.0
19 901652480.0
20 901652480.0
21 870584320.0
22 870584320.0
23 870584320.0
24 870584320.0
25 870584320.0
26 870584320.0
27 870584320.0
28 870584320.0
29 870584320.0
30 870584320.0
31 870584320.0
32 870584320.0
33 870584320.0
34 870584320.0
35 870584320.0
36 870584320.0
37 870584320.0
38 870584320.0
39 870584320.0
40 870584320.0
41 870584320.0
42 870584320.0
43 870584320.0
44 870584320.0
45 870584320.0
46 870584320.0
47 870584320.0
48 870584320.0
49 870584320.0
50 870584320.0
51 870584320.0
52 870584320.0
53 870584320.0
54 870584320.0
55 870584320.0
56 870584320.0
57 870584320.0
58 870584320.0
59 870584320.0
60 870584320.0
61 870584320.0
62 870584320.0
63 870584320.0
64 870584320.0
65 870584320.0
66 870584320.0
67 870584320.0
68 870584320.0
69 870584320.0
70 870584320.0
71 870584320.0
72 870584320.0
73 870584320.0
74 870584320.0
75 870584320.0
76 870584320.0
77 870584320.0
78 870584320.0
79 870854656.0
80 870854656.0
81 870297600.0
82 870297600.0
83 870297600.0
84 870297600.0
85 870297600.0
86 870297600.0
87 870297600.0
88 870297600.0
89 870297600.0
90 870297600.0
91 870297600.0
92 870297600.0
93 870297600.0
94 870297600.0
95 870297600.0
96 870297600.0
97 875016192.0
98 885723136.0
99 886083584.0
100 886083584.0
101 878555136.0
102 878555136.0
103 878555136.0
104 878555136.0
105 878555136.0
106 877621248.0
107 877621248.0
108 877633536.0
109 877633536.0
110 877633536.0
111 876912640.0
112 876912640.0
113 877891584.0
114 877891584.0
115 877891584.0
116 877891584.0
117 877891584.0
118 878395392.0
119 878395392.0
120 878395392.0
121 878395392.0
122 878395392.0
123 878395392.0
124 878395392.0
125 878395392.0
126 878395392.0
127 878923776.0
128 879194112.0
129 879194112.0
130 879194112.0
131 879194112.0
132 879194112.0
133 879194112.0
134 879194112.0
135 879194112.0
136 879194112.0
137 879435776.0
138 880513024.0
139 880513024.0
140 880513024.0
141 880513024.0
142 880513024.0
143 880513024.0
144 880513024.0
145 880513024.0
146 880513024.0
147 880513024.0
148 881188864.0
149 881188864.0
150 881188864.0
151 881188864.0
152 881188864.0
153 881188864.0
154 881188864.0
155 881188864.0
156 881188864.0
157 881188864.0
158 881942528.0
159 882483200.0
160 883023872.0
161 883294208.0
162 883564544.0
163 883564544.0
164 883564544.0
165 883564544.0
166 883564544.0
167 883564544.0
168 883720192.0
169 883720192.0
170 883720192.0
171 883720192.0
172 883720192.0
173 883720192.0
174 883720192.0
175 883720192.0
176 883720192.0
177 883720192.0
178 883720192.0
179 883720192.0
180 883720192.0
181 883720192.0
182 883720192.0
183 883720192.0
184 883720192.0
185 883720192.0
186 883720192.0
187 883720192.0
188 883720192.0
189 883720192.0
190 883720192.0
191 883720192.0
192 883720192.0
193 883720192.0
194 883720192.0
195 883720192.0
196 883720192.0
197 883720192.0
198 883720192.0
199 883720192.0
200 883720192.0
201 883720192.0
202 883720192.0
203 883916800.0
204 883916800.0
205 883916800.0
206 883916800.0
207 883916800.0
208 884154368.0
209 884154368.0
210 884154368.0
211 883859456.0
212 883859456.0
213 883859456.0
214 883859456.0
215 884113408.0
216 884113408.0
217 884113408.0
218 884113408.0
219 884113408.0
220 884113408.0
221 884113408.0
222 884113408.0
223 884113408.0
224 884113408.0
225 884113408.0
226 884113408.0
227 884113408.0
228 884113408.0
229 884113408.0
230 884113408.0
231 884113408.0
232 884113408.0
233 884113408.0
234 884113408.0
235 884113408.0
236 884113408.0
237 884113408.0
238 884113408.0
239 884113408.0
240 884113408.0
241 884113408.0
242 884113408.0
243 884113408.0
244 884113408.0
245 884113408.0
246 884113408.0
247 884113408.0
248 884359168.0
249 884359168.0
250 884359168.0
251 884359168.0
252 884359168.0
253 884359168.0
254 884359168.0
255 884359168.0
256 884359168.0
257 884359168.0
258 884359168.0
259 884596736.0
260 884596736.0
261 884498432.0
262 884498432.0
263 884498432.0
264 884498432.0
265 884498432.0
266 884498432.0
267 884498432.0
268 884498432.0
269 884744192.0
270 884744192.0
271 884744192.0
272 884744192.0
273 884862976.0
274 896438272.0
275 896438272.0
276 896438272.0
277 896438272.0
278 896438272.0
279 896729088.0
280 896729088.0
281 896335872.0
282 896335872.0
283 896335872.0
284 896335872.0
285 896335872.0
286 896335872.0
287 896335872.0
288 896335872.0
289 896602112.0
290 896602112.0
291 896602112.0
292 896602112.0
293 896602112.0
294 896602112.0
295 896602112.0
296 896602112.0
297 896602112.0
298 896602112.0
299 897052672.0
300 897052672.0
301 897052672.0
302 897052672.0
303 897052672.0
304 897466368.0
305 897466368.0
306 897466368.0
307 897466368.0
308 897466368.0
309 897511424.0
310 897511424.0
311 897511424.0
312 897511424.0
313 897511424.0
314 897531904.0
315 897531904.0
316 897531904.0
317 897531904.0
318 897531904.0
319 897531904.0
320 897531904.0
321 897531904.0
322 897531904.0
323 897531904.0
324 897531904.0
325 897531904.0
326 897531904.0
327 897531904.0
328 897531904.0
329 898043904.0
330 898043904.0
331 898043904.0
332 898043904.0
333 898043904.0
334 898228224.0
335 898228224.0
336 898228224.0
337 898228224.0
338 898228224.0
339 898334720.0
340 898334720.0
341 898334720.0
342 898138112.0
343 898138112.0
344 898289664.0
345 898289664.0
346 898289664.0
347 898027520.0
348 898027520.0
349 898818048.0
350 898818048.0
351 898818048.0
352 899584000.0
353 904556544.0
354 912564224.0
355 920944640.0
356 928301056.0
357 935870464.0
358 943169536.0
359 951939072.0
360 955994112.0
361 956264448.0
362 956485632.0
363 962678784.0
364 971055104.0
365 978354176.0
366 985915392.0
367 992673792.0
368 999432192.0
369 1005916160.0
370 1014812672.0
371 1023135744.0
372 1032351744.0
373 1032351744.0
374 1032351744.0
375 1032351744.0
376 1032351744.0
377 1032351744.0
378 1032613888.0
379 1032613888.0
380 1061736448.0
381 1061736448.0
382 1061076992.0
383 1061076992.0
384 1061076992.0
385 1061076992.0
386 1061076992.0
387 1061076992.0
388 1061076992.0
389 1061076992.0
390 1061076992.0
391 1061076992.0
392 1061076992.0
393 1061076992.0
394 1061122048.0
395 1061122048.0
396 1061122048.0
397 1061122048.0
398 1061122048.0
399 1061187584.0
400 1061289984.0
401 1061289984.0
402 1061289984.0
403 1061289984.0
404 1061289984.0
405 1061429248.0
406 1061429248.0
407 1061429248.0
408 1061429248.0
409 1061429248.0
410 1062064128.0
411 1062064128.0
412 1062064128.0
413 1062064128.0
414 1062064128.0
415 1062084608.0
416 1062084608.0
417 1062084608.0
418 1062084608.0
419 1062084608.0
420 1062346752.0
421 1062346752.0
422 1062346752.0
423 1062346752.0
424 1062346752.0
425 1062346752.0
426 1062346752.0
427 1062346752.0
428 1062346752.0
429 1062346752.0
430 1062359040.0
431 1062359040.0
432 1062359040.0
433 1062359040.0
434 1062359040.0
435 1062359040.0
436 1062359040.0
437 1062359040.0
438 1062359040.0
439 1062359040.0
440 1062477824.0
441 1062477824.0
442 1062477824.0
443 1064898560.0
444 1064898560.0
445 1064898560.0
446 1064898560.0
447 1065168896.0
448 1065439232.0
449 1067716608.0
450 1067753472.0
451 1067753472.0
452 1067753472.0
453 1067753472.0
454 1067753472.0
455 1068122112.0
456 1068122112.0
457 1068122112.0
458 1068122112.0
459 1068122112.0
460 1068417024.0
461 1068490752.0
462 1068490752.0
463 1068490752.0
464 1068490752.0
465 1068560384.0
466 1068560384.0
467 1068560384.0
468 1068560384.0
469 1068560384.0
470 1068560384.0
471 1068621824.0
472 1068621824.0
473 1068621824.0
474 1068670976.0
475 1068670976.0
476 1068670976.0
477 1068670976.0
478 1068670976.0
479 1068670976.0
480 1068670976.0
481 1068670976.0
482 1068670976.0
483 1068670976.0
484 1068670976.0
485 1068670976.0
486 1068670976.0
487 1068670976.0
488 1068670976.0
489 1068670976.0
490 1068670976.0
491 1069023232.0
492 1069023232.0
493 1069051904.0
494 1069051904.0
495 1069051904.0
496 1069256704.0
497 1069256704.0
498 1069256704.0
499 1069256704.0
500 1069256704.0
501 1069604864.0
502 1069604864.0
503 1069604864.0
504 1069604864.0
505 1069604864.0
506 1069604864.0
507 1069604864.0
508 1069604864.0
509 1070948352.0
510 1070948352.0
511 1073123328.0
512 1076355072.0
513 1089601536.0
514 1103224832.0
515 1111216128.0
516 1111277568.0
517 1111277568.0
518 1111277568.0
519 1111277568.0
520 1111277568.0
521 1111277568.0
522 1111277568.0
523 1111277568.0
524 1111277568.0
525 1111277568.0
526 1112690688.0
527 1111400448.0
528 1111400448.0
529 1111400448.0
530 1111400448.0
531 1111470080.0
532 1111470080.0
533 1111470080.0
534 1111470080.0
535 1111470080.0
536 1111470080.0
537 1111470080.0
538 1111470080.0
539 1111470080.0
540 1111470080.0
541 1111470080.0
542 1111470080.0
543 1111470080.0
544 1111470080.0
545 1111470080.0
546 1111470080.0
547 1111470080.0
548 1111470080.0
549 1111470080.0
550 1111470080.0
551 1111470080.0
552 1111470080.0
553 1111470080.0
554 1111470080.0
555 1111470080.0
556 1111470080.0
557 1111470080.0
558 1111470080.0
559 1111470080.0
560 1111470080.0
561 1111715840.0
562 1111715840.0
563 1111715840.0
564 1111715840.0
565 1111715840.0
566 1111715840.0
567 1111715840.0
568 1111715840.0
569 1111715840.0
570 1111715840.0
571 1111715840.0
572 1111928832.0
573 1111928832.0
574 1111928832.0
575 1111928832.0
576 1111928832.0
577 1111928832.0
578 1112469504.0
579 1112735744.0
580 1112735744.0
581 1112735744.0
582 1113841664.0
583 1113841664.0
584 1113841664.0
585 1116004352.0
586 1120059392.0
587 1126764544.0
588 1132982272.0
589 1140011008.0
590 1147846656.0
591 1155686400.0
592 1157238784.0
593 1159131136.0
594 1164808192.0
595 1171025920.0
596 1178320896.0
597 1186500608.0
598 1195421696.0
599 1202991104.0
600 1209470976.0
601 1215688704.0
602 1220640768.0
603 1227669504.0
604 1232023552.0
605 1232023552.0
606 1232023552.0
607 1234972672.0
608 1234972672.0
609 1234972672.0
610 1234972672.0
611 1234972672.0
612 1232076800.0
613 1232076800.0
614 1232076800.0
615 1232076800.0
616 1232076800.0
617 1232076800.0
618 1232076800.0
619 1232076800.0
620 1232076800.0
621 1232076800.0
622 1232240640.0
623 1232240640.0
624 1232240640.0
625 1232240640.0
626 1232240640.0
627 1232240640.0
628 1232240640.0
629 1232240640.0
630 1232240640.0
631 1232240640.0
632 1232240640.0
633 1232240640.0
634 1232240640.0
635 1232240640.0
636 1232240640.0
637 1232424960.0
638 1232424960.0
639 1232424960.0
640 1232424960.0
641 1232424960.0
642 1232424960.0
643 1232424960.0
644 1232424960.0
645 1232424960.0
646 1232424960.0
647 1232424960.0
648 1232424960.0
649 1232424960.0
650 1232424960.0
651 1232424960.0
652 1232424960.0
653 1232424960.0
654 1232424960.0
655 1232424960.0
656 1232424960.0
657 1232424960.0
658 1232424960.0
659 1232424960.0
660 1232424960.0
661 1232424960.0
662 1232666624.0
663 1232666624.0
664 1232666624.0
665 1232666624.0
666 1232666624.0
667 1232666624.0
668 1232666624.0
669 1232666624.0
670 1232666624.0
671 1232666624.0
672 1233010688.0
673 1233010688.0
674 1233010688.0
675 1233010688.0
676 1233010688.0
677 1233010688.0
678 1233010688.0
679 1233010688.0
680 1233010688.0
681 1233010688.0
682 1233125376.0
683 1233309696.0
684 1233309696.0
685 1233309696.0
686 1233309696.0
687 1233309696.0
688 1233309696.0
689 1233309696.0
690 1233309696.0
691 1233309696.0
692 1233309696.0
693 1233330176.0
694 1233330176.0
695 1233330176.0
696 1233330176.0
697 1233330176.0
698 1233330176.0
699 1233330176.0
700 1233330176.0
701 1233330176.0
702 1233330176.0
703 1233494016.0
704 1233494016.0
705 1233494016.0
706 1233494016.0
707 1233494016.0
708 1233494016.0
709 1233547264.0
710 1233547264.0
711 1233547264.0
712 1233547264.0
713 1233547264.0
714 1233547264.0
715 1233547264.0
716 1233547264.0
717 1233547264.0
718 1233547264.0
719 1233547264.0
720 1233547264.0
721 1233547264.0
722 1233547264.0
723 1233547264.0
724 1233547264.0
725 1233547264.0
726 1233547264.0
727 1233547264.0
728 1233547264.0
729 1233547264.0
730 1233547264.0
731 1233547264.0
732 1233547264.0
733 1233547264.0
734 1233547264.0
735 1233547264.0
736 1233547264.0
737 1233817600.0
738 1233817600.0
739 1233817600.0
740 1233817600.0
741 1233817600.0
742 1233817600.0
743 1233817600.0
744 1233817600.0
745 1233817600.0
746 1233817600.0
747 1233817600.0
748 1233817600.0
749 1233817600.0
750 1233817600.0
751 1233817600.0
752 1233817600.0
753 1234616320.0
754 1234886656.0
755 1234886656.0
756 1239785472.0
757 1239785472.0
758 1239785472.0
759 1239785472.0
760 1239785472.0
761 1239785472.0
762 1239785472.0
763 1239785472.0
764 1239785472.0
765 1239785472.0
766 1239785472.0
767 1239785472.0
768 1239785472.0
769 1239785472.0
770 1240055808.0
771 1240055808.0
772 1240055808.0
773 1240055808.0
774 1240055808.0
775 1240055808.0
776 1240055808.0
777 1240055808.0
778 1240055808.0
779 1240055808.0
780 1240055808.0
781 1240055808.0
782 1240055808.0
783 1240055808.0
784 1240055808.0
785 1240055808.0
786 1240055808.0
787 1240055808.0
788 1240055808.0
789 1240055808.0
790 1240055808.0
791 1240055808.0
792 1240055808.0
793 1240055808.0
794 1240055808.0
795 1240055808.0
796 1240055808.0
797 1240055808.0
798 1240055808.0
799 1240055808.0
800 1240055808.0
801 1240055808.0
802 1240055808.0
803 1240055808.0
804 1240055808.0
805 1240055808.0
806 1240055808.0
807 1240055808.0
808 1240055808.0
809 1240055808.0
810 1240055808.0
811 1240055808.0
812 1240055808.0
813 1240055808.0
814 1240055808.0
815 1240055808.0
816 1240055808.0
817 1240055808.0
818 1240268800.0
819 1240268800.0
820 1240268800.0
821 1240268800.0
822 1240268800.0
823 1240268800.0
824 1240268800.0
825 1240268800.0
826 1240268800.0
827 1240268800.0
828 1240268800.0
829 1240322048.0
830 1240322048.0
831 1240322048.0
832 1240322048.0
833 1240322048.0
834 1240322048.0
835 1240322048.0
836 1240322048.0
837 1240322048.0
838 1240322048.0
839 1240322048.0
840 1240322048.0
841 1240322048.0
842 1240322048.0
843 1240322048.0
844 1240322048.0
845 1240322048.0
846 1240322048.0
847 1240322048.0
848 1240322048.0
849 1240322048.0
850 1240322048.0
851 1240322048.0
852 1240322048.0
853 1240322048.0
854 1240440832.0
855 1240440832.0
856 1240440832.0
857 1240440832.0
858 1240440832.0
859 1240440832.0
860 1240440832.0
861 1240440832.0
862 1240440832.0
863 1240440832.0
864 1240440832.0
865 1240440832.0
866 1240440832.0
867 1240440832.0
868 1240440832.0
869 1240440832.0
870 1240440832.0
871 1240440832.0
872 1240440832.0
873 1240440832.0
874 1240440832.0
875 1240440832.0
876 1240440832.0
877 1240440832.0
878 1240440832.0
879 1240440832.0
880 1240440832.0
881 1240440832.0
882 1240440832.0
883 1240440832.0
884 1240440832.0
885 1240440832.0
886 1240440832.0
887 1240440832.0
888 1240440832.0
889 1240440832.0
890 1240440832.0
891 1240440832.0
892 1240440832.0
893 1240440832.0
894 1240440832.0
895 1240440832.0
896 1240440832.0
897 1240440832.0
898 1240440832.0
899 1240440832.0
900 1240440832.0
901 1240440832.0
902 1240440832.0
903 1240440832.0
904 1240440832.0
905 1240440832.0
906 1240440832.0
907 1240440832.0
908 1240440832.0
909 1240440832.0
910 1240440832.0
911 1240440832.0
912 1240440832.0
913 1240440832.0
914 1240440832.0
915 1240440832.0
916 1240440832.0
917 1240440832.0
918 1240440832.0
919 1240440832.0
920 1240440832.0
921 1240440832.0
922 1240440832.0
923 1240440832.0
924 1240678400.0
925 1240678400.0
926 1240678400.0
927 1240678400.0
928 1240678400.0
929 1240694784.0
930 1240694784.0
931 1240694784.0
932 1240694784.0
933 1240694784.0
934 1240887296.0
935 1240887296.0
936 1240887296.0
937 1240887296.0
938 1240887296.0
939 1240887296.0
940 1240887296.0
941 1240887296.0
942 1240887296.0
943 1240887296.0
944 1240887296.0
945 1240887296.0
946 1240887296.0
947 1240887296.0
948 1240887296.0
949 1240887296.0
950 1240887296.0
951 1240887296.0
952 1240887296.0
953 1240887296.0
954 1240887296.0
955 1240887296.0
956 1240887296.0
957 1240887296.0
958 1240887296.0
959 1240887296.0
960 1240887296.0
961 1240887296.0
962 1240887296.0
963 1240887296.0
964 1240887296.0
965 1240887296.0
966 1240887296.0
967 1240887296.0
968 1240887296.0
969 1240887296.0
970 1240887296.0
971 1240887296.0
972 1240887296.0
973 1240887296.0
974 1240887296.0
975 1240887296.0
976 1240887296.0
977 1240887296.0
978 1240887296.0
979 1240887296.0
980 1240887296.0
981 1240887296.0
982 1240887296.0
983 1240887296.0
984 1240887296.0
985 1240887296.0
986 1240887296.0
987 1240944640.0
988 1240944640.0
989 1240944640.0
990 1240944640.0
991 1240944640.0
992 1241006080.0
993 1241006080.0
994 1241006080.0
995 1241006080.0
996 1241006080.0
997 1241006080.0
998 1241255936.0
999 1241255936.0
1000 1241255936.0
1001 1241255936.0
1002 1241280512.0
1003 1241354240.0
1004 1241354240.0
1005 1241354240.0
1006 1241354240.0
1007 1241354240.0
1008 1241354240.0
1009 1241354240.0
1010 1241354240.0
1011 1241354240.0
1012 1241354240.0
1013 1241354240.0
1014 1241354240.0
1015 1241354240.0
1016 1241354240.0
1017 1241354240.0
1018 1241624576.0
1019 1241624576.0
1020 1241624576.0
1021 1241624576.0
1022 1241624576.0
1023 1241624576.0
1024 1241624576.0
1025 1241624576.0
1026 1241624576.0
1027 1241624576.0
1028 1241632768.0
1029 1241632768.0
1030 1241632768.0
1031 1241632768.0
1032 1241632768.0
1033 1241632768.0
1034 1241632768.0
1035 1241632768.0
1036 1241632768.0
1037 1241632768.0
1038 1241866240.0
1039 1241866240.0
1040 1241866240.0
1041 1241866240.0
1042 1241866240.0
1043 1241866240.0
1044 1241866240.0
1045 1241866240.0
1046 1241866240.0
1047 1241866240.0
1048 1241866240.0
1049 1241866240.0
1050 1241866240.0
1051 1241866240.0
1052 1241866240.0
1053 1241866240.0
1054 1241866240.0
1055 1241866240.0
1056 1241866240.0
1057 1241866240.0
1058 1241866240.0
1059 1241866240.0
1060 1241866240.0
1061 1241866240.0
1062 1241866240.0
1063 1241866240.0
1064 1241866240.0
1065 1241866240.0
1066 1241866240.0
1067 1241866240.0
1068 1241927680.0
1069 1241927680.0
1070 1241927680.0
1071 1241927680.0
1072 1241927680.0
1073 1241927680.0
1074 1241927680.0
1075 1241927680.0
1076 1241927680.0
1077 1241927680.0
1078 1241927680.0
1079 1241927680.0
1080 1241927680.0
1081 1241927680.0
1082 1241927680.0
1083 1241927680.0
1084 1241927680.0
1085 1241927680.0
1086 1241927680.0
1087 1241927680.0
1088 1241927680.0
1089 1241927680.0
1090 1241927680.0
1091 1241927680.0
1092 1241927680.0
1093 1241927680.0
1094 1241927680.0
1095 1241927680.0
1096 1241927680.0
1097 1241927680.0
1098 1241194496.0
1099 1241194496.0
1100 1241194496.0
1101 1241194496.0
1102 1241194496.0
1103 1241194496.0
1104 1241194496.0
1105 1241194496.0
1106 1241194496.0
1107 1241194496.0
1108 1241288704.0
1109 1241288704.0
1110 1241288704.0
1111 1241288704.0
1112 1241288704.0
1113 1241288704.0
1114 1241288704.0
1115 1241288704.0
1116 1241288704.0
1117 1241288704.0
1118 1241288704.0
1119 1241288704.0
1120 1241288704.0
1121 1241288704.0
1122 1241288704.0
1123 1241288704.0
1124 1241288704.0
1125 1241288704.0
1126 1241288704.0
1127 1241288704.0
1128 1241288704.0
1129 1241513984.0
1130 1241513984.0
1131 1241513984.0
1132 1241513984.0
1133 1241513984.0
1134 1241513984.0
1135 1241513984.0
1136 1241513984.0
1137 1241513984.0
1138 1241513984.0
1139 1241595904.0
1140 1241595904.0
1141 1241595904.0
1142 1241595904.0
1143 1241595904.0
1144 1241595904.0
1145 1241595904.0
1146 1241657344.0
1147 1241657344.0
1148 1241657344.0
1149 1241657344.0
1150 1241657344.0
1151 1241657344.0
1152 1241657344.0
1153 1241657344.0
1154 1241722880.0
1155 1241722880.0
1156 1241722880.0
1157 1241722880.0
1158 1241722880.0
1159 1241739264.0
1160 1241739264.0
1161 1241739264.0
1162 1241739264.0
1163 1241739264.0
1164 1241739264.0
1165 1241739264.0
1166 1241739264.0
1167 1241739264.0
1168 1241739264.0
1169 1241739264.0
1170 1241739264.0
1171 1241739264.0
1172 1241739264.0
1173 1241739264.0
1174 1241739264.0
1175 1241739264.0
1176 1241739264.0
1177 1241739264.0
1178 1241739264.0
1179 1242030080.0
1180 1242030080.0
1181 1242030080.0
1182 1242030080.0
1183 1242030080.0
1184 1242030080.0
1185 1242030080.0
1186 1242030080.0
1187 1242030080.0
1188 1242030080.0
1189 1242030080.0
1190 1242030080.0
1191 1242030080.0
1192 1242030080.0
1193 1242030080.0
1194 1242030080.0
1195 1242030080.0
1196 1242030080.0
1197 1242030080.0
1198 1242030080.0
1199 1242095616.0
1200 1242095616.0
1201 1242095616.0
1202 1242095616.0
1203 1242095616.0
1204 1242185728.0
1205 1242185728.0
1206 1242185728.0
1207 1242185728.0
1208 1242185728.0
1209 1242185728.0
1210 1242185728.0
1211 1242185728.0
1212 1242185728.0
1213 1242185728.0
1214 1242185728.0
1215 1242185728.0
1216 1242185728.0
1217 1242185728.0
1218 1242185728.0
1219 1242185728.0
1220 1245982720.0
1221 1245982720.0
1222 1245982720.0
1223 1245982720.0
1224 1245982720.0
1225 1245982720.0
1226 1245982720.0
1227 1245982720.0
1228 1245982720.0
1229 1245982720.0
1230 1245982720.0
1231 1245982720.0
1232 1245982720.0
1233 1245982720.0
1234 1245982720.0
1235 1245982720.0
1236 1245982720.0
1237 1245982720.0
1238 1245982720.0
1239 1245982720.0
1240 1245982720.0
1241 1245982720.0
1242 1245982720.0
1243 1245982720.0
1244 1245982720.0
1245 1245982720.0
1246 1245982720.0
1247 1245982720.0
1248 1245982720.0
1249 1245982720.0
1250 1245982720.0
1251 1245982720.0
1252 1245982720.0
1253 1245982720.0
1254 1245949952.0
1255 1245949952.0
1256 1245949952.0
1257 1245949952.0
1258 1245949952.0
1259 1246445568.0
1260 1246445568.0
1261 1246445568.0
1262 1246445568.0
1263 1246445568.0
1264 1246445568.0
1265 1246445568.0
1266 1246445568.0
1267 1246445568.0
1268 1246445568.0
1269 1246474240.0
1270 1246597120.0
1271 1246597120.0
1272 1246597120.0
1273 1246597120.0
1274 1246597120.0
1275 1246597120.0
1276 1246597120.0
1277 1246597120.0
1278 1246597120.0
1279 1246715904.0
1280 1246715904.0
1281 1246715904.0
1282 1246715904.0
1283 1246715904.0
1284 1246793728.0
1285 1246793728.0
1286 1246793728.0
1287 1246793728.0
1288 1246793728.0
1289 1246961664.0
1290 1246961664.0
1291 1246961664.0
1292 1246961664.0
1293 1246961664.0
1294 1246961664.0
1295 1246961664.0
1296 1246961664.0
1297 1246961664.0
1298 1246961664.0
1299 1246961664.0
1300 1246961664.0
1301 1246961664.0
1302 1246961664.0
1303 1246961664.0
1304 1246961664.0
1305 1248464896.0
1306 1248464896.0
1307 1248464896.0
1308 1248464896.0
1309 1248464896.0
1310 1248464896.0
1311 1248464896.0
1312 1248464896.0
1313 1248464896.0
1314 1248464896.0
1315 1248464896.0
1316 1248464896.0
1317 1248464896.0
1318 1248464896.0
1319 1248464896.0
1320 1248464896.0
1321 1248464896.0
1322 1248464896.0
1323 1248464896.0
1324 1248464896.0
1325 1248464896.0
1326 1248464896.0
1327 1248464896.0
1328 1248464896.0
1329 1248464896.0
1330 1248468992.0
1331 1248468992.0
1332 1248468992.0
1333 1248468992.0
1334 1248468992.0
1335 1248468992.0
1336 1248468992.0
1337 1248468992.0
1338 1248468992.0
1339 1248468992.0
1340 1248727040.0
1341 1248727040.0
1342 1248727040.0
1343 1248727040.0
1344 1248727040.0
1345 1248727040.0
1346 1248727040.0
1347 1248727040.0
1348 1248727040.0
1349 1248727040.0
1350 1248727040.0
1351 1248727040.0
1352 1248727040.0
1353 1248530432.0
1354 1248530432.0
1355 1248530432.0
1356 1248530432.0
1357 1248530432.0
1358 1248530432.0
1359 1248530432.0
1360 1248530432.0
1361 1248530432.0
1362 1248530432.0
1363 1248432128.0
1364 1248432128.0
1365 1248432128.0
1366 1248432128.0
1367 1248432128.0
1368 1248432128.0
1369 1248432128.0
1370 1248432128.0
1371 1248432128.0
1372 1248432128.0
1373 1248432128.0
1374 1248432128.0
1375 1248432128.0
1376 1248432128.0
1377 1248432128.0
1378 1248432128.0
1379 1249570816.0
1380 1249570816.0
1381 1249570816.0
1382 1249570816.0
1383 1249570816.0
1384 1249570816.0
1385 1249570816.0
1386 1249570816.0
1387 1249570816.0
1388 1249570816.0
1389 1249570816.0
1390 1249570816.0
1391 1249570816.0
1392 1249570816.0
1393 1249570816.0
1394 1249570816.0
1395 1249570816.0
1396 1249570816.0
1397 1249570816.0
1398 1249570816.0
1399 1249697792.0
1400 1249697792.0
1401 1249697792.0
1402 1249697792.0
1403 1249697792.0
1404 1249697792.0
1405 1249697792.0
1406 1249697792.0
1407 1249697792.0
1408 1249697792.0
1409 1249697792.0
1410 1249697792.0
1411 1249697792.0
1412 1249697792.0
1413 1249697792.0
1414 1249697792.0
1415 1249697792.0
1416 1249697792.0
1417 1249697792.0
1418 1249697792.0
1419 1249697792.0
1420 1249697792.0
1421 1249697792.0
1422 1249697792.0
1423 1249697792.0
1424 1249697792.0
1425 1249697792.0
1426 1250213888.0
1427 1250213888.0
1428 1250213888.0
1429 1250213888.0
1430 1250213888.0
1431 1250213888.0
1432 1250213888.0
1433 1250213888.0
1434 1250213888.0
1435 1250213888.0
1436 1250213888.0
1437 1250213888.0
1438 1250213888.0
1439 1250222080.0
1440 1250222080.0
1441 1250250752.0
1442 1250250752.0
1443 1250250752.0
1444 1250250752.0
1445 1250250752.0
1446 1250250752.0
1447 1250250752.0
1448 1250250752.0
1449 1250250752.0
1450 1250250752.0
1451 1250250752.0
1452 1250250752.0
1453 1250250752.0
1454 1250250752.0
1455 1250250752.0
1456 1250250752.0
1457 1250131968.0
1458 1250131968.0
1459 1250131968.0
1460 1250131968.0
1461 1250287616.0
1462 1250287616.0
1463 1250287616.0
1464 1250287616.0
1465 1250287616.0
1466 1250287616.0
1467 1250287616.0
1468 1250287616.0
1469 1250287616.0
1470 1250287616.0
1471 1250287616.0
1472 1250287616.0
1473 1250287616.0
1474 1250287616.0
1475 1250287616.0
1476 1250287616.0
1477 1250287616.0
1478 1250287616.0
1479 1250287616.0
1480 1250287616.0
1481 1250287616.0
1482 1250287616.0
1483 1250287616.0
1484 1250287616.0
1485 1250287616.0
1486 1250287616.0
1487 1250287616.0
1488 1250287616.0
1489 1250287616.0
1490 1250287616.0
1491 1250287616.0
1492 1250287616.0
1493 1250287616.0
1494 1250287616.0
1495 1250287616.0
1496 1250299904.0
1497 1250299904.0
1498 1250299904.0
1499 1250299904.0
1500 1250299904.0
1501 1250299904.0
1502 1250340864.0
1503 1250340864.0
1504 1250340864.0
1505 1250340864.0
1506 1250340864.0
1507 1250340864.0
1508 1250340864.0
1509 1250340864.0
1510 1250340864.0
1511 1250340864.0
1512 1250340864.0
1513 1250340864.0
1514 1250340864.0
1515 1250340864.0
1516 1250340864.0
1517 1250340864.0
1518 1250340864.0
1519 1250340864.0
1520 1250340864.0
1521 1250340864.0
1522 1250340864.0
1523 1250340864.0
1524 1250340864.0
1525 1250340864.0
1526 1250340864.0
1527 1250340864.0
1528 1250340864.0
1529 1250340864.0
1530 1250340864.0
1531 1250340864.0
1532 1250340864.0
1533 1250340864.0
1534 1250340864.0
1535 1250340864.0
1536 1250340864.0
1537 1250340864.0
1538 1250340864.0
1539 1250340864.0
1540 1250340864.0
1541 1250340864.0
1542 1250340864.0
1543 1250340864.0
1544 1250340864.0
1545 1250340864.0
1546 1250340864.0
1547 1250340864.0
1548 1250340864.0
1549 1250340864.0
1550 1250340864.0
1551 1250340864.0
1552 1247744000.0
1553 1247744000.0
1554 1247744000.0
1555 1247744000.0
1556 1247744000.0
1557 1247744000.0
1558 1247744000.0
1559 1247744000.0
1560 1247744000.0
1561 1247744000.0
1562 1247744000.0
1563 1247744000.0
1564 1247744000.0
1565 1247744000.0
1566 1247744000.0
1567 1247744000.0
1568 1247744000.0
1569 1247744000.0
1570 1247744000.0
1571 1247744000.0
1572 1247744000.0
1573 1247744000.0
1574 1246957568.0
1575 1246957568.0
1576 1246957568.0
1577 1246957568.0
1578 1246957568.0
1579 1246957568.0
1580 1246957568.0
1581 1246957568.0
1582 1249710080.0
1583 1249710080.0
1584 1248739328.0
1585 1248739328.0
1586 1248739328.0
1587 1248739328.0
1588 1248739328.0
1589 1248739328.0
1590 1248739328.0
1591 1248739328.0
1592 1249271808.0
1593 1249271808.0
1594 1249271808.0
1595 1249271808.0
1596 1249271808.0
1597 1249271808.0
1598 1249271808.0
1599 1249075200.0
1600 1249075200.0
1601 1249075200.0
1602 1249075200.0
1603 1249075200.0
1604 1248616448.0
1605 1248616448.0
1606 1248616448.0
1607 1248616448.0
1608 1248616448.0
1609 1248616448.0
1610 1248616448.0
1611 1248616448.0
1612 1248616448.0
1613 1248616448.0
1614 1248616448.0
1615 1248616448.0
1616 1248616448.0
1617 1248616448.0
1618 1248616448.0
1619 1248616448.0
1620 1248616448.0
1621 1248616448.0
1622 1248616448.0
1623 1248616448.0
1624 1248616448.0
1625 1248616448.0
1626 1248616448.0
1627 1248616448.0
1628 1248616448.0
1629 1248616448.0
1630 1248616448.0
1631 1248616448.0
1632 1248751616.0
1633 1248751616.0
1634 1248751616.0
1635 1248751616.0
1636 1248751616.0
1637 1248714752.0
1638 1248714752.0
1639 1248714752.0
1640 1248714752.0
1641 1248714752.0
1642 1248714752.0
1643 1248714752.0
1644 1248714752.0
1645 1248714752.0
1646 1248714752.0
1647 1248714752.0
1648 1248714752.0
1649 1248714752.0
1650 1248714752.0
1651 1248714752.0
1652 1248714752.0
1653 1248714752.0
1654 1248714752.0
1655 1248714752.0
1656 1248714752.0
1657 1248714752.0
1658 1248714752.0
1659 1248714752.0
1660 1248714752.0
1661 1248714752.0
1662 1248714752.0
1663 1248714752.0
1664 1248714752.0
1665 1248714752.0
1666 1248714752.0
1667 1248714752.0
1668 1248714752.0
1669 1248714752.0
1670 1248714752.0
1671 1248714752.0
1672 1248714752.0
1673 1248714752.0
1674 1248714752.0
1675 1248714752.0
1676 1248714752.0
1677 1248714752.0
1678 1248714752.0
1679 1248714752.0
1680 1248714752.0
1681 1248714752.0
1682 1248714752.0
1683 1248714752.0
1684 1248714752.0
1685 1248714752.0
1686 1248714752.0
1687 1248714752.0
1688 1248714752.0
1689 1248714752.0
1690 1248714752.0
1691 1248714752.0
1692 1248714752.0
1693 1248714752.0
1694 1248714752.0
1695 1248714752.0
1696 1248714752.0
1697 1248714752.0
1698 1248714752.0
1699 1248714752.0
1700 1248714752.0
1701 1248714752.0
1702 1248714752.0
1703 1248972800.0
1704 1248972800.0
1705 1248972800.0
1706 1248972800.0
1707 1248972800.0
1708 1248972800.0
1709 1248972800.0
1710 1248972800.0
1711 1248972800.0
1712 1248972800.0
1713 1248968704.0
1714 1248968704.0
1715 1248968704.0
1716 1248968704.0
1717 1248968704.0
1718 1248968704.0
1719 1248968704.0
1720 1248968704.0
1721 1248968704.0
1722 1248968704.0
1723 1248968704.0
1724 1248968704.0
1725 1248968704.0
1726 1248968704.0
1727 1248968704.0
1728 1248968704.0
1729 1248968704.0
1730 1248968704.0
1731 1248968704.0
1732 1248968704.0
1733 1248968704.0
1734 1248968704.0
1735 1248968704.0
1736 1248968704.0
1737 1248968704.0
1738 1248968704.0
1739 1248968704.0
1740 1248968704.0
1741 1248968704.0
1742 1248968704.0
1743 1248968704.0
1744 1248968704.0
1745 1248968704.0
1746 1248968704.0
1747 1248968704.0
1748 1248968704.0
1749 1248968704.0
1750 1248968704.0
1751 1248968704.0
1752 1248968704.0
1753 1248968704.0
1754 1248968704.0
1755 1248968704.0
1756 1248968704.0
1757 1248968704.0
1758 1248968704.0
1759 1248968704.0
1760 1248968704.0
1761 1248968704.0
1762 1248968704.0
1763 1248968704.0
1764 1248968704.0
1765 1248968704.0
1766 1248968704.0
1767 1248968704.0
1768 1248968704.0
1769 1248968704.0
1770 1248968704.0
1771 1248968704.0
1772 1248968704.0
1773 1248968704.0
1774 1248968704.0
1775 1248968704.0
1776 1248952320.0
1777 1248952320.0
1778 1248952320.0
1779 1248952320.0
1780 1248952320.0
1781 1248952320.0
1782 1248952320.0
1783 1248952320.0
1784 1248952320.0
1785 1248952320.0
1786 1248952320.0
1787 1248952320.0
1788 1248952320.0
1789 1248952320.0
1790 1248952320.0
1791 1248952320.0
1792 1248952320.0
1793 1248952320.0
1794 1248952320.0
1795 1248952320.0
1796 1248952320.0
1797 1248952320.0
1798 1248952320.0
1799 1248952320.0
1800 1248952320.0
1801 1248952320.0
1802 1248952320.0
1803 1248952320.0
1804 1248952320.0
1805 1248952320.0
1806 1248952320.0
1807 1248952320.0
1808 1248952320.0
1809 1248952320.0
1810 1248952320.0
1811 1248952320.0
1812 1248952320.0
1813 1248952320.0
1814 1248952320.0
1815 1248952320.0
1816 1248952320.0
1817 1248952320.0
1818 1248952320.0
1819 1248952320.0
1820 1248952320.0
1821 1248952320.0
1822 1248952320.0
1823 1248952320.0
1824 1248952320.0
1825 1248952320.0
1826 1248952320.0
1827 1248952320.0
1828 1248952320.0
1829 1248952320.0
1830 1248952320.0
1831 1248952320.0
1832 1248952320.0
1833 1248952320.0
1834 1248952320.0
1835 1248952320.0
1836 1248952320.0
1837 1248952320.0
1838 1248952320.0
1839 1248952320.0
1840 1248952320.0
1841 1248952320.0
1842 1248952320.0
1843 1248952320.0
1844 1248952320.0
1845 1248952320.0
1846 1248952320.0
1847 1248952320.0
1848 1248952320.0
1849 1248952320.0
1850 1248952320.0
1851 1248952320.0
1852 1248952320.0
1853 1248952320.0
1854 1248952320.0
1855 1248952320.0
1856 1248952320.0
1857 1248952320.0
1858 1248952320.0
1859 1248952320.0
1860 1248952320.0
1861 1248952320.0
1862 1248952320.0
