0 12779520.0
1 20045824.0
2 20045824.0
3 20045824.0
4 20045824.0
5 20045824.0
6 20045824.0
7 20045824.0
8 20045824.0
9 20045824.0
10 20045824.0
11 20045824.0
12 20045824.0
13 20045824.0
14 20045824.0
15 20045824.0
16 20045824.0
17 20045824.0
18 20045824.0
19 20045824.0
20 20045824.0
21 20045824.0
22 20045824.0
23 20045824.0
24 20045824.0
25 20045824.0
26 20045824.0
27 20045824.0
28 20045824.0
29 20045824.0
30 20045824.0
31 20045824.0
32 20045824.0
33 20045824.0
34 20045824.0
35 20045824.0
36 20045824.0
37 20045824.0
38 20045824.0
39 20045824.0
40 20045824.0
41 20045824.0
42 20045824.0
43 20045824.0
44 20045824.0
45 20045824.0
46 20045824.0
47 20045824.0
48 20045824.0
49 20045824.0
50 20045824.0
51 20045824.0
52 20045824.0
53 20045824.0
54 20045824.0
55 20045824.0
56 20045824.0
57 20045824.0
58 20045824.0
59 20045824.0
60 20045824.0
61 20045824.0
62 20045824.0
63 20045824.0
64 20045824.0
65 20045824.0
66 20045824.0
67 20045824.0
68 20045824.0
69 20045824.0
70 20045824.0
71 20045824.0
72 20045824.0
73 20045824.0
74 20045824.0
75 20045824.0
76 20045824.0
77 20045824.0
78 20045824.0
79 20045824.0
80 20045824.0
81 20045824.0
82 20045824.0
83 20045824.0
84 20045824.0
85 20045824.0
86 20045824.0
87 20045824.0
88 20045824.0
89 20045824.0
90 20045824.0
91 20045824.0
92 20045824.0
93 20045824.0
94 20045824.0
95 20045824.0
96 20045824.0
97 30384128.0
98 92233728.0
99 81969152.0
100 82931712.0
101 83214336.0
102 83181568.0
103 81653760.0
104 82931712.0
105 83124224.0
106 83320832.0
107 82067456.0
108 83963904.0
109 84238336.0
110 83628032.0
111 83881984.0
112 84312064.0
113 84459520.0
114 84475904.0
115 84303872.0
116 84271104.0
117 83779584.0
118 84541440.0
119 84639744.0
120 84201472.0
121 84467712.0
122 84299776.0
123 83165184.0
124 84475904.0
125 83300352.0
126 84480000.0
127 83632128.0
128 85241856.0
129 84037632.0
130 85356544.0
131 85463040.0
132 85479424.0
133 85225472.0
134 85323776.0
135 85471232.0
136 85299200.0
137 85397504.0
138 85225472.0
139 85794816.0
140 85729280.0
141 87470080.0
142 87130112.0
143 87179264.0
144 87355392.0
145 87724032.0
146 87724032.0
147 87683072.0
148 86425600.0
149 87916544.0
150 86966272.0
151 87687168.0
152 86425600.0
153 86290432.0
154 88096768.0
155 88014848.0
156 87846912.0
157 88756224.0
158 121511936.0
159 123490304.0
160 129888256.0
161 129138688.0
162 128905216.0
163 130355200.0
164 128954368.0
165 128688128.0
166 140845056.0
167 129220608.0
168 141520896.0
169 140840960.0
170 141701120.0
171 152784896.0
172 131051520.0
173 130412544.0
174 129556480.0
175 130195456.0
176 129748992.0
177 131018752.0
178 130502656.0
179 130138112.0
180 141606912.0
181 142741504.0
182 142077952.0
183 142499840.0
184 142684160.0
185 153124864.0
186 153714688.0
187 153493504.0
188 165449728.0
189 166400000.0
190 154005504.0
191 154726400.0
192 153456640.0
193 154542080.0
194 142139392.0
195 141729792.0
196 142172160.0
197 141365248.0
198 153792512.0
199 153174016.0
200 142950400.0
201 141721600.0
202 142733312.0
203 142925824.0
204 143073280.0
205 143347712.0
206 142958592.0
207 142741504.0
208 154472448.0
209 154968064.0
210 154603520.0
211 165924864.0
212 165883904.0
213 166846464.0
214 166535168.0
215 167124992.0
216 166535168.0
217 167837696.0
218 194572288.0
219 197283840.0
220 197595136.0
221 197316608.0
222 196415488.0
223 197046272.0
224 197578752.0
225 197255168.0
226 165638144.0
227 166060032.0
228 177881088.0
229 178237440.0
230 211959808.0
231 212590592.0
232 212856832.0
233 201076736.0
234 200400896.0
235 189747200.0
236 189779968.0
237 201539584.0
238 179761152.0
239 168243200.0
240 167649280.0
241 167510016.0
242 168280064.0
243 168144896.0
244 167378944.0
245 167780352.0
246 185749504.0
247 190816256.0
248 191004672.0
249 203563008.0
250 204730368.0
251 204046336.0
252 204075008.0
253 202850304.0
254 203821056.0
255 203628544.0
256 215908352.0
257 216260608.0
258 215945216.0
259 215420928.0
260 216403968.0
261 216264704.0
262 216342528.0
263 216920064.0
264 217092096.0
265 217313280.0
266 217305088.0
267 215818240.0
268 217260032.0
269 217452544.0
270 217452544.0
271 216518656.0
272 216649728.0
273 217051136.0
274 216195072.0
275 216731648.0
276 217493504.0
277 217452544.0
278 242712576.0
279 207224832.0
280 207855616.0
281 208723968.0
282 204636160.0
283 240459776.0
284 240525312.0
285 240177152.0
286 240402432.0
287 194211840.0
288 194351104.0
289 194318336.0
290 194379776.0
291 241963008.0
292 241934336.0
293 241360896.0
294 242257920.0
295 207409152.0
296 206958592.0
297 206868480.0
298 206913536.0
299 219140096.0
300 218730496.0
301 219230208.0
302 219365376.0
303 230596608.0
304 230596608.0
305 231395328.0
306 231358464.0
307 231084032.0
308 231084032.0
309 243437568.0
310 244162560.0
311 243666944.0
312 255557632.0
313 255840256.0
314 255344640.0
315 255483904.0
316 255840256.0
317 255311872.0
318 255901696.0
319 257019904.0
320 257949696.0
321 257916928.0
322 258039808.0
323 257638400.0
324 257507328.0
325 258359296.0
326 258670592.0
327 257916928.0
328 258453504.0
329 258867200.0
330 259325952.0
331 258834432.0
332 259371008.0
333 258875392.0
334 259772416.0
335 258744320.0
336 259862528.0
337 260571136.0
338 283086848.0
339 259084288.0
340 236359680.0
341 225775616.0
342 225026048.0
343 223592448.0
344 221360128.0
345 221462528.0
346 222732288.0
347 222347264.0
348 220819456.0
349 233181184.0
350 221134848.0
351 235163648.0
352 234864640.0
353 235630592.0
354 235720704.0
355 243769344.0
356 243589120.0
357 243945472.0
358 244043776.0
359 235020288.0
360 234409984.0
361 233074688.0
362 234692608.0
363 245391360.0
364 246534144.0
365 246591488.0
366 246194176.0
367 244715520.0
368 247910400.0
369 246796288.0
370 247513088.0
371 247554048.0
372 246837248.0
373 247566336.0
374 256757760.0
375 256446464.0
376 255733760.0
377 255692800.0
378 270966784.0
379 271106048.0
380 283160576.0
381 294313984.0
382 295399424.0
383 293965824.0
384 295018496.0
385 294338560.0
386 295571456.0
387 294408192.0
388 295215104.0
389 295628800.0
390 295895040.0
391 295145472.0
392 295190528.0
393 294432768.0
394 294481920.0
395 296468480.0
396 296665088.0
397 313839616.0
398 308912128.0
399 286920704.0
400 275255296.0
401 275443712.0
402 268099584.0
403 262995968.0
404 263770112.0
405 251613184.0
406 251621376.0
407 266059776.0
408 266420224.0
409 265707520.0
410 248819712.0
411 249987072.0
412 250302464.0
413 248201216.0
414 247242752.0
415 246845440.0
416 247222272.0
417 248037376.0
418 247189504.0
419 246575104.0
420 248451072.0
421 247640064.0
422 247033856.0
423 261283840.0
424 261156864.0
425 261312512.0
426 264736768.0
427 266420224.0
428 265207808.0
429 276619264.0
430 289251328.0
431 288800768.0
432 290426880.0
433 289894400.0
434 292663296.0
435 290832384.0
436 291553280.0
437 292229120.0
438 305221632.0
439 338919424.0
440 341557248.0
441 340389888.0
442 340258816.0
443 340697088.0
444 339800064.0
445 339804160.0
446 341114880.0
447 340070400.0
448 339988480.0
449 341585920.0
450 341049344.0
451 342110208.0
452 342269952.0
453 341323776.0
454 340668416.0
455 341401600.0
456 341413888.0
457 343986176.0
458 367104000.0
459 291450880.0
460 292589568.0
461 293511168.0
462 284528640.0
463 286605312.0
464 286519296.0
465 287789056.0
466 281092096.0
467 280817664.0
468 279846912.0
469 280522752.0
470 280342528.0
471 292376576.0
472 293056512.0
473 293806080.0
474 293228544.0
475 280702976.0
476 281743360.0
477 282025984.0
478 282447872.0
479 282939392.0
480 281735168.0
481 282157056.0
482 282447872.0
483 283979776.0
484 283987968.0
485 282112000.0
486 282513408.0
487 293322752.0
488 292974592.0
489 292933632.0
490 293257216.0
491 303906816.0
492 304865280.0
493 339447808.0
494 339341312.0
495 341446656.0
496 338964480.0
497 380551168.0
498 394170368.0
499 392290304.0
500 393621504.0
501 395001856.0
502 393863168.0
503 392409088.0
504 393269248.0
505 393084928.0
506 392585216.0
507 394821632.0
508 394252288.0
509 394715136.0
510 394334208.0
511 396046336.0
512 394825728.0
513 394313728.0
514 397135872.0
515 394375168.0
516 377294848.0
517 378064896.0
518 378593280.0
519 377987072.0
520 378433536.0
521 378863616.0
522 378576896.0
523 378867712.0
524 377937920.0
525 377958400.0
526 379260928.0
527 378183680.0
528 378875904.0
529 378105856.0
530 378871808.0
531 378961920.0
532 377958400.0
533 378011648.0
534 377704448.0
535 378159104.0
536 378662912.0
537 378216448.0
538 379445248.0
539 378830848.0
540 378339328.0
541 378580992.0
542 379326464.0
543 379334656.0
544 378265600.0
545 378540032.0
546 379035648.0
547 378728448.0
548 378335232.0
549 379699200.0
550 378589184.0
551 379707392.0
552 380239872.0
553 379478016.0
554 379400192.0
555 379142144.0
556 379961344.0
557 380743680.0
558 378859520.0
559 379273216.0
560 380624896.0
561 380014592.0
562 380858368.0
563 380739584.0
564 380125184.0
565 381390848.0
566 380325888.0
567 379879424.0
568 381587456.0
569 380518400.0
570 380694528.0
571 380162048.0
572 380411904.0
573 381177856.0
574 379973632.0
575 380813312.0
576 357855232.0
577 358146048.0
578 357904384.0
579 358199296.0
580 357953536.0
581 357978112.0
582 358309888.0
583 359960576.0
584 360255488.0
585 360546304.0
586 360570880.0
587 360595456.0
588 360890368.0
589 360914944.0
590 360673280.0
591 361779200.0
592 361746432.0
593 361508864.0
594 361533440.0
595 361562112.0
596 361586688.0
597 362143744.0
598 362168320.0
599 362733568.0
600 362758144.0
601 363319296.0
602 362692608.0
603 363253760.0
604 363278336.0
605 363573248.0
606 363601920.0
607 363626496.0
608 363921408.0
609 363945984.0
610 364240896.0
611 364265472.0
612 364888064.0
613 364281856.0
614 364838912.0
615 364597248.0
616 364621824.0
617 364916736.0
618 364408832.0
619 364699648.0
620 364724224.0
621 365285376.0
622 365441024.0
623 365555712.0
624 365309952.0
625 365875200.0
626 365633536.0
627 366190592.0
628 367562752.0
629 367321088.0
630 367611904.0
631 367636480.0
632 368087040.0
633 367742976.0
634 368033792.0
635 367255552.0
636 362905600.0
637 362930176.0
638 362418176.0
639 362979328.0
640 362737664.0
641 362762240.0
642 362639360.0
643 362848256.0
644 363143168.0
645 363433984.0
646 363196416.0
647 363487232.0
648 364044288.0
649 364068864.0
650 364634112.0
651 364388352.0
652 364683264.0
653 364871680.0
654 364630016.0
655 364654592.0
656 365215744.0
657 365506560.0
658 365531136.0
659 365555712.0
660 365580288.0
661 365338624.0
662 365649920.0
663 365412352.0
664 365703168.0
665 365727744.0
666 365752320.0
667 365780992.0
668 366071808.0
669 365830144.0
670 366120960.0
671 366411776.0
672 366166016.0
673 366145536.0
674 366436352.0
675 366731264.0
676 367026176.0
677 367050752.0
678 367349760.0
679 367910912.0
680 367935488.0
681 367960064.0
682 367992832.0
683 368062464.0
684 368087040.0
685 368115712.0
686 368410624.0
687 368701440.0
688 368193536.0
689 368754688.0
690 368513024.0
691 368537600.0
692 369094656.0
693 368967680.0
694 369258496.0
695 369016832.0
696 333062144.0
697 333357056.0
698 333381632.0
699 333139968.0
700 333549568.0
701 334110720.0
702 333869056.0
703 333578240.0
704 334405632.0
705 334430208.0
706 334188544.0
707 334479360.0
708 334774272.0
709 335073280.0
710 335097856.0
711 334856192.0
712 335421440.0
713 335745024.0
714 335765504.0
715 336060416.0
716 336084992.0
717 335843328.0
718 336134144.0
719 336695296.0
720 336453632.0
721 336744448.0
722 336773120.0
723 336965632.0
724 336723968.0
725 336744448.0
726 337039360.0
727 337063936.0
728 337354752.0
729 337649664.0
730 337674240.0
731 337965056.0
732 337989632.0
733 338280448.0
734 338268160.0
735 338558976.0
736 338849792.0
737 338874368.0
738 339169280.0
739 339197952.0
740 339488768.0
741 339513344.0
742 339271680.0
743 339591168.0
744 339824640.0
745 339849216.0
746 340144128.0
747 339898368.0
748 339656704.0
749 340217856.0
750 340242432.0
751 340267008.0
752 340561920.0
753 340660224.0
754 340635648.0
755 340930560.0
756 329211904.0
757 331096064.0
758 331907072.0
759 331739136.0
760 332234752.0
761 332869632.0
762 331575296.0
763 332050432.0
764 332693504.0
765 331849728.0
766 332353536.0
767 331051008.0
768 332685312.0
769 332644352.0
770 332603392.0
771 332615680.0
772 332795904.0
773 332787712.0
774 332718080.0
775 331276288.0
776 332500992.0
777 332451840.0
778 331407360.0
779 331247616.0
780 332005376.0
781 331010048.0
782 330964992.0
783 331149312.0
784 331415552.0
785 331100160.0
786 331190272.0
787 331436032.0
788 332660736.0
789 331227136.0
790 331194368.0
791 332144640.0
792 332644352.0
793 331358208.0
794 331255808.0
795 331489280.0
796 331587584.0
797 332947456.0
798 331505664.0
799 331464704.0
800 332955648.0
801 332767232.0
802 331587584.0
803 332550144.0
804 332144640.0
805 332152832.0
806 331837440.0
807 331198464.0
808 331149312.0
809 331210752.0
810 332570624.0
811 332398592.0
812 332627968.0
813 331350016.0
814 330969088.0
815 305401856.0
816 307449856.0
817 307716096.0
818 307986432.0
819 308256768.0
820 308256768.0
821 308260864.0
822 308797440.0
823 307134464.0
824 307109888.0
825 307646464.0
826 307916800.0
827 308187136.0
828 308457472.0
829 308191232.0
830 308727808.0
831 308998144.0
832 309252096.0
833 309514240.0
834 307179520.0
835 307449856.0
836 307720192.0
837 307990528.0
838 307990528.0
839 307994624.0
840 308531200.0
841 308801536.0
842 309071872.0
843 307638272.0
844 308109312.0
845 308084736.0
846 308191232.0
847 308027392.0
848 307994624.0
849 308101120.0
850 308068352.0
851 308174848.0
852 308002816.0
853 308101120.0
854 308068352.0
855 308035584.0
856 308084736.0
857 308314112.0
858 297828352.0
859 297795584.0
860 298160128.0
861 298397696.0
862 297836544.0
863 298078208.0
864 298053632.0
865 298299392.0
866 298000384.0
867 297836544.0
868 298078208.0
869 298020864.0
870 298258432.0
871 297820160.0
872 298135552.0
873 298233856.0
874 298213376.0
875 298180608.0
876 260411392.0
877 260411392.0
878 260411392.0
879 260411392.0
880 260411392.0
881 260411392.0
882 260411392.0
883 260411392.0
884 260411392.0
885 260411392.0
886 260411392.0
887 260411392.0
888 260411392.0
889 260411392.0
890 260411392.0
891 257196032.0
892 257196032.0
893 257196032.0
894 257196032.0
895 257196032.0
896 257196032.0
897 257196032.0
898 257196032.0
899 257196032.0
900 257196032.0
901 257196032.0
902 257196032.0
903 257196032.0
904 257196032.0
905 257196032.0
906 257196032.0
907 257196032.0
908 257196032.0
909 257196032.0
910 257196032.0
911 257196032.0
912 257196032.0
913 257196032.0
914 257196032.0
915 257196032.0
916 257196032.0
917 257196032.0
918 257196032.0
919 257196032.0
920 257196032.0
921 257196032.0
922 257196032.0
923 257196032.0
924 257196032.0
925 257196032.0
926 257196032.0
927 257196032.0
928 257196032.0
929 257196032.0
930 257196032.0
931 257196032.0
932 257196032.0
933 257196032.0
934 257196032.0
935 257196032.0
936 257196032.0
937 268681216.0
938 307720192.0
939 308625408.0
940 308318208.0
941 308465664.0
942 308109312.0
943 307863552.0
944 308297728.0
945 308273152.0
946 308461568.0
947 307806208.0
948 307675136.0
949 308404224.0
950 308322304.0
951 307650560.0
952 307740672.0
953 307609600.0
954 308289536.0
955 308379648.0
956 307609600.0
957 307683328.0
958 308940800.0
959 308486144.0
960 308404224.0
961 308281344.0
962 308428800.0
963 308305920.0
964 308453376.0
965 308330496.0
966 308477952.0
967 307851264.0
968 307826688.0
969 307888128.0
970 308748288.0
971 307732480.0
972 307453952.0
973 307220480.0
974 307789824.0
975 308613120.0
976 308342784.0
977 308785152.0
978 308789248.0
979 308924416.0
980 308670464.0
981 308555776.0
982 310222848.0
983 310054912.0
984 309559296.0
985 309592064.0
986 309325824.0
987 309964800.0
988 310071296.0
989 309358592.0
990 309968896.0
991 309936128.0
992 309903360.0
993 309870592.0
994 310648832.0
995 310616064.0
996 309993472.0
997 310247424.0
998 336289792.0
999 336248832.0
1000 337338368.0
1001 338419712.0
1002 338509824.0
1003 338460672.0
1004 338550784.0
1005 320962560.0
1006 321081344.0
1007 322433024.0
1008 325439488.0
1009 326799360.0
1010 325234688.0
1011 325332992.0
1012 326561792.0
1013 326909952.0
1014 326909952.0
1015 326909952.0
1016 326909952.0
1017 326909952.0
1018 315514880.0
1019 315514880.0
1020 315514880.0
1021 315514880.0
1022 326864896.0
1023 326864896.0
1024 326864896.0
1025 326864896.0
1026 326864896.0
1027 326864896.0
1028 326668288.0
1029 326668288.0
1030 327802880.0
1031 327802880.0
1032 339423232.0
1033 339423232.0
1034 346722304.0
1035 346722304.0
1036 346722304.0
1037 346722304.0
1038 346718208.0
1039 346718208.0
1040 346718208.0
1041 346718208.0
1042 350957568.0
1043 350957568.0
1044 350957568.0
1045 350957568.0
1046 350957568.0
1047 350957568.0
1048 350945280.0
1049 350945280.0
1050 350945280.0
1051 350945280.0
1052 350945280.0
1053 350945280.0
1054 350945280.0
1055 350945280.0
1056 350945280.0
1057 350945280.0
1058 373690368.0
1059 373649408.0
1060 373649408.0
1061 373649408.0
1062 373649408.0
1063 373649408.0
1064 373649408.0
1065 373649408.0
1066 373649408.0
1067 373649408.0
1068 373682176.0
1069 373641216.0
1070 373641216.0
1071 373641216.0
1072 373641216.0
1073 373641216.0
1074 373641216.0
1075 373641216.0
1076 373641216.0
1077 373641216.0
1078 373665792.0
1079 373624832.0
1080 373624832.0
1081 373624832.0
1082 373624832.0
1083 373624832.0
1084 373624832.0
1085 373624832.0
1086 373624832.0
1087 373624832.0
1088 373649408.0
1089 373600256.0
1090 373600256.0
1091 373600256.0
1092 373600256.0
1093 373600256.0
1094 373600256.0
1095 373600256.0
1096 373600256.0
1097 373600256.0
1098 373608448.0
1099 373567488.0
1100 373567488.0
1101 373567488.0
1102 373567488.0
1103 373567488.0
1104 373567488.0
1105 373567488.0
1106 373567488.0
1107 373567488.0
1108 373600256.0
1109 373559296.0
1110 373559296.0
1111 373559296.0
1112 373559296.0
1113 373559296.0
1114 373559296.0
1115 373559296.0
1116 373559296.0
1117 374095872.0
1118 374046720.0
1119 398385152.0
1120 397701120.0
1121 398651392.0
1122 398065664.0
1123 381857792.0
1124 381857792.0
1125 381857792.0
1126 381857792.0
1127 393478144.0
1128 393494528.0
1129 393445376.0
1130 393445376.0
1131 393445376.0
1132 393445376.0
1133 377384960.0
1134 377384960.0
1135 377384960.0
1136 379002880.0
1137 379002880.0
1138 379002880.0
1139 383311872.0
1140 383311872.0
1141 383311872.0
1142 383311872.0
1143 383311872.0
1144 383311872.0
1145 383311872.0
1146 383311872.0
1147 383311872.0
1148 390881280.0
1149 390832128.0
1150 390832128.0
1151 406581248.0
1152 406581248.0
1153 406581248.0
1154 406581248.0
1155 406581248.0
1156 407388160.0
1157 407388160.0
1158 407388160.0
1159 407363584.0
1160 407363584.0
1161 407363584.0
1162 407363584.0
1163 407363584.0
1164 407363584.0
1165 407363584.0
1166 407363584.0
1167 407363584.0
1168 407363584.0
1169 407404544.0
1170 407322624.0
1171 407322624.0
1172 407322624.0
1173 407322624.0
1174 407322624.0
1175 407322624.0
1176 407322624.0
1177 407859200.0
1178 426946560.0
1179 468631552.0
1180 468545536.0
1181 468545536.0
1182 468545536.0
1183 436076544.0
1184 436076544.0
1185 436076544.0
1186 436076544.0
1187 443371520.0
1188 429166592.0
1189 429199360.0
1190 429117440.0
1191 429117440.0
1192 429117440.0
1193 429117440.0
1194 429117440.0
1195 429117440.0
1196 429117440.0
1197 429117440.0
1198 429117440.0
1199 433610752.0
1200 433586176.0
1201 440610816.0
1202 440610816.0
1203 440610816.0
1204 448180224.0
1205 448180224.0
1206 459804672.0
1207 459804672.0
1208 459804672.0
1209 460091392.0
1210 460079104.0
1211 460079104.0
1212 483323904.0
1213 483323904.0
1214 483323904.0
1215 483323904.0
1216 483323904.0
1217 483323904.0
1218 483323904.0
1219 483381248.0
1220 483282944.0
1221 483282944.0
1222 483282944.0
1223 483282944.0
1224 483282944.0
1225 483282944.0
1226 483282944.0
1227 483282944.0
1228 483282944.0
1229 483295232.0
1230 483184640.0
1231 483184640.0
1232 483184640.0
1233 483184640.0
1234 483184640.0
1235 483184640.0
1236 483184640.0
1237 483184640.0
1238 484139008.0
1239 506621952.0
1240 518541312.0
1241 518356992.0
1242 518356992.0
1243 518356992.0
1244 495513600.0
1245 495513600.0
1246 495513600.0
1247 495513600.0
1248 506863616.0
1249 492294144.0
1250 492122112.0
1251 492122112.0
1252 492122112.0
1253 492122112.0
1254 492122112.0
1255 492122112.0
1256 492122112.0
1257 492122112.0
1258 492122112.0
1259 492171264.0
1260 492064768.0
1261 492064768.0
1262 492064768.0
1263 492064768.0
1264 541462528.0
1265 541462528.0
1266 541462528.0
1267 541462528.0
1268 541462528.0
1269 541462528.0
1270 541409280.0
1271 541409280.0
1272 541409280.0
1273 541409280.0
1274 541409280.0
1275 541409280.0
1276 541409280.0
1277 541409280.0
1278 541409280.0
1279 541409280.0
1280 541335552.0
1281 541335552.0
1282 541335552.0
1283 541335552.0
1284 541335552.0
1285 541335552.0
1286 541335552.0
1287 541335552.0
1288 541335552.0
1289 541335552.0
1290 541650944.0
1291 541650944.0
1292 541650944.0
1293 541650944.0
1294 541650944.0
1295 541650944.0
1296 541650944.0
1297 541650944.0
1298 542580736.0
1299 519655424.0
1300 518717440.0
1301 518529024.0
1302 518529024.0
1303 483704832.0
1304 483704832.0
1305 483704832.0
1306 483704832.0
1307 483704832.0
1308 483704832.0
1309 483704832.0
1310 483983360.0
1311 483913728.0
1312 483913728.0
1313 483913728.0
1314 483913728.0
1315 483913728.0
1316 483913728.0
1317 483913728.0
1318 483913728.0
1319 483913728.0
1320 483905536.0
1321 483794944.0
1322 483794944.0
1323 483794944.0
1324 483794944.0
1325 483794944.0
1326 483794944.0
1327 483794944.0
1328 487522304.0
1329 487522304.0
1330 487673856.0
1331 487600128.0
1332 487600128.0
1333 487600128.0
1334 487600128.0
1335 487600128.0
1336 553140224.0
1337 553140224.0
1338 557191168.0
1339 557191168.0
1340 557445120.0
1341 557268992.0
1342 557268992.0
1343 557268992.0
1344 557268992.0
1345 573079552.0
1346 573079552.0
1347 573079552.0
1348 573079552.0
1349 573079552.0
1350 573415424.0
1351 573194240.0
1352 573194240.0
1353 573194240.0
1354 573194240.0
1355 573194240.0
1356 573300736.0
1357 573300736.0
1358 573300736.0
1359 573300736.0
1360 574152704.0
1361 574038016.0
1362 574038016.0
1363 574038016.0
1364 574038016.0
1365 574038016.0
1366 574038016.0
1367 574038016.0
1368 574038016.0
1369 574038016.0
1370 574906368.0
1371 574709760.0
1372 574709760.0
1373 574709760.0
1374 574709760.0
1375 574709760.0
1376 574709760.0
1377 574709760.0
1378 574709760.0
1379 574709760.0
1380 575307776.0
1381 575111168.0
1382 575111168.0
1383 575111168.0
1384 575111168.0
1385 575111168.0
1386 575111168.0
1387 575111168.0
1388 575111168.0
1389 575111168.0
1390 575160320.0
1391 574971904.0
1392 574971904.0
1393 574971904.0
1394 574971904.0
1395 574971904.0
1396 574971904.0
1397 574971904.0
1398 574971904.0
1399 574971904.0
1400 574971904.0
1401 576122880.0
1402 576122880.0
1403 576122880.0
1404 576122880.0
1405 576122880.0
1406 576122880.0
1407 576122880.0
1408 576122880.0
1409 576122880.0
1410 576122880.0
1411 576794624.0
1412 576794624.0
1413 576794624.0
1414 576794624.0
1415 576794624.0
1416 557604864.0
1417 557604864.0
1418 557604864.0
1419 557604864.0
1420 557604864.0
1421 557715456.0
1422 557715456.0
1423 557715456.0
1424 557715456.0
1425 557715456.0
1426 557715456.0
1427 557715456.0
1428 557715456.0
1429 557715456.0
1430 557715456.0
1431 558460928.0
1432 558428160.0
1433 558428160.0
1434 558428160.0
1435 558428160.0
1436 558428160.0
1437 558428160.0
1438 558428160.0
1439 558428160.0
1440 558428160.0
1441 559288320.0
1442 559144960.0
1443 559144960.0
1444 559144960.0
1445 559144960.0
1446 559144960.0
1447 559144960.0
1448 559144960.0
1449 559144960.0
1450 559144960.0
1451 560275456.0
1452 560119808.0
1453 560119808.0
1454 560119808.0
1455 560119808.0
1456 560119808.0
1457 560119808.0
1458 560119808.0
1459 560119808.0
1460 560119808.0
1461 560709632.0
1462 560553984.0
1463 560553984.0
1464 560553984.0
1465 560553984.0
1466 560553984.0
1467 560553984.0
1468 560553984.0
1469 560553984.0
1470 560553984.0
1471 560873472.0
1472 560791552.0
1473 560791552.0
1474 560791552.0
1475 560791552.0
1476 560963584.0
1477 560963584.0
1478 560963584.0
1479 560963584.0
1480 560963584.0
1481 561807360.0
1482 561864704.0
1483 561864704.0
1484 561864704.0
1485 561864704.0
1486 561864704.0
1487 561864704.0
1488 562130944.0
1489 562130944.0
1490 562130944.0
1491 562524160.0
1492 562401280.0
1493 562401280.0
1494 562401280.0
1495 562401280.0
1496 562401280.0
1497 562401280.0
1498 562401280.0
1499 562401280.0
1500 562401280.0
1501 562577408.0
1502 562823168.0
1503 562823168.0
1504 562823168.0
1505 562823168.0
1506 562823168.0
1507 562823168.0
1508 562823168.0
1509 562823168.0
1510 562823168.0
1511 562823168.0
1512 563937280.0
1513 563937280.0
1514 563937280.0
1515 563937280.0
1516 563937280.0
1517 564477952.0
1518 564477952.0
1519 564477952.0
1520 564477952.0
1521 564477952.0
1522 565194752.0
1523 565194752.0
1524 565194752.0
1525 565194752.0
1526 565194752.0
1527 565194752.0
1528 565194752.0
1529 565194752.0
1530 565194752.0
1531 565465088.0
1532 565682176.0
1533 565682176.0
1534 565682176.0
1535 565682176.0
1536 565878784.0
1537 565878784.0
1538 565878784.0
1539 565878784.0
1540 565878784.0
1541 565878784.0
1542 566448128.0
1543 566448128.0
1544 566448128.0
1545 566448128.0
1546 566448128.0
1547 566448128.0
1548 566448128.0
1549 566448128.0
1550 566448128.0
1551 566448128.0
1552 567263232.0
1553 567263232.0
1554 567263232.0
1555 567263232.0
1556 567263232.0
1557 567263232.0
1558 567263232.0
1559 567263232.0
1560 567263232.0
1561 567263232.0
1562 568287232.0
1563 568287232.0
1564 568287232.0
1565 568287232.0
1566 568287232.0
1567 568287232.0
1568 568827904.0
1569 568827904.0
1570 568836096.0
1571 568836096.0
1572 569368576.0
1573 569368576.0
1574 569368576.0
1575 569368576.0
1576 569368576.0
1577 569368576.0
1578 569638912.0
1579 569638912.0
1580 569638912.0
1581 569638912.0
1582 570449920.0
1583 570425344.0
1584 570425344.0
1585 570425344.0
1586 570425344.0
1587 570425344.0
1588 570695680.0
1589 570695680.0
1590 570695680.0
1591 570695680.0
1592 571281408.0
1593 571199488.0
1594 571199488.0
1595 571199488.0
1596 559882240.0
1597 559882240.0
1598 559882240.0
1599 559882240.0
1600 559882240.0
1601 559882240.0
1602 560168960.0
1603 560115712.0
1604 560115712.0
1605 560115712.0
1606 560115712.0
1607 560115712.0
1608 560115712.0
1609 560115712.0
1610 560115712.0
1611 560115712.0
1612 560402432.0
1613 560324608.0
1614 560324608.0
1615 560324608.0
1616 560324608.0
1617 560324608.0
1618 560324608.0
1619 560324608.0
1620 560324608.0
1621 560336896.0
1622 560623616.0
1623 560574464.0
1624 560574464.0
1625 560574464.0
1626 560574464.0
1627 560574464.0
1628 560574464.0
1629 560574464.0
1630 560574464.0
1631 560574464.0
1632 560861184.0
1633 560861184.0
1634 560861184.0
1635 560861184.0
1636 560861184.0
1637 560861184.0
1638 560861184.0
1639 560861184.0
1640 560861184.0
1641 560861184.0
1642 561147904.0
1643 561082368.0
1644 561082368.0
1645 561082368.0
1646 561082368.0
1647 561082368.0
1648 561082368.0
1649 561082368.0
1650 561082368.0
1651 561082368.0
1652 561377280.0
1653 561344512.0
1654 561344512.0
1655 561344512.0
1656 552337408.0
1657 552337408.0
1658 552337408.0
1659 552337408.0
1660 552337408.0
1661 552337408.0
1662 552886272.0
1663 552857600.0
1664 552857600.0
1665 552857600.0
1666 552857600.0
1667 552857600.0
1668 552857600.0
1669 552857600.0
1670 552857600.0
1671 552857600.0
1672 553140224.0
1673 553062400.0
1674 553062400.0
1675 553062400.0
1676 553062400.0
1677 553062400.0
1678 553062400.0
1679 553062400.0
1680 553062400.0
1681 553062400.0
1682 553340928.0
1683 553299968.0
1684 553299968.0
1685 553299968.0
1686 553299968.0
1687 553299968.0
1688 553299968.0
1689 553299968.0
1690 553299968.0
1691 553299968.0
1692 553308160.0
1693 553570304.0
1694 553570304.0
1695 553570304.0
1696 553570304.0
1697 553570304.0
1698 553570304.0
1699 553570304.0
1700 553570304.0
1701 553570304.0
1702 553570304.0
1703 553558016.0
1704 553558016.0
1705 553558016.0
1706 553558016.0
1707 553558016.0
1708 553558016.0
1709 553558016.0
1710 553558016.0
1711 553558016.0
1712 553558016.0
1713 553824256.0
1714 553824256.0
1715 553824256.0
1716 555040768.0
1717 555040768.0
1718 555040768.0
1719 555040768.0
1720 555040768.0
1721 555040768.0
1722 555040768.0
1723 555040768.0
1724 555040768.0
1725 555040768.0
1726 555040768.0
1727 555040768.0
1728 555040768.0
1729 555040768.0
1730 555040768.0
1731 555024384.0
1732 555024384.0
1733 555024384.0
1734 555024384.0
1735 555024384.0
1736 555024384.0
1737 555024384.0
1738 555024384.0
1739 555024384.0
1740 555024384.0
1741 555024384.0
1742 555024384.0
1743 555024384.0
1744 555024384.0
1745 555024384.0
1746 555024384.0
1747 555024384.0
1748 555024384.0
1749 555024384.0
1750 555024384.0
1751 555024384.0
1752 555024384.0
1753 555024384.0
1754 555024384.0
1755 555024384.0
1756 555024384.0
1757 555024384.0
1758 555024384.0
1759 555024384.0
1760 555024384.0
1761 555024384.0
1762 555024384.0
1763 555024384.0
1764 555024384.0
1765 555024384.0
1766 555024384.0
1767 555024384.0
1768 555024384.0
1769 555024384.0
1770 555024384.0
1771 555024384.0
1772 555024384.0
1773 555024384.0
1774 555024384.0
1775 555024384.0
1776 555024384.0
1777 555024384.0
1778 555024384.0
1779 555024384.0
1780 555024384.0
1781 555024384.0
1782 555024384.0
1783 555024384.0
1784 555024384.0
1785 555024384.0
1786 555024384.0
1787 555024384.0
1788 555024384.0
1789 555024384.0
1790 555024384.0
1791 555024384.0
1792 555024384.0
1793 555024384.0
1794 555024384.0
1795 555024384.0
1796 555024384.0
1797 555024384.0
1798 555024384.0
1799 555024384.0
1800 555024384.0
1801 555024384.0
1802 555024384.0
1803 555024384.0
1804 555024384.0
1805 555024384.0
1806 555024384.0
1807 555024384.0
1808 555024384.0
1809 555024384.0
1810 555024384.0
1811 555024384.0
1812 555024384.0
1813 555024384.0
1814 555024384.0
1815 555024384.0
1816 555024384.0
1817 555024384.0
1818 555024384.0
1819 555024384.0
1820 555024384.0
1821 555024384.0
1822 555024384.0
1823 555024384.0
1824 555024384.0
1825 555024384.0
1826 555024384.0
1827 555024384.0
1828 555024384.0
1829 555024384.0
1830 555024384.0
1831 555024384.0
1832 555024384.0
1833 555024384.0
1834 555024384.0
1835 555024384.0
1836 555024384.0
1837 555024384.0
1838 555024384.0
1839 555024384.0
1840 555024384.0
1841 555024384.0
1842 555024384.0
1843 555024384.0
1844 555024384.0
1845 555024384.0
1846 555024384.0
1847 555024384.0
1848 555024384.0
1849 555024384.0
1850 555024384.0
1851 555024384.0
1852 555024384.0
1853 555024384.0
1854 555024384.0
1855 555024384.0
1856 555024384.0
1857 555024384.0
1858 555024384.0
1859 555024384.0
1860 555024384.0
1861 555024384.0
