0 105418752.0
1 105418752.0
2 105418752.0
3 105418752.0
4 106467328.0
5 106467328.0
6 106467328.0
7 106467328.0
8 106467328.0
9 106467328.0
10 106467328.0
11 106467328.0
12 106467328.0
13 106467328.0
14 711540736.0
15 711540736.0
16 711540736.0
17 711540736.0
18 711540736.0
19 711540736.0
20 711540736.0
21 711540736.0
22 711540736.0
23 711540736.0
24 711540736.0
25 711540736.0
26 711540736.0
27 711540736.0
28 711540736.0
29 711540736.0
30 711540736.0
31 711540736.0
32 711540736.0
33 711540736.0
34 711540736.0
35 711540736.0
36 711540736.0
37 711540736.0
38 711540736.0
39 711540736.0
40 711540736.0
41 711540736.0
42 711540736.0
43 711540736.0
44 711540736.0
45 711540736.0
46 711540736.0
47 711540736.0
48 711540736.0
49 711540736.0
50 711540736.0
51 711540736.0
52 711540736.0
53 711540736.0
54 711540736.0
55 711540736.0
56 711540736.0
57 711540736.0
58 711540736.0
59 713646080.0
60 713646080.0
61 713646080.0
62 713646080.0
63 713646080.0
64 713646080.0
65 713646080.0
66 713646080.0
67 713646080.0
68 713646080.0
69 713646080.0
70 713646080.0
71 713646080.0
72 713646080.0
73 713646080.0
74 713646080.0
75 713646080.0
76 713646080.0
77 713646080.0
78 713646080.0
79 713646080.0
80 713646080.0
81 713646080.0
82 713646080.0
83 713646080.0
84 713646080.0
85 713646080.0
86 713646080.0
87 713646080.0
88 713646080.0
89 713646080.0
90 713646080.0
91 713646080.0
92 713646080.0
93 713646080.0
94 713646080.0
95 713646080.0
96 713646080.0
97 713646080.0
98 713646080.0
99 713646080.0
100 713646080.0
101 713646080.0
102 713646080.0
103 713646080.0
104 713646080.0
105 713646080.0
106 713646080.0
107 713646080.0
108 713646080.0
109 713646080.0
110 713646080.0
111 713646080.0
112 713646080.0
113 713646080.0
114 713646080.0
115 713646080.0
116 713646080.0
117 713646080.0
118 713646080.0
119 713646080.0
120 713646080.0
121 713646080.0
122 713646080.0
123 713646080.0
124 713646080.0
125 713646080.0
126 713646080.0
127 713646080.0
128 713646080.0
129 713646080.0
130 713646080.0
131 713646080.0
132 713646080.0
133 713646080.0
134 713646080.0
135 713646080.0
136 713646080.0
137 714694656.0
138 714694656.0
139 714694656.0
140 714694656.0
141 714694656.0
142 714694656.0
143 714694656.0
144 714694656.0
145 714694656.0
146 714694656.0
147 714694656.0
148 714694656.0
149 714694656.0
150 714694656.0
151 714694656.0
152 714694656.0
153 714694656.0
154 714694656.0
155 714694656.0
156 714694656.0
157 714694656.0
158 714694656.0
159 714694656.0
160 714694656.0
161 714694656.0
162 714694656.0
163 714694656.0
164 714694656.0
165 714694656.0
166 714694656.0
167 714694656.0
168 714694656.0
169 714694656.0
170 714694656.0
171 714694656.0
172 714694656.0
173 714694656.0
174 714694656.0
175 714694656.0
176 714694656.0
177 714694656.0
178 714694656.0
179 714694656.0
180 714694656.0
181 714694656.0
182 714694656.0
183 715743232.0
184 715743232.0
185 715743232.0
186 715743232.0
187 715743232.0
188 715743232.0
189 715743232.0
190 715743232.0
191 715743232.0
192 715743232.0
193 715743232.0
194 715743232.0
195 715743232.0
196 715743232.0
197 715743232.0
198 715743232.0
199 715743232.0
200 715743232.0
201 715743232.0
202 715743232.0
203 715743232.0
204 715743232.0
205 715743232.0
206 715743232.0
207 715743232.0
208 715743232.0
209 715743232.0
210 715743232.0
211 715743232.0
212 715743232.0
213 715743232.0
214 715743232.0
215 715743232.0
216 715743232.0
217 715743232.0
218 715743232.0
219 715743232.0
220 715743232.0
221 715743232.0
222 715743232.0
223 716791808.0
224 716791808.0
225 716791808.0
226 716791808.0
227 716791808.0
228 716791808.0
229 716791808.0
230 716791808.0
231 716791808.0
232 716791808.0
233 716791808.0
234 716791808.0
235 716791808.0
236 716791808.0
237 716791808.0
238 716791808.0
239 716791808.0
240 716791808.0
241 716791808.0
242 716791808.0
243 716791808.0
244 716791808.0
245 716791808.0
246 716791808.0
247 716791808.0
248 716791808.0
249 716791808.0
250 716791808.0
251 716791808.0
252 716791808.0
253 716791808.0
254 716791808.0
255 716791808.0
256 716791808.0
257 716791808.0
258 716791808.0
259 716791808.0
260 716791808.0
261 716791808.0
262 716791808.0
263 716791808.0
264 716791808.0
265 716791808.0
266 716791808.0
267 716791808.0
268 716791808.0
269 716791808.0
270 716791808.0
271 716791808.0
272 716791808.0
273 717844480.0
274 717844480.0
275 717844480.0
276 717844480.0
277 717844480.0
278 717844480.0
279 717844480.0
280 717844480.0
281 717844480.0
282 717844480.0
283 717844480.0
284 717844480.0
285 717844480.0
286 717844480.0
287 717844480.0
288 717844480.0
289 717844480.0
290 717844480.0
291 717844480.0
292 717844480.0
293 717844480.0
294 718893056.0
295 718893056.0
296 718893056.0
297 718893056.0
298 718893056.0
299 718893056.0
300 718893056.0
301 718893056.0
302 718893056.0
303 718893056.0
304 718893056.0
305 718893056.0
306 718893056.0
307 718893056.0
308 718893056.0
309 718893056.0
310 718893056.0
311 718893056.0
312 718893056.0
313 718893056.0
314 718893056.0
315 718893056.0
316 718893056.0
317 718893056.0
318 718893056.0
319 718893056.0
320 718893056.0
321 718893056.0
322 718893056.0
323 718893056.0
324 719941632.0
325 719941632.0
326 719941632.0
327 719941632.0
328 719941632.0
329 719941632.0
330 719941632.0
331 719941632.0
332 719941632.0
333 719941632.0
334 719941632.0
335 719941632.0
336 719941632.0
337 719941632.0
338 719941632.0
339 719941632.0
340 719941632.0
341 719941632.0
342 719941632.0
343 719941632.0
344 719941632.0
345 719941632.0
346 719941632.0
347 719941632.0
348 719941632.0
349 719941632.0
350 719941632.0
351 719941632.0
352 719941632.0
353 719941632.0
354 720990208.0
355 720990208.0
356 720990208.0
357 720990208.0
358 720990208.0
359 720990208.0
360 720990208.0
361 720990208.0
362 720990208.0
363 720990208.0
364 720990208.0
365 720990208.0
366 720990208.0
367 720990208.0
368 720990208.0
369 720990208.0
370 720990208.0
371 720990208.0
372 720990208.0
373 720990208.0
374 720990208.0
375 720990208.0
376 720990208.0
377 720990208.0
378 720990208.0
379 720990208.0
380 720990208.0
381 720990208.0
382 720990208.0
383 720990208.0
384 720990208.0
385 720990208.0
386 720990208.0
387 989425664.0
388 989425664.0
389 989425664.0
390 989425664.0
391 989425664.0
392 989425664.0
393 989425664.0
394 989425664.0
395 989425664.0
396 989425664.0
397 989425664.0
398 989425664.0
399 989425664.0
400 989425664.0
401 989425664.0
402 989425664.0
403 989425664.0
404 989425664.0
405 989425664.0
406 989425664.0
407 989425664.0
408 989425664.0
409 989425664.0
410 989425664.0
411 989425664.0
412 989425664.0
413 989425664.0
414 989425664.0
415 989425664.0
416 989425664.0
417 989425664.0
418 989425664.0
419 989425664.0
420 989425664.0
421 989425664.0
422 989425664.0
423 989425664.0
424 989425664.0
425 989425664.0
426 989425664.0
427 989425664.0
428 989425664.0
429 989425664.0
430 989425664.0
431 989425664.0
432 989425664.0
433 989425664.0
434 989425664.0
435 989425664.0
436 989425664.0
437 990474240.0
438 990474240.0
439 990474240.0
440 990474240.0
441 990474240.0
442 990474240.0
443 990474240.0
444 990474240.0
445 990474240.0
446 990474240.0
447 990474240.0
448 990474240.0
449 990474240.0
450 990474240.0
451 990474240.0
452 990474240.0
453 990474240.0
454 990474240.0
455 990474240.0
456 990474240.0
457 990474240.0
458 990474240.0
459 990474240.0
460 990474240.0
461 990474240.0
462 990474240.0
463 990474240.0
464 990474240.0
465 990474240.0
466 990474240.0
467 990474240.0
468 990474240.0
469 990474240.0
470 990474240.0
471 990474240.0
472 990474240.0
473 990474240.0
474 990474240.0
475 990474240.0
476 990474240.0
477 990474240.0
478 990474240.0
479 990474240.0
480 990474240.0
481 990474240.0
482 990474240.0
483 990474240.0
484 990474240.0
485 990474240.0
486 990474240.0
487 990474240.0
488 990474240.0
489 990474240.0
490 990474240.0
491 990474240.0
492 990474240.0
493 990474240.0
494 990474240.0
495 990474240.0
496 990474240.0
497 990474240.0
498 990474240.0
499 990474240.0
500 990474240.0
501 990474240.0
502 990474240.0
503 990474240.0
504 990474240.0
505 990474240.0
506 990474240.0
507 990474240.0
508 990474240.0
509 990474240.0
510 990474240.0
511 990474240.0
512 990474240.0
513 990474240.0
514 990474240.0
515 990474240.0
516 990474240.0
517 990474240.0
518 990474240.0
519 990474240.0
520 990474240.0
521 990474240.0
522 990474240.0
523 990474240.0
524 990474240.0
525 990474240.0
526 990474240.0
527 990474240.0
528 990474240.0
529 990474240.0
530 990474240.0
531 990474240.0
532 990474240.0
533 990474240.0
534 990474240.0
535 990474240.0
536 990474240.0
537 990474240.0
538 990474240.0
539 990474240.0
540 990474240.0
541 990474240.0
542 990474240.0
543 990474240.0
544 990474240.0
545 991522816.0
546 991522816.0
547 991522816.0
548 991522816.0
549 991522816.0
550 991522816.0
551 991522816.0
552 991522816.0
553 991522816.0
554 991522816.0
555 991522816.0
556 991522816.0
557 991522816.0
558 991522816.0
559 991522816.0
560 991522816.0
561 991522816.0
562 991522816.0
563 991522816.0
564 991522816.0
565 991522816.0
566 991522816.0
567 991522816.0
568 991522816.0
569 991522816.0
570 991522816.0
571 991522816.0
572 991522816.0
573 991522816.0
574 991522816.0
575 991522816.0
576 991522816.0
577 991522816.0
578 991522816.0
579 991522816.0
580 991522816.0
581 991522816.0
582 991522816.0
583 991522816.0
584 991522816.0
585 991522816.0
586 991522816.0
587 991522816.0
588 991522816.0
589 991522816.0
590 991522816.0
591 991522816.0
592 991522816.0
593 991522816.0
594 991522816.0
595 991522816.0
596 991522816.0
597 991522816.0
598 991522816.0
599 991522816.0
600 991522816.0
601 991522816.0
602 991522816.0
603 991522816.0
604 991522816.0
605 991522816.0
606 991522816.0
607 991522816.0
608 991522816.0
609 991522816.0
610 991522816.0
611 991522816.0
612 991522816.0
613 991522816.0
614 991522816.0
615 991522816.0
616 991522816.0
617 991522816.0
618 991522816.0
619 991522816.0
620 991522816.0
621 991522816.0
622 991522816.0
623 991522816.0
624 991522816.0
625 991522816.0
626 991522816.0
627 991522816.0
628 991522816.0
629 991522816.0
630 991522816.0
631 991522816.0
632 991522816.0
633 991522816.0
634 991522816.0
635 991522816.0
636 991522816.0
637 991522816.0
638 991522816.0
639 991522816.0
640 991522816.0
641 991522816.0
642 991522816.0
643 991522816.0
644 991522816.0
645 991522816.0
646 991522816.0
647 991522816.0
648 991522816.0
649 991522816.0
650 991522816.0
651 991522816.0
652 991522816.0
653 991522816.0
654 991522816.0
655 991522816.0
656 991522816.0
657 1528393728.0
658 1528393728.0
659 1528393728.0
660 1528393728.0
661 1528393728.0
662 1528393728.0
663 1528393728.0
664 1528393728.0
665 1528393728.0
666 1528393728.0
667 1528393728.0
668 1528393728.0
669 1528393728.0
670 1528393728.0
671 1528393728.0
672 1528393728.0
673 1528393728.0
674 1528393728.0
675 1528393728.0
676 1528393728.0
677 1528393728.0
678 1528393728.0
679 1528393728.0
680 1528393728.0
681 1528393728.0
682 1528393728.0
683 1528393728.0
684 1528393728.0
685 1528393728.0
686 1528393728.0
687 1528393728.0
688 1528393728.0
689 1528393728.0
690 1528393728.0
691 1528393728.0
692 1528393728.0
693 1528393728.0
694 1528393728.0
695 1528393728.0
696 1528393728.0
697 1528393728.0
698 1528393728.0
699 1528393728.0
700 1528393728.0
701 1528393728.0
702 1528393728.0
703 1528393728.0
704 1528393728.0
705 1528393728.0
706 1528393728.0
707 1528393728.0
708 1528393728.0
709 1528393728.0
710 1528393728.0
711 1528393728.0
712 1528393728.0
713 1528393728.0
714 1528393728.0
715 1528393728.0
716 1528393728.0
717 1528393728.0
718 1528393728.0
719 1528393728.0
720 1528393728.0
721 1528393728.0
722 1528393728.0
723 1528393728.0
724 1528393728.0
725 1528393728.0
726 1528393728.0
727 1528393728.0
728 1528393728.0
729 1528393728.0
730 1528393728.0
731 1528393728.0
732 1528393728.0
733 1528393728.0
734 1528393728.0
735 1528393728.0
736 1528393728.0
737 1528393728.0
738 1528393728.0
739 1528393728.0
740 1528393728.0
741 1528393728.0
742 1528393728.0
743 1528393728.0
744 1528393728.0
745 1528393728.0
746 1528393728.0
747 1528393728.0
748 1528393728.0
749 1528393728.0
750 1528393728.0
751 1528393728.0
752 1528393728.0
753 1528393728.0
754 1528393728.0
755 1528393728.0
756 1528393728.0
757 1528393728.0
758 1528393728.0
759 1528393728.0
760 1528393728.0
761 1528393728.0
762 1528393728.0
763 1528393728.0
764 1528393728.0
765 1528393728.0
766 1528393728.0
767 1528393728.0
768 1528393728.0
769 1528393728.0
770 1528393728.0
771 1528393728.0
772 1528393728.0
773 1528393728.0
774 1528393728.0
775 1528393728.0
776 1528393728.0
777 1528393728.0
778 1528393728.0
779 1528393728.0
780 1528393728.0
781 1528393728.0
782 1528393728.0
783 1528393728.0
784 1528393728.0
785 1528393728.0
786 1528393728.0
787 1528393728.0
788 1528393728.0
789 1528393728.0
790 1528393728.0
791 1528393728.0
792 1528393728.0
793 1528393728.0
794 1528393728.0
795 1528393728.0
796 1528393728.0
797 1528393728.0
798 1528393728.0
799 1528393728.0
800 1528393728.0
801 1528393728.0
802 1528393728.0
803 1528393728.0
804 1528393728.0
805 1528393728.0
806 1528393728.0
807 1528393728.0
808 1528393728.0
809 1528393728.0
810 1528393728.0
811 1528393728.0
812 1528393728.0
813 1528393728.0
814 1528393728.0
815 1528393728.0
816 1528393728.0
817 1528393728.0
818 1528393728.0
819 1528393728.0
820 1528393728.0
821 1528393728.0
822 1528393728.0
823 1528393728.0
824 1528393728.0
825 1528393728.0
826 1528393728.0
827 1528393728.0
828 1528393728.0
829 1528393728.0
830 1528393728.0
831 1528393728.0
832 1528393728.0
833 1528393728.0
834 1528393728.0
835 1528393728.0
836 1528393728.0
837 1528393728.0
838 1528393728.0
839 1528393728.0
840 1528393728.0
841 1528393728.0
842 1528393728.0
843 1528393728.0
844 1528393728.0
845 1528393728.0
846 1528393728.0
847 1528393728.0
848 1528393728.0
849 1528393728.0
850 1528393728.0
851 1528393728.0
852 1528393728.0
853 1528393728.0
854 1528393728.0
855 1528393728.0
856 1528393728.0
857 1528393728.0
858 1528393728.0
859 1528393728.0
860 1528393728.0
861 1528393728.0
862 1528393728.0
863 1528393728.0
864 1528393728.0
865 1528393728.0
866 1528393728.0
867 1528393728.0
868 1528393728.0
869 1528393728.0
870 1528393728.0
871 1528393728.0
872 1528393728.0
873 1528393728.0
874 1528393728.0
875 1528393728.0
876 1528393728.0
877 1528393728.0
878 1528393728.0
879 1528393728.0
880 1528393728.0
881 1528393728.0
882 1528393728.0
883 1528393728.0
884 1528393728.0
885 1528393728.0
886 1528393728.0
887 1528393728.0
888 1528393728.0
889 1528393728.0
890 1528393728.0
891 1528393728.0
892 1528393728.0
893 1528393728.0
894 1528393728.0
895 1528393728.0
896 1528393728.0
897 1528393728.0
898 1528393728.0
899 1528393728.0
900 1528393728.0
901 1528393728.0
902 1528393728.0
903 1528393728.0
904 1528393728.0
905 1528393728.0
906 1528393728.0
907 1528393728.0
908 1528393728.0
909 1528393728.0
910 1528393728.0
911 1528393728.0
912 1528393728.0
913 1528393728.0
914 1528393728.0
915 1528393728.0
916 1528393728.0
917 1528393728.0
918 1528393728.0
919 1528393728.0
920 1528393728.0
921 1528393728.0
922 1528393728.0
923 1528393728.0
924 1528393728.0
925 1528393728.0
926 1528393728.0
927 1528393728.0
928 1528393728.0
929 1528393728.0
930 1528393728.0
931 1528393728.0
932 1528393728.0
933 1528393728.0
934 1528393728.0
935 1528393728.0
936 1528393728.0
937 1528393728.0
938 1528393728.0
939 1528393728.0
940 1528393728.0
941 1528393728.0
942 1528393728.0
943 1528393728.0
944 1528393728.0
945 1528393728.0
946 1528393728.0
947 1528393728.0
948 1528393728.0
949 1528393728.0
950 1528393728.0
951 1528393728.0
952 1528393728.0
953 1528393728.0
954 1528393728.0
955 1528393728.0
956 1528393728.0
957 1528393728.0
958 1528393728.0
959 1528393728.0
960 1528393728.0
961 1528393728.0
962 1528393728.0
963 1528393728.0
964 1528393728.0
965 1528393728.0
966 1528393728.0
967 1528393728.0
968 1528393728.0
969 1528393728.0
970 1528393728.0
971 1528393728.0
972 1528393728.0
973 1528393728.0
974 1528393728.0
975 1528393728.0
976 1528393728.0
977 1528393728.0
978 1528393728.0
979 1528393728.0
980 1528393728.0
981 1528393728.0
982 1528393728.0
983 1528393728.0
984 1528393728.0
985 1528393728.0
986 1528393728.0
987 1528393728.0
988 1528393728.0
989 1528393728.0
990 1528393728.0
991 1528393728.0
992 1528393728.0
993 1528393728.0
994 1528393728.0
995 1528393728.0
996 1528393728.0
997 1528393728.0
998 1528393728.0
999 1528393728.0
1000 1528393728.0
1001 1528393728.0
1002 1528393728.0
1003 1528393728.0
1004 1528393728.0
1005 1528393728.0
1006 1528393728.0
1007 1528393728.0
1008 1528393728.0
1009 1528393728.0
1010 1528393728.0
1011 1528393728.0
1012 1528393728.0
1013 1528393728.0
1014 1528393728.0
1015 1528393728.0
1016 1528393728.0
1017 1528393728.0
1018 1528393728.0
1019 1528393728.0
1020 1528393728.0
1021 1528393728.0
1022 1528393728.0
1023 1528393728.0
1024 1528393728.0
1025 1528393728.0
1026 1528393728.0
1027 1528393728.0
1028 1528393728.0
1029 1528393728.0
1030 1528393728.0
1031 1528393728.0
1032 1528393728.0
1033 1528393728.0
1034 1528393728.0
1035 1528393728.0
1036 1528393728.0
1037 1528393728.0
1038 1528393728.0
1039 1528393728.0
1040 1528393728.0
1041 1528393728.0
1042 1528393728.0
1043 1528393728.0
1044 1528393728.0
1045 1528393728.0
1046 1528393728.0
1047 1528393728.0
1048 1528393728.0
1049 1528393728.0
1050 1528393728.0
1051 1528393728.0
1052 1528393728.0
1053 1528393728.0
1054 1528393728.0
1055 1528393728.0
1056 1528393728.0
1057 1528393728.0
1058 1528393728.0
1059 1528393728.0
1060 1528393728.0
1061 1528393728.0
1062 1528393728.0
1063 1528393728.0
1064 1528393728.0
1065 1528393728.0
1066 1528393728.0
1067 1528393728.0
1068 1528393728.0
1069 1528393728.0
1070 1528393728.0
1071 1528393728.0
1072 1528393728.0
1073 1528393728.0
1074 1528393728.0
1075 1528393728.0
1076 1528393728.0
1077 1528393728.0
1078 1528393728.0
1079 1528393728.0
1080 1528393728.0
1081 1528393728.0
1082 1528393728.0
1083 1529442304.0
1084 1529442304.0
1085 1529442304.0
1086 1529442304.0
1087 1529442304.0
1088 1529442304.0
1089 1529442304.0
1090 1529442304.0
1091 1529442304.0
1092 1529442304.0
1093 1529442304.0
1094 1529442304.0
1095 1529442304.0
1096 1529442304.0
1097 1529442304.0
1098 1529442304.0
1099 1529442304.0
1100 1529442304.0
1101 1529442304.0
1102 1529442304.0
1103 1529442304.0
1104 1529442304.0
1105 1529442304.0
1106 1529442304.0
1107 1529442304.0
1108 1529442304.0
1109 1529442304.0
1110 1529442304.0
1111 1529442304.0
1112 1529442304.0
1113 1529442304.0
1114 1529442304.0
1115 1529442304.0
1116 1529442304.0
1117 1529442304.0
1118 1529442304.0
1119 1529442304.0
1120 1529442304.0
1121 1529442304.0
1122 1529442304.0
1123 1529442304.0
1124 1529442304.0
1125 1529442304.0
1126 1529442304.0
1127 1529442304.0
1128 1529442304.0
1129 1529442304.0
1130 1529442304.0
1131 1529442304.0
1132 1529442304.0
1133 1529442304.0
1134 1529442304.0
1135 1529442304.0
1136 1529442304.0
1137 1529442304.0
1138 1529442304.0
1139 1529442304.0
1140 1529442304.0
1141 1529442304.0
1142 1529442304.0
1143 1529442304.0
1144 1529442304.0
1145 1529442304.0
1146 1529442304.0
1147 1529442304.0
1148 1529442304.0
1149 1529442304.0
1150 1529442304.0
1151 1529442304.0
1152 1529442304.0
1153 1529442304.0
1154 1529442304.0
1155 1529442304.0
1156 1529442304.0
1157 1529442304.0
1158 1529442304.0
1159 1529442304.0
1160 1529442304.0
1161 1529442304.0
1162 1529442304.0
1163 1529442304.0
1164 1529442304.0
1165 1529442304.0
1166 1529442304.0
1167 1529442304.0
1168 1529442304.0
1169 1529442304.0
1170 1529442304.0
1171 1529442304.0
1172 1529442304.0
1173 1529442304.0
1174 1529442304.0
1175 1529442304.0
1176 1529442304.0
1177 1529442304.0
1178 1529442304.0
1179 1529442304.0
1180 1529442304.0
1181 1529442304.0
1182 1529442304.0
1183 1529442304.0
1184 1529442304.0
1185 1529442304.0
1186 1529442304.0
1187 1529442304.0
1188 1529442304.0
1189 1529442304.0
1190 1529442304.0
1191 1529442304.0
1192 1529442304.0
1193 1529442304.0
1194 1529442304.0
1195 1529442304.0
1196 1529442304.0
1197 1529442304.0
1198 1529442304.0
1199 1529442304.0
1200 1529442304.0
1201 1529442304.0
1202 1529442304.0
1203 1529442304.0
1204 1529442304.0
1205 1529442304.0
1206 1529442304.0
1207 1529442304.0
1208 1529442304.0
1209 1529442304.0
1210 1529442304.0
1211 1529442304.0
1212 1529442304.0
1213 1529442304.0
1214 1529442304.0
1215 1529442304.0
1216 1529442304.0
1217 1529442304.0
1218 1529442304.0
1219 1529442304.0
1220 1529442304.0
1221 1529442304.0
1222 1529442304.0
1223 1529442304.0
1224 1529442304.0
1225 1529442304.0
1226 1529442304.0
1227 1529442304.0
1228 1529442304.0
1229 1529442304.0
1230 1529442304.0
1231 1529442304.0
1232 1529442304.0
1233 1529442304.0
1234 1529442304.0
1235 1529442304.0
1236 1529442304.0
1237 1529442304.0
1238 1529442304.0
1239 1529442304.0
1240 1529442304.0
1241 1529442304.0
1242 1529442304.0
1243 1529442304.0
1244 1529442304.0
1245 1529442304.0
1246 1529442304.0
1247 1529442304.0
1248 1529442304.0
1249 1529442304.0
1250 1529442304.0
1251 1529442304.0
1252 1529442304.0
1253 1529442304.0
1254 1529442304.0
1255 1530490880.0
1256 1530490880.0
1257 1530490880.0
1258 1530490880.0
1259 1530490880.0
1260 1530490880.0
1261 1530490880.0
1262 1530490880.0
1263 1530490880.0
1264 1530490880.0
1265 1530490880.0
1266 1530490880.0
1267 1530490880.0
1268 1530490880.0
1269 1530490880.0
1270 1530490880.0
1271 1530490880.0
1272 1530490880.0
1273 1530490880.0
1274 1530490880.0
1275 1530490880.0
1276 1530490880.0
1277 1530490880.0
1278 1530490880.0
1279 1530490880.0
1280 1530490880.0
1281 1530490880.0
1282 1530490880.0
1283 1530490880.0
1284 1530490880.0
1285 1530490880.0
1286 1530490880.0
1287 1530490880.0
1288 1530490880.0
1289 1530490880.0
1290 1530490880.0
1291 1530490880.0
1292 1530490880.0
1293 1530490880.0
1294 1530490880.0
1295 1530490880.0
1296 1530490880.0
1297 1530490880.0
1298 1530490880.0
1299 1530490880.0
1300 1530490880.0
1301 1530490880.0
1302 1530490880.0
1303 1530490880.0
1304 1530490880.0
1305 1530490880.0
1306 1530490880.0
1307 1530490880.0
1308 1530490880.0
1309 1530490880.0
1310 1530490880.0
1311 1530490880.0
1312 1530490880.0
1313 1530490880.0
1314 1530490880.0
1315 1530490880.0
1316 1530490880.0
1317 1530490880.0
1318 1530490880.0
1319 1530490880.0
1320 1530490880.0
1321 1530490880.0
1322 1530490880.0
1323 1530490880.0
1324 1530490880.0
1325 1530490880.0
1326 1530490880.0
1327 1530490880.0
1328 1530490880.0
1329 1530490880.0
1330 1530490880.0
1331 1530490880.0
1332 1530490880.0
1333 1530490880.0
1334 1530490880.0
1335 1530490880.0
1336 1530490880.0
1337 1530490880.0
1338 1530490880.0
1339 1530490880.0
1340 1530490880.0
1341 1530490880.0
1342 1530490880.0
1343 1530490880.0
1344 1530490880.0
1345 1530490880.0
1346 1530490880.0
1347 1530490880.0
1348 1530490880.0
1349 1530490880.0
1350 1530490880.0
1351 1530490880.0
1352 1530490880.0
1353 1530490880.0
1354 1530490880.0
1355 2605281280.0
1356 2605281280.0
1357 2605281280.0
1358 2605281280.0
1359 2605281280.0
1360 2605281280.0
1361 2605281280.0
1362 2605281280.0
1363 2605281280.0
1364 2605281280.0
1365 2605281280.0
1366 2605281280.0
1367 2605281280.0
1368 2605281280.0
1369 2605281280.0
1370 2605281280.0
1371 2605281280.0
1372 2605281280.0
1373 2605281280.0
1374 2605281280.0
1375 2605281280.0
1376 2605281280.0
1377 2605281280.0
1378 2605281280.0
1379 2605281280.0
1380 2605281280.0
1381 2605281280.0
1382 2605281280.0
1383 2605281280.0
1384 2605281280.0
1385 2605281280.0
1386 2605281280.0
1387 2605281280.0
1388 2605281280.0
1389 2605281280.0
1390 2605281280.0
1391 2605281280.0
1392 2605281280.0
1393 2605281280.0
1394 2605281280.0
1395 2605281280.0
1396 2605281280.0
1397 2605281280.0
1398 2605281280.0
1399 2606333952.0
1400 2606333952.0
1401 2606333952.0
1402 2606333952.0
1403 2606333952.0
1404 2606333952.0
1405 2606333952.0
1406 2606333952.0
1407 2606333952.0
1408 2606333952.0
1409 2606333952.0
1410 2606333952.0
1411 2606333952.0
1412 2606333952.0
1413 2606333952.0
1414 2606333952.0
1415 2606333952.0
1416 2606333952.0
1417 2606333952.0
1418 2606333952.0
1419 2606333952.0
1420 2606333952.0
1421 2606333952.0
1422 2606333952.0
1423 2606333952.0
1424 2606333952.0
1425 2606333952.0
1426 2606333952.0
1427 2606333952.0
1428 2606333952.0
1429 2606333952.0
1430 2606333952.0
1431 2606333952.0
1432 2606333952.0
1433 2606333952.0
1434 2606333952.0
1435 2606333952.0
1436 2606333952.0
1437 2606333952.0
1438 2606333952.0
1439 2608435200.0
1440 2608435200.0
1441 2608435200.0
1442 2608435200.0
1443 2608435200.0
1444 2608435200.0
1445 2608435200.0
1446 2608435200.0
1447 2608435200.0
1448 2608435200.0
1449 2608435200.0
1450 2608435200.0
1451 2608435200.0
1452 2608435200.0
1453 2608435200.0
1454 2608435200.0
1455 2608435200.0
1456 2608435200.0
1457 2608435200.0
1458 2608435200.0
1459 2608435200.0
1460 2608435200.0
1461 2608435200.0
1462 2608435200.0
1463 2608435200.0
1464 2608435200.0
1465 2608435200.0
1466 2609483776.0
1467 2609483776.0
1468 2609483776.0
1469 2609483776.0
1470 2609483776.0
1471 2609483776.0
1472 2609483776.0
1473 2609483776.0
1474 2609483776.0
1475 2609483776.0
1476 2609483776.0
1477 2609483776.0
1478 2609483776.0
1479 2609483776.0
1480 2609483776.0
1481 2609483776.0
1482 2609483776.0
1483 2609483776.0
1484 2609483776.0
1485 2609483776.0
1486 2609483776.0
1487 2609483776.0
1488 2609483776.0
1489 2609483776.0
1490 2609483776.0
1491 2609483776.0
1492 2609483776.0
1493 2609483776.0
1494 2609483776.0
1495 2609483776.0
1496 2609483776.0
1497 2609483776.0
1498 2609483776.0
1499 2609483776.0
1500 2609483776.0
1501 2609483776.0
1502 2609483776.0
1503 2609483776.0
1504 2609483776.0
1505 2609483776.0
1506 2609483776.0
1507 2609483776.0
1508 2609483776.0
1509 2609483776.0
1510 2609483776.0
1511 2609483776.0
1512 2609483776.0
1513 2609483776.0
1514 2609483776.0
1515 2609483776.0
1516 2609483776.0
1517 2609483776.0
1518 2609483776.0
1519 2609483776.0
1520 2609483776.0
1521 2609483776.0
1522 2609483776.0
1523 2609483776.0
1524 2609483776.0
1525 2609483776.0
1526 2609483776.0
1527 2609483776.0
1528 2609483776.0
1529 2609483776.0
1530 2609483776.0
1531 2609483776.0
1532 2609483776.0
1533 2609483776.0
1534 2609483776.0
1535 2609483776.0
1536 2609483776.0
1537 2609483776.0
1538 2609483776.0
1539 2609483776.0
1540 2609483776.0
1541 2609483776.0
1542 2609483776.0
1543 2609483776.0
1544 2609483776.0
1545 2609483776.0
1546 2609483776.0
1547 2609483776.0
1548 2609483776.0
1549 2609483776.0
1550 2609483776.0
1551 2609483776.0
1552 2609483776.0
1553 2609483776.0
1554 2609483776.0
1555 2609483776.0
1556 2609483776.0
1557 2609483776.0
1558 2609483776.0
1559 2609483776.0
1560 2609483776.0
1561 2609483776.0
1562 2609483776.0
1563 2609483776.0
1564 2609483776.0
1565 2609483776.0
1566 2609483776.0
1567 2609483776.0
1568 2609483776.0
1569 2609483776.0
1570 2609483776.0
1571 2609483776.0
1572 2609483776.0
1573 2609483776.0
1574 2609483776.0
1575 2609483776.0
1576 2609483776.0
1577 2609483776.0
1578 2609483776.0
1579 2609483776.0
1580 2609483776.0
1581 2609483776.0
1582 2609483776.0
1583 2609483776.0
1584 2609483776.0
1585 2609483776.0
1586 2609483776.0
1587 2609483776.0
1588 2609483776.0
1589 2609483776.0
1590 2609483776.0
1591 2609483776.0
1592 2609483776.0
1593 2609483776.0
1594 2609483776.0
1595 2609483776.0
1596 2609483776.0
1597 2609483776.0
1598 2609483776.0
1599 2609483776.0
1600 2609483776.0
1601 2609483776.0
1602 2609483776.0
1603 2609483776.0
1604 2609483776.0
1605 2609483776.0
1606 2609483776.0
1607 2609483776.0
1608 2609483776.0
1609 2609483776.0
1610 2609483776.0
1611 2609483776.0
1612 2609483776.0
1613 2609483776.0
1614 2609483776.0
1615 2609483776.0
1616 2609483776.0
1617 2609483776.0
1618 2609483776.0
1619 2609483776.0
1620 2609483776.0
1621 2609483776.0
1622 2609483776.0
1623 2609483776.0
1624 2609483776.0
1625 2609483776.0
1626 2609483776.0
1627 2609483776.0
1628 2609483776.0
1629 2609483776.0
1630 2609483776.0
1631 2609483776.0
1632 2609483776.0
1633 2609483776.0
1634 2609483776.0
1635 2609483776.0
1636 2609483776.0
1637 2609483776.0
1638 2609483776.0
1639 2609483776.0
1640 2609483776.0
1641 2609483776.0
1642 2609483776.0
1643 2609483776.0
1644 2609483776.0
1645 2609483776.0
1646 2609483776.0
1647 2609483776.0
1648 2609483776.0
1649 2609483776.0
1650 2609483776.0
1651 2609483776.0
1652 2609483776.0
1653 2609483776.0
1654 2609483776.0
1655 2609483776.0
1656 2609483776.0
1657 2610532352.0
1658 2610532352.0
1659 2610532352.0
1660 2610532352.0
1661 2610532352.0
1662 2610532352.0
1663 2610532352.0
1664 2610532352.0
1665 2610532352.0
1666 2610532352.0
1667 2610532352.0
1668 2610532352.0
1669 2610532352.0
1670 2610532352.0
1671 2610532352.0
1672 2610532352.0
1673 2610532352.0
1674 2610532352.0
1675 2610532352.0
1676 2610532352.0
1677 2610532352.0
1678 2610532352.0
1679 2610532352.0
1680 2610532352.0
1681 2610532352.0
1682 2610532352.0
1683 2610532352.0
1684 2610532352.0
1685 2610532352.0
1686 2610532352.0
1687 2610532352.0
1688 2610532352.0
1689 2610532352.0
1690 2610532352.0
1691 2610532352.0
1692 2610532352.0
1693 2610532352.0
1694 2610532352.0
1695 2610532352.0
1696 2610532352.0
1697 2610532352.0
1698 2610532352.0
1699 2610532352.0
1700 2610532352.0
1701 2610532352.0
1702 2610532352.0
1703 2610532352.0
1704 2610532352.0
1705 2610532352.0
1706 2610532352.0
1707 2610532352.0
1708 2610532352.0
1709 2610532352.0
1710 2610532352.0
1711 2610532352.0
1712 2610532352.0
1713 2610532352.0
1714 2610532352.0
1715 2610532352.0
1716 2610532352.0
1717 2610532352.0
1718 2610532352.0
1719 2610532352.0
1720 2610532352.0
1721 2610532352.0
1722 2610532352.0
1723 2610532352.0
1724 2610532352.0
1725 2610532352.0
1726 2610532352.0
1727 2610532352.0
1728 2610532352.0
1729 2610532352.0
1730 2610532352.0
1731 2610532352.0
1732 2610532352.0
1733 2610532352.0
1734 2610532352.0
1735 2610532352.0
1736 2610532352.0
1737 2610532352.0
1738 2610532352.0
1739 2610532352.0
1740 2610532352.0
1741 2610532352.0
1742 2610532352.0
1743 2610532352.0
1744 2610532352.0
1745 2610532352.0
1746 2610532352.0
1747 2610532352.0
1748 2610532352.0
1749 2610532352.0
1750 2610532352.0
1751 2610532352.0
1752 2610532352.0
1753 2610532352.0
1754 2610532352.0
1755 2610532352.0
1756 2610532352.0
1757 2610532352.0
1758 2610532352.0
1759 2610532352.0
1760 2610532352.0
1761 2610532352.0
1762 2610532352.0
1763 2610532352.0
1764 2610532352.0
1765 2610532352.0
1766 2610532352.0
1767 2610532352.0
1768 2610532352.0
1769 2610532352.0
1770 2610532352.0
1771 2610532352.0
1772 2610532352.0
1773 2610532352.0
1774 2610532352.0
1775 2610532352.0
1776 2610532352.0
1777 2610532352.0
1778 2610532352.0
1779 2610532352.0
1780 2610532352.0
1781 2610532352.0
1782 2610532352.0
1783 2610532352.0
1784 2610532352.0
1785 2610532352.0
1786 2610532352.0
1787 2610532352.0
1788 2610532352.0
1789 2610532352.0
1790 2610532352.0
1791 2610532352.0
1792 2610532352.0
1793 2610532352.0
1794 2610532352.0
1795 2610532352.0
1796 2610532352.0
1797 2610532352.0
1798 2610532352.0
1799 2610532352.0
1800 2610532352.0
1801 2610532352.0
1802 2610532352.0
1803 2610532352.0
1804 2610532352.0
1805 2610532352.0
1806 2610532352.0
1807 2610532352.0
1808 2610532352.0
1809 2610532352.0
1810 2610532352.0
1811 2610532352.0
1812 2610532352.0
1813 2610532352.0
1814 2610532352.0
1815 2610532352.0
1816 2610532352.0
1817 2610532352.0
1818 2610532352.0
1819 2610532352.0
1820 2610532352.0
1821 2610532352.0
1822 2610532352.0
1823 2610532352.0
1824 2610532352.0
1825 2610532352.0
1826 2610532352.0
1827 2610532352.0
1828 2610532352.0
1829 2610532352.0
1830 2610532352.0
1831 2610532352.0
1832 2610532352.0
1833 2610532352.0
1834 2610532352.0
1835 2610532352.0
1836 2610532352.0
1837 2610532352.0
1838 2610532352.0
1839 2610532352.0
1840 2610532352.0
1841 2610532352.0
1842 2610532352.0
1843 2610532352.0
1844 2610532352.0
1845 2610532352.0
1846 2610532352.0
1847 2610532352.0
1848 2610532352.0
1849 2610532352.0
1850 2610532352.0
1851 2610532352.0
1852 2610532352.0
1853 2610532352.0
1854 2610532352.0
1855 2610532352.0
1856 2610532352.0
1857 2610532352.0
1858 2610532352.0
1859 2610532352.0
1860 2610532352.0
1861 2610532352.0
1862 2610532352.0
