0 0.0
1 326.6
2 585.0
3 581.1
4 595.0
5 503.0
6 0.0
7 0.0
8 1.0
9 0.0
10 1.0
11 0.0
12 0.0
13 0.0
14 1.0
15 301.9
16 543.4
17 278.0
18 45.0
19 0.0
20 0.0
21 1.0
22 0.0
23 0.0
24 0.0
25 0.0
26 0.0
27 0.0
28 0.0
29 0.0
30 0.0
31 1.0
32 0.0
33 0.0
34 0.0
35 0.0
36 1.0
37 0.0
38 0.0
39 0.0
40 0.0
41 0.0
42 0.0
43 0.0
44 0.0
45 1.0
46 0.0
47 0.0
48 0.0
49 0.0
50 1.0
51 0.0
52 1.0
53 0.0
54 0.0
55 0.0
56 0.0
57 1.0
58 0.0
59 0.0
60 0.0
61 0.0
62 0.0
63 0.0
64 0.0
65 1.0
66 0.0
67 0.0
68 66.1
69 70.0
70 11.0
71 4.0
72 9.0
73 3.0
74 4.0
75 5.0
76 8.0
77 3.0
78 4.0
79 19.0
80 3.0
81 3.0
82 6.0
83 17.0
84 10.0
85 7.0
86 8.0
87 3.0
88 18.0
89 13.0
90 5.0
91 9.0
92 9.0
93 7.0
94 9.0
95 3.0
96 2.0
97 2.0
98 4.0
99 12.0
100 3.0
101 3.0
102 12.0
103 3.0
104 9.0
105 3.0
106 4.0
107 3.0
108 3.0
109 8.0
110 2.0
111 2.0
112 3.0
113 2.0
114 4.0
115 2.0
116 4.0
117 13.0
118 6.0
119 8.0
120 2.0
121 3.0
122 2.0
123 3.0
124 9.0
125 4.0
126 3.0
127 2.0
128 3.0
129 12.0
130 4.0
131 4.0
132 3.0
133 5.0
134 7.0
135 3.0
136 3.0
137 3.0
138 4.0
139 11.0
140 3.0
141 3.0
142 3.0
143 3.0
144 5.0
145 3.0
146 5.0
147 2.0
148 3.0
149 11.0
150 3.0
151 3.0
152 3.0
153 3.0
154 10.0
155 5.0
156 4.0
157 4.0
158 7.0
159 11.0
160 4.0
161 3.0
162 4.0
163 2.0
164 6.0
165 3.0
166 5.0
167 4.0
168 4.0
169 8.0
170 3.0
171 3.0
172 3.0
173 3.0
174 5.0
175 2.0
176 3.0
177 4.0
178 4.0
179 14.0
180 3.0
181 4.0
182 2.0
183 3.0
184 6.0
185 3.0
186 3.0
187 3.0
188 3.0
189 9.0
190 5.0
191 4.0
192 5.0
193 5.0
194 5.0
195 5.0
196 5.0
197 5.0
198 4.0
199 13.0
200 4.0
201 5.0
202 4.0
203 5.0
204 5.0
205 12.0
206 3.0
207 5.0
208 4.0
209 9.0
210 3.0
211 4.0
212 9.0
213 7.0
214 6.0
215 4.0
216 4.0
217 3.0
218 5.0
219 10.0
220 5.0
221 5.0
222 5.0
223 4.0
224 8.0
225 3.0
226 6.0
227 3.0
228 5.0
229 9.0
230 4.0
231 4.0
232 3.0
233 5.0
234 7.0
235 4.0
236 4.0
237 4.0
238 4.0
239 10.0
240 6.0
241 4.0
242 4.0
243 4.0
244 13.0
245 11.0
246 4.0
247 5.0
248 4.0
249 10.0
250 7.0
251 4.0
252 5.0
253 5.0
254 6.0
255 6.0
256 5.0
257 5.0
258 5.0
259 6.0
260 17.0
261 4.0
262 5.0
263 5.0
264 9.0
265 17.0
266 5.0
267 7.0
268 6.0
269 5.0
270 12.0
271 5.0
272 5.0
273 4.0
274 6.0
275 6.0
276 5.0
277 6.0
278 7.0
279 4.0
280 11.0
281 6.0
282 4.0
283 5.0
284 5.0
285 9.0
286 5.0
287 5.0
288 6.0
289 5.0
290 13.0
291 5.0
292 4.0
293 6.0
294 4.0
295 14.0
296 4.0
297 5.0
298 6.0
299 5.0
300 11.0
301 4.0
302 6.0
303 4.0
304 6.0
305 5.0
306 5.0
307 6.0
308 5.0
309 5.0
310 13.0
311 6.0
312 6.0
313 5.0
314 6.0
315 7.0
316 5.0
317 6.0
318 8.0
319 6.0
320 13.0
321 6.0
322 6.0
323 6.0
324 6.0
325 11.0
326 5.0
327 8.0
328 6.0
329 6.0
330 14.0
331 6.0
332 5.0
333 6.0
334 7.0
335 7.0
336 6.0
337 7.0
338 6.0
339 6.0
340 15.0
341 5.0
342 6.0
343 6.0
344 7.0
345 12.0
346 6.0
347 6.0
348 6.0
349 6.0
350 21.0
351 7.0
352 5.0
353 7.0
354 7.0
355 7.0
356 7.0
357 6.0
358 7.0
359 5.0
360 15.0
361 6.0
362 5.0
363 7.0
364 7.0
365 8.0
366 7.0
367 6.0
368 6.0
369 6.0
370 15.0
371 7.0
372 7.0
373 7.0
374 7.0
375 9.0
376 8.0
377 7.0
378 7.0
379 8.0
380 85.0
381 7.0
382 7.0
383 7.0
384 8.0
385 10.0
386 6.0
387 8.0
388 6.0
389 14.0
390 16.0
391 18.0
392 7.0
393 7.0
394 6.0
395 14.0
396 8.0
397 7.0
398 6.0
399 9.0
400 13.0
401 9.0
402 7.0
403 7.0
404 7.0
405 10.0
406 8.0
407 7.0
408 7.0
409 7.0
410 13.0
411 12.0
412 7.0
413 6.0
414 7.0
415 8.0
416 8.0
417 7.0
418 7.0
419 8.0
420 8.0
421 15.0
422 8.0
423 6.0
424 8.0
425 8.0
426 9.0
427 7.0
428 7.0
429 7.0
430 8.0
431 46.0
432 11.0
433 16.0
434 0.0
435 21.0
436 0.0
437 23.0
438 0.0
439 0.0
440 36.0
441 0.0
442 15.0
443 0.0
444 8.0
445 6.0
446 14.0
447 7.0
448 7.0
449 12.0
450 8.0
451 16.0
452 6.0
453 8.0
454 7.0
455 9.0
456 7.0
457 8.0
458 7.0
459 6.0
460 8.0
461 29.0
462 5.0
463 7.0
464 7.0
465 8.0
466 8.0
467 7.0
468 7.0
469 9.0
470 8.0
471 30.0
472 8.0
473 7.0
474 6.0
475 9.0
476 6.0
477 7.0
478 7.0
479 6.0
480 8.0
481 14.0
482 8.0
483 9.0
484 6.0
485 8.0
486 9.0
487 8.0
488 6.0
489 8.0
490 9.0
491 14.0
492 13.0
493 8.0
494 7.0
495 14.0
496 9.0
497 9.0
498 7.0
499 9.0
500 21.0
501 11.0
502 53.0
503 12.0
504 10.0
505 18.0
506 12.0
507 13.0
508 9.0
509 6.0
510 10.0
511 21.0
512 17.0
513 7.0
514 8.0
515 9.0
516 9.0
517 8.0
518 7.0
519 8.0
520 8.0
521 8.0
522 19.0
523 7.0
524 8.0
525 10.0
526 8.0
527 8.0
528 6.0
529 8.0
530 10.0
531 7.0
532 18.0
533 12.0
534 7.0
535 11.0
536 7.0
537 4.0
538 6.0
539 8.0
540 9.0
541 8.0
542 17.0
543 7.0
544 8.0
545 9.0
546 9.0
547 9.0
548 8.0
549 6.0
550 7.0
551 9.0
552 14.0
553 6.0
554 7.0
555 9.0
556 8.0
557 6.0
558 6.0
559 6.0
560 8.0
561 7.0
562 16.0
563 6.0
564 7.0
565 10.0
566 9.0
567 11.0
568 5.0
569 10.0
570 7.0
571 9.0
572 13.0
573 7.0
574 7.0
575 8.0
576 7.0
577 7.0
578 9.0
579 6.0
580 7.0
581 7.0
582 13.0
583 9.0
584 6.0
585 8.0
586 9.0
587 7.0
588 6.0
589 6.0
590 7.0
591 8.0
592 14.0
593 6.0
594 9.0
595 6.0
596 7.0
597 19.0
598 23.0
599 6.0
600 9.0
601 10.0
602 11.0
603 9.0
604 7.0
605 0.0
606 14.0
607 0.0
608 8.0
609 2.0
610 7.0
611 7.0
612 6.0
613 13.0
614 5.0
615 6.0
616 13.0
617 5.0
618 6.0
619 4.0
620 5.0
621 8.0
622 5.0
623 13.0
624 9.0
625 4.0
626 6.0
627 6.0
628 4.0
629 5.0
630 7.0
631 7.0
632 5.0
633 23.0
634 8.0
635 6.0
636 6.0
637 7.0
638 5.0
639 6.0
640 5.0
641 6.0
642 7.0
643 12.0
644 6.0
645 5.0
646 6.0
647 6.0
648 5.0
649 5.0
650 6.0
651 9.0
652 9.0
653 8.0
654 7.0
655 9.0
656 8.0
657 0.0
658 12.0
659 0.0
660 9.0
661 0.0
662 11.0
663 14.0
664 6.0
665 4.0
666 10.0
667 5.0
668 5.0
669 5.0
670 4.0
671 8.0
672 5.0
673 14.0
674 6.0
675 4.0
676 4.0
677 4.0
678 6.0
679 5.0
680 5.0
681 5.0
682 4.0
683 4.0
684 6.0
685 7.0
686 7.0
687 6.0
688 5.0
689 8.0
690 0.0
691 14.0
692 0.0
693 13.0
694 0.0
695 0.0
696 11.0
697 0.0
698 9.0
699 0.0
700 8.0
701 0.0
702 12.0
703 0.0
704 12.0
705 0.0
706 0.0
707 16.0
708 0.0
709 0.0
710 0.0
711 14.0
712 0.0
713 10.0
714 0.0
715 8.0
716 0.0
717 6.0
718 4.0
719 4.0
720 3.0
721 3.0
722 5.0
723 10.0
724 4.0
725 5.0
726 7.0
727 6.0
728 4.0
729 3.0
730 4.0
731 5.0
732 4.0
733 8.0
734 4.0
735 3.0
736 3.0
737 5.0
738 4.0
739 4.0
740 3.0
741 4.0
742 4.0
743 5.0
744 3.0
745 4.0
746 4.0
747 5.0
748 3.0
749 4.0
750 3.0
751 4.0
752 4.0
753 9.0
754 4.0
755 4.0
756 4.0
757 6.0
758 6.0
759 0.0
760 12.0
761 0.0
762 0.0
763 19.0
764 0.0
765 12.0
766 0.0
767 0.0
768 14.0
769 0.0
770 0.0
771 0.0
772 0.0
773 22.0
774 0.0
775 0.0
776 0.0
777 0.0
778 10.0
779 0.0
780 0.0
781 7.0
782 2.0
783 6.0
784 4.0
785 4.0
786 6.0
787 4.0
788 4.0
789 5.0
790 2.0
791 5.0
792 6.0
793 5.0
794 5.0
795 4.0
796 8.0
797 4.0
798 4.0
799 3.0
800 3.0
801 4.0
802 3.0
803 3.0
804 4.0
805 2.0
806 3.0
807 3.0
808 3.0
809 2.0
810 2.0
811 5.0
812 4.0
813 2.0
814 4.0
815 2.0
816 3.0
817 4.0
818 3.0
819 3.0
820 4.0
821 2.0
822 4.0
823 4.0
824 4.0
825 2.0
826 2.0
827 4.0
828 1.0
829 3.0
830 3.0
831 2.0
832 3.0
833 2.0
834 5.0
835 5.0
836 3.0
837 4.0
838 6.0
839 0.0
840 8.0
841 0.0
842 0.0
843 16.0
844 6.0
845 4.0
846 3.0
847 1.0
848 1.0
849 2.0
850 1.0
851 2.0
852 1.0
853 2.0
854 2.0
855 5.0
856 2.0
857 1.0
858 2.0
859 0.0
860 3.0
861 0.0
862 0.0
863 0.0
864 0.0
865 0.0
866 0.0
867 0.0
868 0.0
869 0.0
870 1.0
871 0.0
872 0.0
873 0.0
874 0.0
875 1.0
876 1.0
877 0.0
878 0.0
879 0.0
880 0.0
881 0.0
882 0.0
883 0.0
884 0.0
885 0.0
886 0.0
887 0.0
888 0.0
889 0.0
890 1.0
891 0.0
892 0.0
893 0.0
894 1.0
895 0.0
896 0.0
897 0.0
898 0.0
899 0.0
900 0.0
901 0.0
902 0.0
903 0.0
904 0.0
905 1.0
906 0.0
907 0.0
908 0.0
909 0.0
910 1.0
911 0.0
912 0.0
913 0.0
914 0.0
915 0.0
916 0.0
917 0.0
918 0.0
919 0.0
920 1.0
921 0.0
922 0.0
923 0.0
924 0.0
