0 0.0
1 12.0
2 0.0
3 0.0
4 0.0
5 0.0
6 0.0
7 0.0
8 0.0
9 0.0
10 0.0
11 0.0
12 0.0
13 0.0
14 0.0
15 0.0
16 0.0
17 0.0
18 0.0
19 0.0
20 0.0
21 0.0
22 0.0
23 0.0
24 0.0
25 0.0
26 0.0
27 0.0
28 0.0
29 0.0
30 0.0
31 0.0
32 0.0
33 0.0
34 0.0
35 0.0
36 0.0
37 0.0
38 0.0
39 0.0
40 0.0
41 0.0
42 0.0
43 0.0
44 0.0
45 0.0
46 0.0
47 0.0
48 0.0
49 0.0
50 0.0
51 0.0
52 0.0
53 0.0
54 0.0
55 0.0
56 0.0
57 0.0
58 0.0
59 0.0
60 0.0
61 0.0
62 0.0
63 0.0
64 0.0
65 0.0
66 0.0
67 0.0
68 39.0
69 101.0
70 134.0
71 143.0
72 135.0
73 135.1
74 138.8
75 134.1
76 134.0
77 134.0
78 134.9
79 138.0
80 125.1
81 134.1
82 146.8
83 139.0
84 123.0
85 121.0
86 122.0
87 126.0
88 126.1
89 131.9
90 128.0
91 127.0
92 130.1
93 137.8
94 133.0
95 139.1
96 141.0
97 141.9
98 133.0
99 135.0
100 133.0
101 130.0
102 135.0
103 134.0
104 131.0
105 133.0
106 134.0
107 132.0
108 133.0
109 142.0
110 133.0
111 145.0
112 146.0
113 162.1
114 179.0
115 134.9
116 131.0
117 139.1
118 138.0
119 139.0
120 135.0
121 140.0
122 140.0
123 150.0
124 150.8
125 137.0
126 143.1
127 135.9
128 151.0
129 214.0
130 212.0
131 223.2
132 216.9
133 223.9
134 216.0
135 215.2
136 207.8
137 216.1
138 220.1
139 228.8
140 215.1
141 216.0
142 217.9
143 211.1
144 210.0
145 201.1
146 209.0
147 201.0
148 198.0
149 219.0
150 221.0
151 213.0
152 210.0
153 234.9
154 215.9
155 200.1
156 203.1
157 198.9
158 202.0
159 213.0
160 200.2
161 197.0
162 194.8
163 210.0
164 203.2
165 202.0
166 206.0
167 208.9
168 207.1
169 220.0
170 216.0
171 208.9
172 209.1
173 217.9
174 209.1
175 215.0
176 215.8
177 210.2
178 205.0
179 219.0
180 210.0
181 208.0
182 208.0
183 212.9
184 218.9
185 213.1
186 218.0
187 211.0
188 246.0
189 280.0
190 360.0
191 317.0
192 326.9
193 335.1
194 326.0
195 320.2
196 315.8
197 325.0
198 314.0
199 335.7
200 313.2
201 304.1
202 296.9
203 294.1
204 293.8
205 291.3
206 308.9
207 312.1
208 310.9
209 345.0
210 337.1
211 337.7
212 333.4
213 328.7
214 327.0
215 320.0
216 298.8
217 318.3
218 306.0
219 319.3
220 316.4
221 310.3
222 313.0
223 326.0
224 317.0
225 313.0
226 316.0
227 314.0
228 340.0
229 332.0
230 330.0
231 318.0
232 320.0
233 314.0
234 320.1
235 315.9
236 315.0
237 317.8
238 341.2
239 332.9
240 327.1
241 317.0
242 321.8
243 323.2
244 338.0
245 321.0
246 334.0
247 332.0
248 370.8
249 391.1
250 457.0
251 441.1
252 453.6
253 462.1
254 443.1
255 432.0
256 445.0
257 429.0
258 418.8
259 425.2
260 423.0
261 415.0
262 431.6
263 401.4
264 409.6
265 428.1
266 417.2
267 402.0
268 403.0
269 393.8
270 422.0
271 396.2
272 401.0
273 406.0
274 400.8
275 401.2
276 401.0
277 405.0
278 395.0
279 421.7
280 425.3
281 403.0
282 416.9
283 427.1
284 400.3
285 398.8
286 412.9
287 404.0
288 395.0
289 396.0
290 409.6
291 412.4
292 396.0
293 396.0
294 411.0
295 416.0
296 410.0
297 479.8
298 450.2
299 449.0
300 464.0
301 495.0
302 450.0
303 438.0
304 449.0
305 441.7
306 438.3
307 465.0
308 533.0
309 751.0
310 600.0
311 588.1
312 545.8
313 561.5
314 576.3
315 548.9
316 561.3
317 581.0
318 586.1
319 553.0
320 560.0
321 572.0
322 519.0
323 492.0
324 494.3
325 511.8
326 518.2
327 509.7
328 504.1
329 519.4
330 540.6
331 517.0
332 563.0
333 532.0
334 546.0
335 576.0
336 582.3
337 578.8
338 595.0
339 593.5
340 591.5
341 552.2
342 545.8
343 550.2
344 526.1
345 524.7
346 550.0
347 556.0
348 547.0
349 542.3
350 588.7
351 565.4
352 563.6
353 595.1
354 563.9
355 565.0
356 573.3
357 614.6
358 660.0
359 638.0
360 604.8
361 603.2
362 570.2
363 554.7
364 534.0
365 556.0
366 535.0
367 575.0
368 646.0
369 693.7
370 677.2
371 642.0
372 661.1
373 660.0
374 648.0
375 633.7
376 624.3
377 636.0
378 606.0
379 607.0
380 679.0
381 630.0
382 614.0
383 599.7
384 630.3
385 624.2
386 631.8
387 629.0
388 627.3
389 610.8
390 636.0
391 626.0
392 624.0
393 628.7
394 608.3
395 607.0
396 631.0
397 617.7
398 647.3
399 653.9
400 663.2
401 665.9
402 659.0
403 647.9
404 664.0
405 643.1
406 682.0
407 680.0
408 661.9
409 688.1
410 686.0
411 662.9
412 687.0
413 673.0
414 673.0
415 707.8
416 712.2
417 678.1
418 699.6
419 666.2
420 656.8
421 692.3
422 690.7
423 674.4
424 688.0
425 670.0
426 691.0
427 679.9
428 738.6
429 709.4
430 848.1
431 725.0
432 711.0
433 697.0
434 699.9
435 678.1
436 673.0
437 673.0
438 682.3
439 679.8
440 689.0
441 719.0
442 699.0
443 687.9
444 673.1
445 671.0
446 702.0
447 687.0
448 682.0
449 712.9
450 814.1
451 819.0
452 765.0
453 755.0
454 776.6
455 717.4
456 681.0
457 710.0
458 694.0
459 725.6
460 653.3
461 682.7
462 656.4
463 666.0
464 673.0
465 656.0
466 660.0
467 656.0
468 669.1
469 653.9
470 663.3
471 762.7
472 783.0
473 750.0
474 744.9
475 822.0
476 697.1
477 707.0
478 720.0
479 694.0
480 762.0
481 764.0
482 816.0
483 830.0
484 835.0
485 828.0
486 849.0
487 671.0
488 637.0
489 627.0
490 644.0
491 658.1
492 663.9
493 654.0
494 652.7
495 643.2
496 629.1
497 654.0
498 676.0
499 661.0
500 658.1
501 668.0
502 691.0
503 666.0
504 654.1
505 656.0
506 652.0
507 625.0
508 635.8
509 632.2
510 642.0
511 663.9
512 673.1
513 631.0
514 636.0
515 646.9
516 633.0
517 630.0
518 632.0
519 654.0
520 638.0
521 673.0
522 674.0
523 662.4
524 658.5
525 650.1
526 646.0
527 634.0
528 653.6
529 653.4
530 663.0
531 640.0
532 648.9
533 658.2
534 654.0
535 647.7
536 652.3
537 636.0
538 646.9
539 656.1
540 648.0
541 620.9
542 645.1
543 678.0
544 646.0
545 638.0
546 630.9
547 555.1
548 515.0
549 545.0
550 546.0
551 542.8
552 564.2
553 537.0
554 529.1
555 511.9
556 520.0
557 528.0
558 531.0
559 544.0
560 527.0
561 521.0
562 548.0
563 509.0
564 535.1
565 522.0
566 541.0
567 513.0
568 514.0
569 527.0
570 542.4
571 537.3
572 549.2
573 546.1
574 529.0
575 528.3
576 562.8
577 517.5
578 529.4
579 557.0
580 542.0
581 549.0
582 534.0
583 532.7
584 545.4
585 546.0
586 520.0
587 537.1
588 535.0
589 537.0
590 520.0
591 526.0
592 547.0
593 524.1
594 535.9
595 521.0
596 543.0
597 539.0
598 535.0
599 516.0
600 538.0
601 540.0
602 528.0
603 527.0
604 518.0
605 513.0
606 513.0
607 449.0
608 418.9
609 426.1
610 415.0
611 426.0
612 416.0
613 454.3
614 440.7
615 443.0
616 437.0
617 416.0
618 450.0
619 438.1
620 437.9
621 423.0
622 419.0
623 450.2
624 447.8
625 430.0
626 436.9
627 408.1
628 422.9
629 423.1
630 415.6
631 449.4
632 466.0
633 454.0
634 451.0
635 415.0
636 419.0
637 427.0
638 426.0
639 424.0
640 424.1
641 435.0
642 439.7
643 455.0
644 440.2
645 449.0
646 455.0
647 429.0
648 429.0
649 431.0
650 437.0
651 424.0
652 432.0
653 451.0
654 433.3
655 469.7
656 447.3
657 429.8
658 420.2
659 446.8
660 428.0
661 433.0
662 427.3
663 435.7
664 437.0
665 436.9
666 443.1
667 346.0
668 314.0
669 338.8
670 330.2
671 321.9
672 328.0
673 316.0
674 324.0
675 309.0
676 308.9
677 312.8
678 302.3
679 342.0
680 309.0
681 315.1
682 315.8
683 336.2
684 317.7
685 311.2
686 316.0
687 303.1
688 298.8
689 311.1
690 303.2
691 308.7
692 318.2
693 328.9
694 328.0
695 299.2
696 302.8
697 304.0
698 299.0
699 300.0
700 305.0
701 314.0
702 338.0
703 321.1
704 293.9
705 309.0
706 309.0
707 316.0
708 303.0
709 324.0
710 311.0
711 325.0
712 328.0
713 324.9
714 310.1
715 303.6
716 314.4
717 318.1
718 302.0
719 306.7
720 304.3
721 307.0
722 311.0
723 329.0
724 307.0
725 356.3
726 355.8
727 242.9
728 231.9
729 237.1
730 229.0
731 226.9
732 235.0
733 239.0
734 230.0
735 235.2
736 218.9
737 227.1
738 230.8
739 244.1
740 221.1
741 225.0
742 227.9
743 247.0
744 220.0
745 222.9
746 237.1
747 234.1
748 224.8
749 224.1
750 220.0
751 217.9
752 219.0
753 231.1
754 215.1
755 218.1
756 220.0
757 222.0
758 211.1
759 211.8
760 227.0
761 219.0
762 210.1
763 223.1
764 221.1
765 227.9
766 229.0
767 236.0
768 212.1
769 210.9
770 208.9
771 211.0
772 218.0
773 219.3
774 215.7
775 207.1
776 214.8
777 221.2
778 218.0
779 218.8
780 221.0
781 211.1
782 220.0
783 224.2
784 228.0
785 210.8
786 215.0
787 163.1
788 136.9
789 136.0
790 145.0
791 136.0
792 136.0
793 133.0
794 164.0
795 141.1
796 143.9
797 145.0
798 146.1
799 139.9
800 147.0
801 139.0
802 140.1
803 147.9
804 143.2
805 139.8
806 136.2
807 143.9
808 148.0
809 141.9
810 142.9
811 145.1
812 138.0
813 133.0
814 144.1
815 146.0
816 149.9
817 129.0
818 135.1
819 133.9
820 136.1
821 135.9
822 138.0
823 131.0
824 144.9
825 144.2
826 145.9
827 147.9
828 152.0
829 153.1
830 159.0
831 146.9
832 156.1
833 149.0
834 150.9
835 134.0
836 134.0
837 132.0
838 147.0
839 152.0
840 138.0
841 134.0
842 144.0
843 139.0
844 145.0
845 134.1
846 139.9
847 18.0
848 1.0
849 1.0
850 0.0
851 1.0
852 2.0
853 2.0
854 2.0
855 2.0
856 2.0
857 7.0
858 1.0
859 1.0
860 2.0
861 0.0
862 0.0
863 0.0
864 0.0
865 0.0
866 0.0
867 0.0
868 0.0
869 0.0
870 0.0
871 0.0
872 0.0
873 0.0
874 0.0
875 0.0
876 0.0
877 0.0
878 0.0
879 0.0
880 0.0
881 0.0
882 0.0
883 0.0
884 0.0
885 0.0
886 0.0
887 0.0
888 0.0
889 0.0
890 0.0
891 0.0
892 0.0
893 0.0
894 0.0
895 0.0
896 0.0
897 0.0
898 0.0
899 0.0
900 0.0
901 0.0
902 0.0
903 0.0
904 0.0
905 0.0
906 0.0
907 0.0
908 0.0
909 0.0
910 0.0
911 0.0
912 0.0
913 0.0
914 0.0
915 0.0
916 0.0
917 0.0
918 0.0
919 0.0
920 0.0
921 0.0
922 0.0
923 0.0
924 0.0
