5 3186688.0
6 125132800.0
7 224788480.0
8 318324736.0
9 318324736.0
10 318545920.0
11 297984000.0
12 297984000.0
13 297984000.0
14 297984000.0
15 327741440.0
16 368373760.0
17 368373760.0
18 368373760.0
19 368373760.0
20 368373760.0
21 368373760.0
22 368373760.0
23 369897472.0
24 383004672.0
25 383004672.0
26 382455808.0
27 382455808.0
28 382455808.0
29 382455808.0
30 382455808.0
31 388202496.0
32 393179136.0
33 393179136.0
34 393179136.0
35 393179136.0
36 392884224.0
37 392929280.0
38 392929280.0
39 392929280.0
40 392929280.0
41 387854336.0
42 387854336.0
43 387854336.0
44 387854336.0
45 387854336.0
46 387854336.0
47 387854336.0
48 387854336.0
49 387854336.0
50 387854336.0
51 387854336.0
52 387854336.0
53 387854336.0
54 387854336.0
55 387854336.0
56 387854336.0
57 387854336.0
58 387854336.0
59 387854336.0
60 387854336.0
61 387854336.0
62 387854336.0
63 387854336.0
64 387854336.0
65 387854336.0
66 388087808.0
67 388411392.0
68 412602368.0
69 412864512.0
70 412864512.0
71 409755648.0
72 409755648.0
73 409755648.0
74 409755648.0
75 409755648.0
76 409526272.0
77 409526272.0
78 409526272.0
79 409731072.0
80 409731072.0
81 401465344.0
82 401465344.0
83 401465344.0
84 401465344.0
85 401465344.0
86 401465344.0
87 401465344.0
88 401465344.0
89 402341888.0
90 402341888.0
91 402341888.0
92 402341888.0
93 402341888.0
94 402341888.0
95 402341888.0
96 402341888.0
97 402341888.0
98 402341888.0
99 403070976.0
100 403070976.0
101 403070976.0
102 403070976.0
103 403070976.0
104 403070976.0
105 403070976.0
106 403070976.0
107 403070976.0
108 403070976.0
109 407564288.0
110 407592960.0
111 407592960.0
112 407592960.0
113 407592960.0
114 407592960.0
115 407592960.0
116 407592960.0
117 407592960.0
118 407592960.0
119 421957632.0
120 421957632.0
121 407535616.0
122 407535616.0
123 407535616.0
124 407535616.0
125 407535616.0
126 423460864.0
127 432177152.0
128 436641792.0
129 437481472.0
130 437481472.0
131 437149696.0
132 437149696.0
133 437149696.0
134 437149696.0
135 437149696.0
136 437149696.0
137 437149696.0
138 437149696.0
139 438259712.0
140 438259712.0
141 438259712.0
142 438259712.0
143 438259712.0
144 438259712.0
145 438259712.0
146 438259712.0
147 438259712.0
148 438259712.0
149 438382592.0
150 438382592.0
151 434782208.0
152 434782208.0
153 434782208.0
154 434782208.0
155 434782208.0
156 434782208.0
157 434782208.0
158 434782208.0
159 442613760.0
160 443158528.0
161 435892224.0
162 435892224.0
163 435892224.0
164 435892224.0
165 435892224.0
166 435892224.0
167 435892224.0
168 435826688.0
169 441061376.0
170 441061376.0
171 441061376.0
172 441061376.0
173 441061376.0
174 441061376.0
175 441061376.0
176 441061376.0
177 441061376.0
178 441061376.0
179 441962496.0
180 441962496.0
181 437805056.0
182 437805056.0
183 437805056.0
184 437805056.0
185 437805056.0
186 440774656.0
187 461193216.0
188 469000192.0
189 470720512.0
190 470720512.0
191 470720512.0
192 470720512.0
193 470720512.0
194 470720512.0
195 470720512.0
196 470720512.0
197 470720512.0
198 470691840.0
199 471838720.0
200 471838720.0
201 471838720.0
202 471838720.0
203 471838720.0
204 471838720.0
205 471838720.0
206 471838720.0
207 471838720.0
208 471838720.0
209 473280512.0
210 473210880.0
211 473210880.0
212 473210880.0
213 473210880.0
214 473210880.0
215 473210880.0
216 473210880.0
217 473210880.0
218 473210880.0
219 478666752.0
220 478666752.0
221 478502912.0
222 478502912.0
223 478502912.0
224 478527488.0
225 478527488.0
226 478527488.0
227 478527488.0
228 478527488.0
229 479711232.0
230 479711232.0
231 476241920.0
232 476241920.0
233 476241920.0
234 480018432.0
235 480018432.0
236 480018432.0
237 480018432.0
238 480018432.0
239 481845248.0
240 482058240.0
241 480911360.0
242 480911360.0
243 480911360.0
244 480911360.0
245 480911360.0
246 480911360.0
247 505860096.0
248 511488000.0
249 513396736.0
250 513835008.0
251 507248640.0
252 507248640.0
253 507248640.0
254 507248640.0
255 507248640.0
256 507248640.0
257 507248640.0
258 507248640.0
259 507637760.0
260 512409600.0
261 512409600.0
262 512409600.0
263 512409600.0
264 512479232.0
265 512479232.0
266 508948480.0
267 508948480.0
268 508948480.0
269 508948480.0
270 514498560.0
271 514498560.0
272 514498560.0
273 514498560.0
274 514498560.0
275 514498560.0
276 514498560.0
277 514498560.0
278 514498560.0
279 514498560.0
280 517005312.0
281 517005312.0
282 517005312.0
283 517005312.0
284 517005312.0
285 517005312.0
286 517087232.0
287 517087232.0
288 517087232.0
289 517087232.0
290 518774784.0
291 516485120.0
292 516485120.0
293 516485120.0
294 516485120.0
295 516485120.0
296 516485120.0
297 516485120.0
298 516485120.0
299 516485120.0
300 519290880.0
301 516292608.0
302 516292608.0
303 516292608.0
304 516292608.0
305 516292608.0
306 533352448.0
307 542109696.0
308 543383552.0
309 543383552.0
310 545366016.0
311 543076352.0
312 543076352.0
313 543076352.0
314 543076352.0
315 543076352.0
316 543076352.0
317 543076352.0
318 543076352.0
319 543076352.0
320 545202176.0
321 545202176.0
322 545202176.0
323 545202176.0
324 545202176.0
325 545202176.0
326 545202176.0
327 545202176.0
328 545202176.0
329 545202176.0
330 547753984.0
331 547753984.0
332 547753984.0
333 547753984.0
334 547753984.0
335 547753984.0
336 547753984.0
337 547753984.0
338 547753984.0
339 547753984.0
340 553832448.0
341 549658624.0
342 549658624.0
343 549658624.0
344 549658624.0
345 549658624.0
346 549658624.0
347 549658624.0
348 549658624.0
349 549658624.0
350 555679744.0
351 553324544.0
352 553324544.0
353 553324544.0
354 553394176.0
355 553394176.0
356 553394176.0
357 553394176.0
358 553394176.0
359 553394176.0
360 558338048.0
361 558338048.0
362 558338048.0
363 558338048.0
364 558338048.0
365 558338048.0
366 569860096.0
367 584089600.0
368 590938112.0
369 590938112.0
370 592125952.0
371 591929344.0
372 591929344.0
373 591929344.0
374 591929344.0
375 591929344.0
376 591929344.0
377 591929344.0
378 591929344.0
379 591929344.0
380 592179200.0
381 592187392.0
382 592187392.0
383 592187392.0
384 592187392.0
385 592187392.0
386 592187392.0
387 592187392.0
388 592187392.0
389 592187392.0
390 595300352.0
391 595361792.0
392 595361792.0
393 595361792.0
394 595533824.0
395 595533824.0
396 595533824.0
397 595533824.0
398 595533824.0
399 595533824.0
400 597299200.0
401 594989056.0
402 594989056.0
403 594989056.0
404 594989056.0
405 594989056.0
406 594989056.0
407 594989056.0
408 594989056.0
409 594989056.0
410 598335488.0
411 598388736.0
412 598388736.0
413 598388736.0
414 598388736.0
415 598388736.0
416 598388736.0
417 598388736.0
418 598388736.0
419 598388736.0
420 598392832.0
421 600944640.0
422 600944640.0
423 600944640.0
424 600944640.0
425 600944640.0
426 611610624.0
427 626290688.0
428 633729024.0
429 633729024.0
430 633729024.0
431 635564032.0
432 635564032.0
433 635564032.0
434 635564032.0
435 635564032.0
436 635564032.0
437 635564032.0
438 635564032.0
439 635564032.0
440 635564032.0
441 641658880.0
442 641658880.0
443 641658880.0
444 641658880.0
445 641658880.0
446 641728512.0
447 641728512.0
448 641728512.0
449 641728512.0
450 641728512.0
451 644706304.0
452 644706304.0
453 644706304.0
454 644706304.0
455 644706304.0
456 644706304.0
457 644706304.0
458 644706304.0
459 644706304.0
460 644706304.0
461 646078464.0
462 646078464.0
463 646078464.0
464 646078464.0
465 646078464.0
466 646221824.0
467 646221824.0
468 646221824.0
469 646221824.0
470 646221824.0
471 647294976.0
472 647294976.0
473 647294976.0
474 647294976.0
475 647294976.0
476 647294976.0
477 647294976.0
478 647294976.0
479 647294976.0
480 647294976.0
481 652922880.0
482 652922880.0
483 652922880.0
484 652922880.0
485 652922880.0
486 652922880.0
487 653729792.0
488 654647296.0
489 654647296.0
490 654647296.0
491 655319040.0
492 656719872.0
493 656719872.0
494 656719872.0
495 656719872.0
496 656719872.0
497 656719872.0
498 656719872.0
499 656719872.0
500 656719872.0
501 656723968.0
502 659066880.0
503 659066880.0
504 659066880.0
505 659066880.0
506 659066880.0
507 656973824.0
508 656973824.0
509 657035264.0
510 657035264.0
511 657035264.0
512 662208512.0
513 662208512.0
514 662208512.0
515 662208512.0
516 662208512.0
517 662208512.0
518 662208512.0
519 662208512.0
520 662208512.0
521 662208512.0
522 664735744.0
523 664768512.0
524 664768512.0
525 664768512.0
526 664768512.0
527 662511616.0
528 662511616.0
529 662511616.0
530 662511616.0
531 662511616.0
532 667475968.0
533 667398144.0
534 667398144.0
535 667398144.0
536 667398144.0
537 667398144.0
538 667398144.0
539 667398144.0
540 667398144.0
541 667398144.0
542 670593024.0
543 670593024.0
544 670593024.0
545 670593024.0
546 670593024.0
547 670830592.0
548 670830592.0
549 670830592.0
550 670830592.0
551 670830592.0
552 672841728.0
553 672841728.0
554 672841728.0
555 672841728.0
556 672841728.0
557 672776192.0
558 672776192.0
559 672776192.0
560 672776192.0
561 672776192.0
562 675053568.0
563 675053568.0
564 675053568.0
565 675053568.0
566 675053568.0
567 674856960.0
568 674856960.0
569 674856960.0
570 674856960.0
571 674856960.0
572 677347328.0
573 677257216.0
574 677257216.0
575 677257216.0
576 677257216.0
577 674734080.0
578 674734080.0
579 674734080.0
580 674734080.0
581 674734080.0
582 676409344.0
583 676724736.0
584 676724736.0
585 676724736.0
586 676724736.0
587 676724736.0
588 676724736.0
589 676724736.0
590 676724736.0
591 676724736.0
592 681283584.0
593 681590784.0
594 681590784.0
595 681590784.0
596 681590784.0
597 681590784.0
598 681590784.0
599 681590784.0
600 681590784.0
601 681725952.0
602 682819584.0
603 683921408.0
604 683921408.0
605 683921408.0
606 684257280.0
607 684257280.0
608 684257280.0
609 684257280.0
610 684257280.0
611 684257280.0
612 684261376.0
613 686301184.0
614 686301184.0
615 686301184.0
616 686301184.0
617 683585536.0
618 683585536.0
619 683585536.0
620 683585536.0
621 683585536.0
622 683585536.0
623 687542272.0
624 687542272.0
625 687542272.0
626 687542272.0
627 687542272.0
628 687542272.0
629 687542272.0
630 687542272.0
631 687542272.0
632 687804416.0
633 690102272.0
634 690102272.0
635 690102272.0
636 690225152.0
637 687575040.0
638 687575040.0
639 687575040.0
640 687575040.0
641 687575040.0
642 687575040.0
643 688967680.0
644 688967680.0
645 688967680.0
646 688967680.0
647 688967680.0
648 688967680.0
649 688967680.0
650 688967680.0
651 688967680.0
652 688967680.0
653 693366784.0
654 693366784.0
655 693366784.0
656 693366784.0
657 693235712.0
658 693235712.0
659 693235712.0
660 693235712.0
661 693235712.0
662 693235712.0
663 695447552.0
664 695447552.0
665 695447552.0
666 695447552.0
667 695959552.0
668 695959552.0
669 695959552.0
670 695959552.0
671 695959552.0
672 695959552.0
673 697372672.0
674 697372672.0
675 697372672.0
676 697372672.0
677 697372672.0
678 697372672.0
679 697372672.0
680 697372672.0
681 697372672.0
682 697372672.0
683 698777600.0
684 698777600.0
685 698777600.0
686 699039744.0
687 696193024.0
688 696193024.0
689 696193024.0
690 696193024.0
691 696193024.0
692 696193024.0
693 700272640.0
694 700272640.0
695 700272640.0
696 700272640.0
697 700272640.0
698 700272640.0
699 700366848.0
700 700366848.0
701 700366848.0
702 700366848.0
703 702050304.0
704 702050304.0
705 702050304.0
706 702050304.0
707 702050304.0
708 702050304.0
709 702050304.0
710 702050304.0
711 702050304.0
712 702050304.0
713 703455232.0
714 703455232.0
715 703455232.0
716 703455232.0
717 703324160.0
718 703324160.0
719 703324160.0
720 703324160.0
721 703324160.0
722 703324160.0
723 705015808.0
724 705015808.0
725 705015808.0
726 705282048.0
727 704495616.0
728 704495616.0
729 704495616.0
730 704495616.0
731 704495616.0
732 704495616.0
733 705609728.0
734 705609728.0
735 705609728.0
736 705609728.0
737 705544192.0
738 705544192.0
739 705544192.0
740 705544192.0
741 705806336.0
742 705806336.0
743 707952640.0
744 707952640.0
745 707952640.0
746 707952640.0
747 707952640.0
748 707952640.0
749 707952640.0
750 707952640.0
751 707952640.0
752 707952640.0
753 708857856.0
754 708857856.0
755 708857856.0
756 708857856.0
757 708857856.0
758 708857856.0
759 708857856.0
760 709029888.0
761 709029888.0
762 709029888.0
763 710164480.0
764 710164480.0
765 710164480.0
766 710164480.0
767 710066176.0
768 710066176.0
769 710066176.0
770 710066176.0
771 710066176.0
772 710066176.0
773 710987776.0
774 710938624.0
775 710938624.0
776 710938624.0
777 710938624.0
778 710938624.0
779 710938624.0
780 710938624.0
781 710938624.0
782 710938624.0
783 711938048.0
784 712413184.0
785 712413184.0
786 712413184.0
787 710123520.0
788 710123520.0
789 710123520.0
790 710123520.0
791 710123520.0
792 710123520.0
793 710127616.0
794 710713344.0
795 710713344.0
796 710975488.0
797 710975488.0
798 710975488.0
799 710975488.0
800 710975488.0
801 710975488.0
802 710975488.0
803 710975488.0
804 719695872.0
805 724750336.0
806 724750336.0
807 716423168.0
808 716423168.0
809 716423168.0
810 716423168.0
811 716423168.0
812 716423168.0
813 716423168.0
814 720662528.0
815 720662528.0
816 720662528.0
817 717058048.0
818 717058048.0
819 717058048.0
820 717058048.0
821 717058048.0
822 717058048.0
823 717094912.0
824 720089088.0
825 720089088.0
826 720089088.0
827 720089088.0
828 720089088.0
829 720093184.0
830 720093184.0
831 720093184.0
832 720093184.0
833 720093184.0
834 720949248.0
835 720949248.0
836 720949248.0
837 720949248.0
838 720949248.0
839 720949248.0
840 720949248.0
841 720949248.0
842 720949248.0
843 720949248.0
844 722067456.0
845 722067456.0
846 722067456.0
847 720117760.0
848 720117760.0
849 720117760.0
850 720379904.0
851 720379904.0
852 720379904.0
853 720379904.0
854 720359424.0
855 720359424.0
856 720359424.0
857 720359424.0
858 720359424.0
859 720359424.0
860 720359424.0
861 720359424.0
862 720359424.0
863 720359424.0
864 720359424.0
865 720359424.0
866 720359424.0
867 720359424.0
868 720359424.0
869 720359424.0
870 720359424.0
871 720359424.0
872 720359424.0
873 720359424.0
874 720359424.0
875 720359424.0
876 720359424.0
877 720359424.0
878 720359424.0
879 720359424.0
880 720359424.0
881 720359424.0
882 720359424.0
883 720359424.0
884 720359424.0
885 720396288.0
886 720396288.0
887 720396288.0
888 720396288.0
889 720396288.0
890 720396288.0
891 720396288.0
892 720396288.0
893 720396288.0
894 720396288.0
895 720396288.0
896 720396288.0
897 720396288.0
898 720396288.0
899 720396288.0
900 720396288.0
901 720396288.0
902 720396288.0
903 720396288.0
904 720396288.0
905 720396288.0
906 720662528.0
907 720633856.0
908 720633856.0
909 720633856.0
910 720633856.0
911 720633856.0
912 720633856.0
913 720633856.0
914 720633856.0
915 720633856.0
916 720633856.0
917 720633856.0
918 720633856.0
919 720633856.0
920 720633856.0
921 720633856.0
922 720633856.0
923 720633856.0
924 720633856.0
