0 6643712.0
1 19910656.0
2 19910656.0
3 19910656.0
4 19910656.0
5 19910656.0
6 19910656.0
7 19910656.0
8 19910656.0
9 19910656.0
10 19910656.0
11 19910656.0
12 19910656.0
13 19910656.0
14 19910656.0
15 19910656.0
16 19910656.0
17 19910656.0
18 19910656.0
19 19910656.0
20 19910656.0
21 19910656.0
22 19910656.0
23 19910656.0
24 19910656.0
25 19910656.0
26 19910656.0
27 19910656.0
28 19910656.0
29 19910656.0
30 19910656.0
31 19910656.0
32 19910656.0
33 19910656.0
34 19910656.0
35 19910656.0
36 19910656.0
37 19910656.0
38 19910656.0
39 19910656.0
40 19910656.0
41 19910656.0
42 19910656.0
43 19910656.0
44 19910656.0
45 19910656.0
46 19910656.0
47 19910656.0
48 19910656.0
49 19910656.0
50 19910656.0
51 19910656.0
52 19910656.0
53 19910656.0
54 19910656.0
55 19910656.0
56 19910656.0
57 19910656.0
58 19910656.0
59 19910656.0
60 19910656.0
61 19910656.0
62 19910656.0
63 19910656.0
64 19910656.0
65 19910656.0
66 19910656.0
67 19910656.0
68 30392320.0
69 92000256.0
70 92012544.0
71 92278784.0
72 92278784.0
73 92278784.0
74 92278784.0
75 92278784.0
76 92278784.0
77 92278784.0
78 92278784.0
79 92897280.0
80 92897280.0
81 92897280.0
82 93163520.0
83 93163520.0
84 93163520.0
85 93163520.0
86 93163520.0
87 93163520.0
88 93163520.0
89 93716480.0
90 93716480.0
91 93716480.0
92 93716480.0
93 93982720.0
94 93982720.0
95 93982720.0
96 93982720.0
97 93982720.0
98 93982720.0
99 94277632.0
100 94277632.0
101 94277632.0
102 94277632.0
103 94277632.0
104 94277632.0
105 94277632.0
106 94277632.0
107 94011392.0
108 94011392.0
109 94498816.0
110 94232576.0
111 94232576.0
112 94232576.0
113 94502912.0
114 94502912.0
115 94502912.0
116 94502912.0
117 94502912.0
118 94769152.0
119 95043584.0
120 95043584.0
121 95043584.0
122 95043584.0
123 95043584.0
124 95043584.0
125 95043584.0
126 95043584.0
127 95043584.0
128 97800192.0
129 116043776.0
130 127696896.0
131 123625472.0
132 123625472.0
133 136601600.0
134 136335360.0
135 130048000.0
136 130314240.0
137 131125248.0
138 143564800.0
139 144273408.0
140 143998976.0
141 144265216.0
142 131616768.0
143 118616064.0
144 118882304.0
145 118886400.0
146 115367936.0
147 113004544.0
148 113004544.0
149 133074944.0
150 125726720.0
151 125726720.0
152 125726720.0
153 110084096.0
154 105439232.0
155 103948288.0
156 103948288.0
157 103948288.0
158 101261312.0
159 117944320.0
160 118202368.0
161 118468608.0
162 122798080.0
163 132792320.0
164 133603328.0
165 133603328.0
166 133869568.0
167 150790144.0
168 151056384.0
169 151740416.0
170 151724032.0
171 151457792.0
172 152260608.0
173 152526848.0
174 152526848.0
175 152526848.0
176 152526848.0
177 152526848.0
178 152526848.0
179 153350144.0
180 153849856.0
181 153849856.0
182 153849856.0
183 153849856.0
184 153849856.0
185 153583616.0
186 153583616.0
187 153849856.0
188 155136000.0
189 183816192.0
190 161824768.0
191 161853440.0
192 161853440.0
193 156319744.0
194 193892352.0
195 194162688.0
196 194162688.0
197 194162688.0
198 152006656.0
199 160604160.0
200 160960512.0
201 160960512.0
202 154587136.0
203 154320896.0
204 154320896.0
205 154591232.0
206 170536960.0
207 170270720.0
208 169738240.0
209 164179968.0
210 179580928.0
211 179314688.0
212 179048448.0
213 191754240.0
214 169672704.0
215 169938944.0
216 169672704.0
217 169672704.0
218 169672704.0
219 170459136.0
220 170422272.0
221 170688512.0
222 170422272.0
223 170422272.0
224 170688512.0
225 170422272.0
226 170688512.0
227 170688512.0
228 170958848.0
229 178679808.0
230 199888896.0
231 199888896.0
232 199888896.0
233 186454016.0
234 186785792.0
235 187052032.0
236 187052032.0
237 199757824.0
238 199491584.0
239 200081408.0
240 200302592.0
241 200302592.0
242 200302592.0
243 200036352.0
244 200036352.0
245 200036352.0
246 200568832.0
247 200568832.0
248 201379840.0
249 225136640.0
250 226103296.0
251 226361344.0
252 226095104.0
253 226668544.0
254 205352960.0
255 205352960.0
256 205352960.0
257 181469184.0
258 172388352.0
259 172822528.0
260 169902080.0
261 183144448.0
262 179593216.0
263 179593216.0
264 186892288.0
265 173862912.0
266 173862912.0
267 174129152.0
268 165400576.0
269 165666816.0
270 193302528.0
271 193302528.0
272 193302528.0
273 193302528.0
274 179503104.0
275 179769344.0
276 179503104.0
277 167419904.0
278 165945344.0
279 165679104.0
280 186834944.0
281 181747712.0
282 181747712.0
283 182013952.0
284 181747712.0
285 181481472.0
286 181481472.0
287 181481472.0
288 182013952.0
289 182013952.0
290 169689088.0
291 169955328.0
292 169955328.0
293 178065408.0
294 197623808.0
295 197623808.0
296 197623808.0
297 237019136.0
298 237830144.0
299 237830144.0
300 238821376.0
301 238821376.0
302 238821376.0
303 238821376.0
304 238821376.0
305 238821376.0
306 238022656.0
307 239902720.0
308 255115264.0
309 248492032.0
310 222748672.0
311 283537408.0
312 283271168.0
313 296779776.0
314 296779776.0
315 296513536.0
316 297312256.0
317 297312256.0
318 296779776.0
319 297046016.0
320 278327296.0
321 217657344.0
322 207802368.0
323 207802368.0
324 214904832.0
325 215171072.0
326 215171072.0
327 215437312.0
328 214904832.0
329 215437312.0
330 239575040.0
331 239587328.0
332 240386048.0
333 240119808.0
334 269787136.0
335 269254656.0
336 268988416.0
337 268988416.0
338 269787136.0
339 269520896.0
340 270405632.0
341 270049280.0
342 270049280.0
343 270315520.0
344 270848000.0
345 270581760.0
346 270581760.0
347 270848000.0
348 270848000.0
349 270848000.0
350 271454208.0
351 271405056.0
352 271405056.0
353 271405056.0
354 271405056.0
355 271405056.0
356 271405056.0
357 271405056.0
358 271138816.0
359 271138816.0
360 284762112.0
361 285626368.0
362 286158848.0
363 286158848.0
364 285892608.0
365 286429184.0
366 286429184.0
367 286429184.0
368 288276480.0
369 321277952.0
370 303554560.0
371 303734784.0
372 303734784.0
373 262017024.0
374 268234752.0
375 268509184.0
376 268509184.0
377 248684544.0
378 244793344.0
379 244527104.0
380 244334592.0
381 254091264.0
382 254623744.0
383 254091264.0
384 253558784.0
385 253558784.0
386 254091264.0
387 253825024.0
388 253829120.0
389 254095360.0
390 273989632.0
391 258363392.0
392 258363392.0
393 259162112.0
394 270524416.0
395 266338304.0
396 266338304.0
397 266604544.0
398 266608640.0
399 266887168.0
400 286158848.0
401 287023104.0
402 299110400.0
403 299651072.0
404 299384832.0
405 299651072.0
406 350658560.0
407 352280576.0
408 352014336.0
409 352014336.0
410 352313344.0
411 352239616.0
412 351973376.0
413 351973376.0
414 352239616.0
415 352964608.0
416 352698368.0
417 352964608.0
418 353239040.0
419 353505280.0
420 353775616.0
421 354295808.0
422 354562048.0
423 354295808.0
424 354562048.0
425 354562048.0
426 354562048.0
427 354832384.0
428 356450304.0
429 371658752.0
430 313102336.0
431 311455744.0
432 311545856.0
433 311676928.0
434 306085888.0
435 308617216.0
436 308617216.0
437 307994624.0
438 307994624.0
439 320675840.0
440 321208320.0
441 321142784.0
442 328744960.0
443 329564160.0
444 330194944.0
445 330678272.0
446 329719808.0
447 329986048.0
448 329719808.0
449 337022976.0
450 408092672.0
451 406724608.0
452 406999040.0
453 407044096.0
454 407048192.0
455 333025280.0
456 333279232.0
457 333586432.0
458 334381056.0
459 324087808.0
460 323555328.0
461 324124672.0
462 323829760.0
463 324366336.0
464 324665344.0
465 323862528.0
466 324927488.0
467 324927488.0
468 324919296.0
469 325177344.0
470 325177344.0
471 331952128.0
472 337002496.0
473 337375232.0
474 337190912.0
475 338681856.0
476 338399232.0
477 338935808.0
478 339193856.0
479 338661376.0
480 377167872.0
481 379523072.0
482 413622272.0
483 413347840.0
484 413347840.0
485 413081600.0
486 413347840.0
487 408584192.0
488 447508480.0
489 447512576.0
490 448311296.0
491 448614400.0
492 448507904.0
493 448233472.0
494 448499712.0
495 448512000.0
496 448503808.0
497 448770048.0
498 448503808.0
499 449040384.0
500 449040384.0
501 448774144.0
502 448995328.0
503 448995328.0
504 448729088.0
505 448462848.0
506 448188416.0
507 448716800.0
508 448700416.0
509 448061440.0
510 448061440.0
511 448593920.0
512 448045056.0
513 448253952.0
514 448253952.0
515 448786432.0
516 448516096.0
517 448516096.0
518 448516096.0
519 448782336.0
520 448782336.0
521 448516096.0
522 448790528.0
523 448741376.0
524 448741376.0
525 448737280.0
526 448729088.0
527 448458752.0
528 448192512.0
529 447926272.0
530 448458752.0
531 448192512.0
532 448491520.0
533 448131072.0
534 447864832.0
535 448135168.0
536 448135168.0
537 448925696.0
538 448126976.0
539 448659456.0
540 448393216.0
541 448659456.0
542 448970752.0
543 449146880.0
544 449146880.0
545 449150976.0
546 449134592.0
547 437796864.0
548 437530624.0
549 437796864.0
550 437796864.0
551 437264384.0
552 437829632.0
553 437473280.0
554 437739520.0
555 437747712.0
556 437473280.0
557 437460992.0
558 437460992.0
559 437993472.0
560 437993472.0
561 437727232.0
562 437751808.0
563 437686272.0
564 438218752.0
565 437948416.0
566 437948416.0
567 438206464.0
568 437940224.0
569 438206464.0
570 437940224.0
571 438206464.0
572 438239232.0
573 438169600.0
574 438169600.0
575 438169600.0
576 437919744.0
577 437645312.0
578 437645312.0
579 437645312.0
580 437379072.0
581 437379072.0
582 437661696.0
583 437673984.0
584 437407744.0
585 437940224.0
586 437940224.0
587 438157312.0
588 438423552.0
589 438157312.0
590 438157312.0
591 438423552.0
592 438456320.0
593 438394880.0
594 438394880.0
595 438394880.0
596 438386688.0
597 438128640.0
598 438128640.0
599 438394880.0
600 438394880.0
601 438128640.0
602 438145024.0
603 437817344.0
604 437551104.0
605 437817344.0
606 426655744.0
607 427782144.0
608 427782144.0
609 427782144.0
610 427782144.0
611 428048384.0
612 428048384.0
613 428052480.0
614 428052480.0
615 428052480.0
616 428036096.0
617 428019712.0
618 428019712.0
619 427753472.0
620 427753472.0
621 427753472.0
622 427753472.0
623 427753472.0
624 427487232.0
625 427487232.0
626 427479040.0
627 427474944.0
628 427208704.0
629 427741184.0
630 427741184.0
631 427474944.0
632 427741184.0
633 427433984.0
634 427167744.0
635 427700224.0
636 427962368.0
637 427962368.0
638 427696128.0
639 427962368.0
640 427962368.0
641 427962368.0
642 427429888.0
643 427929600.0
644 427929600.0
645 427929600.0
646 427921408.0
647 427646976.0
648 427646976.0
649 427646976.0
650 427646976.0
651 427655168.0
652 427388928.0
653 428175360.0
654 427909120.0
655 427909120.0
656 427921408.0
657 428163072.0
658 427630592.0
659 428163072.0
660 427896832.0
661 428163072.0
662 428163072.0
663 428105728.0
664 428113920.0
665 428113920.0
666 428122112.0
667 405520384.0
668 405786624.0
669 405786624.0
670 405786624.0
671 405254144.0
672 404987904.0
673 405565440.0
674 405549056.0
675 405815296.0
676 405282816.0
677 405254144.0
678 405790720.0
679 405524480.0
680 406056960.0
681 405790720.0
682 405524480.0
683 406073344.0
684 406011904.0
685 405479424.0
686 405745664.0
687 405995520.0
688 405995520.0
689 405995520.0
690 405995520.0
691 405729280.0
692 405995520.0
693 406016000.0
694 405962752.0
695 405962752.0
696 405970944.0
697 405692416.0
698 405946368.0
699 405946368.0
700 405680128.0
701 405680128.0
702 405946368.0
703 406233088.0
704 405917696.0
705 405917696.0
706 406200320.0
707 406192128.0
708 406175744.0
709 406175744.0
710 405909504.0
711 406175744.0
712 406175744.0
713 406192128.0
714 406167552.0
715 406167552.0
716 406167552.0
717 406147072.0
718 406130688.0
719 405598208.0
720 405872640.0
721 405872640.0
722 405872640.0
723 405614592.0
724 405299200.0
725 405831680.0
726 394203136.0
727 364888064.0
728 364875776.0
729 365142016.0
730 365408256.0
731 365408256.0
732 365142016.0
733 365416448.0
734 365395968.0
735 365395968.0
736 365395968.0
737 365391872.0
738 365670400.0
739 366202880.0
740 366202880.0
741 366202880.0
742 366202880.0
743 366481408.0
744 366190592.0
745 366456832.0
746 366456832.0
747 366190592.0
748 367255552.0
749 367521792.0
750 367521792.0
751 367255552.0
752 367255552.0
753 367529984.0
754 367497216.0
755 367230976.0
756 367230976.0
757 367218688.0
758 367468544.0
759 367468544.0
760 367468544.0
761 367468544.0
762 367468544.0
763 367468544.0
764 367415296.0
765 367415296.0
766 367415296.0
767 367398912.0
768 367382528.0
769 367382528.0
770 367116288.0
771 367116288.0
772 367116288.0
773 367116288.0
774 367099904.0
775 366833664.0
776 366833664.0
777 367366144.0
778 367087616.0
779 367087616.0
780 367087616.0
781 367353856.0
782 367353856.0
783 367624192.0
784 367591424.0
785 367591424.0
786 367591424.0
787 355512320.0
788 355479552.0
789 355479552.0
790 355479552.0
791 355479552.0
792 355479552.0
793 355479552.0
794 355479552.0
795 355479552.0
796 355479552.0
797 355467264.0
798 355450880.0
799 355450880.0
800 355450880.0
801 355434496.0
802 355434496.0
803 355434496.0
804 355442688.0
805 355442688.0
806 355442688.0
807 355430400.0
808 355430400.0
809 355430400.0
810 355430400.0
811 355430400.0
812 355430400.0
813 355430400.0
814 355418112.0
815 355418112.0
816 355418112.0
817 355401728.0
818 355401728.0
819 355135488.0
820 355401728.0
821 355135488.0
822 355135488.0
823 355135488.0
824 355278848.0
825 355278848.0
826 355545088.0
827 355393536.0
828 355659776.0
829 355659776.0
830 355393536.0
831 355659776.0
832 355659776.0
833 355393536.0
834 355770368.0
835 355770368.0
836 355770368.0
837 355880960.0
838 355880960.0
839 355880960.0
840 355880960.0
841 355880960.0
842 355880960.0
843 355880960.0
844 355889152.0
845 355889152.0
846 355889152.0
847 319569920.0
848 319545344.0
849 319545344.0
850 319545344.0
851 319545344.0
852 319545344.0
853 319545344.0
854 319545344.0
855 319545344.0
856 319545344.0
857 319545344.0
858 319528960.0
859 319528960.0
860 319512576.0
861 319512576.0
862 319512576.0
863 319512576.0
864 319512576.0
865 319512576.0
866 319512576.0
867 319512576.0
868 319512576.0
869 319512576.0
870 319512576.0
871 319512576.0
872 319512576.0
873 319512576.0
874 319512576.0
875 319377408.0
876 319377408.0
877 319377408.0
878 319377408.0
879 319377408.0
880 319377408.0
881 319377408.0
882 319377408.0
883 319377408.0
884 319377408.0
885 319377408.0
886 319377408.0
887 319377408.0
888 319377408.0
889 319377408.0
890 319377408.0
891 319377408.0
892 319377408.0
893 319377408.0
894 319377408.0
895 319377408.0
896 319377408.0
897 319377408.0
898 319377408.0
899 319377408.0
900 319377408.0
901 319377408.0
902 319377408.0
903 319377408.0
904 319377408.0
905 319377408.0
906 319377408.0
907 319377408.0
908 319377408.0
909 319377408.0
910 319377408.0
911 319377408.0
912 319377408.0
913 319377408.0
914 319377408.0
915 319377408.0
916 319377408.0
917 319377408.0
918 319377408.0
919 319377408.0
920 319377408.0
921 319377408.0
922 319377408.0
923 319377408.0
924 319377408.0
