0 43290624.0
1 43290624.0
2 43290624.0
3 43290624.0
4 43290624.0
5 44433408.0
6 44433408.0
7 44433408.0
8 44433408.0
9 44433408.0
10 44433408.0
11 44433408.0
12 44433408.0
13 44433408.0
14 63115264.0
15 97226752.0
16 97226752.0
17 97226752.0
18 97226752.0
19 97226752.0
20 97226752.0
21 97226752.0
22 97226752.0
23 97226752.0
24 49418240.0
25 49418240.0
26 49418240.0
27 49418240.0
28 49418240.0
29 49418240.0
30 49418240.0
31 49418240.0
32 49418240.0
33 49418240.0
34 49418240.0
35 49418240.0
36 49418240.0
37 49418240.0
38 49418240.0
39 49418240.0
40 49418240.0
41 49418240.0
42 49418240.0
43 49418240.0
44 49418240.0
45 49418240.0
46 49418240.0
47 49418240.0
48 49418240.0
49 49418240.0
50 49418240.0
51 49418240.0
52 49418240.0
53 49418240.0
54 49418240.0
55 49418240.0
56 49418240.0
57 49418240.0
58 49418240.0
59 49418240.0
60 49418240.0
61 49418240.0
62 49418240.0
63 49418240.0
64 49418240.0
65 49418240.0
66 49418240.0
67 49418240.0
68 52584448.0
69 52584448.0
70 52584448.0
71 52584448.0
72 52584448.0
73 52584448.0
74 95576064.0
75 95576064.0
76 95576064.0
77 95576064.0
78 95576064.0
79 95576064.0
80 95576064.0
81 95576064.0
82 95576064.0
83 95576064.0
84 97140736.0
85 97140736.0
86 97140736.0
87 97140736.0
88 97140736.0
89 97140736.0
90 97140736.0
91 97140736.0
92 97140736.0
93 97140736.0
94 97595392.0
95 97595392.0
96 97595392.0
97 97595392.0
98 97595392.0
99 97595392.0
100 97595392.0
101 97595392.0
102 97595392.0
103 97595392.0
104 62681088.0
105 62681088.0
106 62681088.0
107 62681088.0
108 62681088.0
109 62681088.0
110 62681088.0
111 62681088.0
112 62681088.0
113 62681088.0
114 63991808.0
115 63991808.0
116 63991808.0
117 63991808.0
118 63991808.0
119 63991808.0
120 63991808.0
121 63991808.0
122 63991808.0
123 63991808.0
124 64847872.0
125 64847872.0
126 64847872.0
127 64847872.0
128 64847872.0
129 64847872.0
130 64847872.0
131 64847872.0
132 64847872.0
133 64847872.0
134 99954688.0
135 99954688.0
136 99954688.0
137 99954688.0
138 99954688.0
139 99954688.0
140 99954688.0
141 99954688.0
142 99954688.0
143 99954688.0
144 101273600.0
145 101273600.0
146 102264832.0
147 102264832.0
148 102264832.0
149 65589248.0
150 65589248.0
151 65589248.0
152 65589248.0
153 65589248.0
154 67371008.0
155 67371008.0
156 67371008.0
157 67371008.0
158 68091904.0
159 68091904.0
160 68091904.0
161 68091904.0
162 68091904.0
163 68599808.0
164 69210112.0
165 69210112.0
166 69210112.0
167 69804032.0
168 69804032.0
169 69804032.0
170 69804032.0
171 69804032.0
172 69804032.0
173 67313664.0
174 68788224.0
175 68788224.0
176 68788224.0
177 69447680.0
178 69447680.0
179 69447680.0
180 69447680.0
181 69447680.0
182 69447680.0
183 69926912.0
184 71380992.0
185 71380992.0
186 71380992.0
187 71970816.0
188 71970816.0
189 71970816.0
190 71970816.0
191 71970816.0
192 71970816.0
193 72232960.0
194 70901760.0
195 70901760.0
196 71630848.0
197 71630848.0
198 72417280.0
199 72417280.0
200 72417280.0
201 72417280.0
202 72417280.0
203 72949760.0
204 72331264.0
205 72331264.0
206 72331264.0
207 72994816.0
208 74039296.0
209 74039296.0
210 74039296.0
211 74039296.0
212 74039296.0
213 75210752.0
214 76288000.0
215 76288000.0
216 76288000.0
217 76677120.0
218 77479936.0
219 77479936.0
220 77479936.0
221 77479936.0
222 77479936.0
223 77479936.0
224 79474688.0
225 79474688.0
226 79474688.0
227 79474688.0
228 75763712.0
229 78532608.0
230 78532608.0
231 78532608.0
232 78532608.0
233 78925824.0
234 80707584.0
235 80707584.0
236 80707584.0
237 80707584.0
238 82030592.0
239 82030592.0
240 82030592.0
241 82030592.0
242 82030592.0
243 82030592.0
244 81936384.0
245 81936384.0
246 81936384.0
247 81936384.0
248 83025920.0
249 83025920.0
250 83025920.0
251 83025920.0
252 83025920.0
253 83025920.0
254 115167232.0
255 115757056.0
256 115757056.0
257 78794752.0
258 80179200.0
259 80179200.0
260 80179200.0
261 80179200.0
262 80179200.0
263 80179200.0
264 81846272.0
265 83197952.0
266 83197952.0
267 83197952.0
268 81264640.0
269 82055168.0
270 82055168.0
271 82055168.0
272 82055168.0
273 82055168.0
274 83529728.0
275 85012480.0
276 85012480.0
277 85012480.0
278 83226624.0
279 83226624.0
280 83226624.0
281 83226624.0
282 83226624.0
283 83226624.0
284 85151744.0
285 86847488.0
286 86847488.0
287 86847488.0
288 88965120.0
289 88965120.0
290 85843968.0
291 85843968.0
292 85843968.0
293 85843968.0
294 87773184.0
295 89403392.0
296 89403392.0
297 89403392.0
298 90726400.0
299 91258880.0
300 93495296.0
301 93495296.0
302 93495296.0
303 93495296.0
304 95313920.0
305 92344320.0
306 92344320.0
307 92344320.0
308 93945856.0
309 93945856.0
310 93945856.0
311 93945856.0
312 93945856.0
313 93945856.0
314 129961984.0
315 131727360.0
316 131727360.0
317 131727360.0
318 95612928.0
319 95612928.0
320 95612928.0
321 95612928.0
322 95612928.0
323 95612928.0
324 97411072.0
325 99733504.0
326 99733504.0
327 99733504.0
328 101462016.0
329 101462016.0
330 97751040.0
331 97751040.0
332 97751040.0
333 97751040.0
334 99676160.0
335 101752832.0
336 101752832.0
337 101752832.0
338 104013824.0
339 104013824.0
340 104013824.0
341 104013824.0
342 104013824.0
343 104013824.0
344 101445632.0
345 104136704.0
346 104136704.0
347 104136704.0
348 105734144.0
349 105734144.0
350 108371968.0
351 108371968.0
352 108371968.0
353 108371968.0
354 106086400.0
355 108273664.0
356 108273664.0
357 108273664.0
358 110575616.0
359 110575616.0
360 110575616.0
361 110575616.0
362 110575616.0
363 110575616.0
364 112828416.0
365 110026752.0
366 110026752.0
367 110026752.0
368 112791552.0
369 113053696.0
370 113319936.0
371 113319936.0
372 113319936.0
373 113319936.0
374 149061632.0
375 151367680.0
376 113651712.0
377 113651712.0
378 115900416.0
379 116170752.0
380 116170752.0
381 116170752.0
382 116170752.0
383 116170752.0
384 116695040.0
385 116690944.0
386 116690944.0
387 116690944.0
388 116690944.0
389 120012800.0
390 120012800.0
391 120012800.0
392 120012800.0
393 120012800.0
394 120012800.0
395 124182528.0
396 124448768.0
397 124448768.0
398 124448768.0
399 121745408.0
400 123850752.0
401 123850752.0
402 123850752.0
403 123850752.0
404 123850752.0
405 128667648.0
406 128929792.0
407 128929792.0
408 128929792.0
409 131813376.0
410 127029248.0
411 127029248.0
412 127029248.0
413 127029248.0
414 127029248.0
415 131563520.0
416 133283840.0
417 133283840.0
418 133816320.0
419 131440640.0
420 131440640.0
421 131440640.0
422 131440640.0
423 131440640.0
424 131440640.0
425 134438912.0
426 133648384.0
427 133648384.0
428 133648384.0
429 135090176.0
430 137736192.0
431 137736192.0
432 137736192.0
433 137736192.0
434 167882752.0
435 133525504.0
436 135663616.0
437 135663616.0
438 135663616.0
439 138858496.0
440 138858496.0
441 135122944.0
442 135122944.0
443 135122944.0
444 135122944.0
445 137588736.0
446 139132928.0
447 139796480.0
448 139796480.0
449 138395648.0
450 138665984.0
451 140029952.0
452 140300288.0
453 140300288.0
454 140300288.0
455 139558912.0
456 141148160.0
457 141950976.0
458 142221312.0
459 143941632.0
460 144596992.0
461 141451264.0
462 142442496.0
463 142442496.0
464 142442496.0
465 144830464.0
466 144371712.0
467 144642048.0
468 145035264.0
469 147566592.0
470 147566592.0
471 144826368.0
472 145453056.0
473 145846272.0
474 145846272.0
475 147386368.0
476 148131840.0
477 149544960.0
478 146874368.0
479 148529152.0
480 149311488.0
481 150192128.0
482 150192128.0
483 150192128.0
484 150192128.0
485 150306816.0
486 149639168.0
487 152592384.0
488 153321472.0
489 153321472.0
490 156241920.0
491 156762112.0
492 157196288.0
493 154054656.0
494 188526592.0
495 188526592.0
496 191840256.0
497 192634880.0
498 192634880.0
499 193699840.0
500 176435200.0
501 176934912.0
502 177819648.0
503 178880512.0
504 159436800.0
505 159830016.0
506 162557952.0
507 164675584.0
508 164675584.0
509 162406400.0
510 164302848.0
511 166277120.0
512 166277120.0
513 163958784.0
514 165609472.0
515 165609472.0
516 167739392.0
517 168804352.0
518 168804352.0
519 169730048.0
520 171184128.0
521 169234432.0
522 169234432.0
523 169234432.0
524 170446848.0
525 170446848.0
526 172548096.0
527 173715456.0
528 173715456.0
529 170725376.0
530 174157824.0
531 174882816.0
532 174882816.0
533 174882816.0
534 175923200.0
535 175923200.0
536 173907968.0
537 175726592.0
538 176259072.0
539 176791552.0
540 179920896.0
541 180051968.0
542 175878144.0
543 175878144.0
544 177364992.0
545 177364992.0
546 179494912.0
547 182910976.0
548 182910976.0
549 182910976.0
550 181776384.0
551 183328768.0
552 183328768.0
553 183328768.0
554 199397376.0
555 199397376.0
556 201547776.0
557 202526720.0
558 202526720.0
559 202526720.0
560 205979648.0
561 202244096.0
562 202244096.0
563 202244096.0
564 203800576.0
565 203800576.0
566 204840960.0
567 206594048.0
568 206594048.0
569 187355136.0
570 190128128.0
571 191193088.0
572 191193088.0
573 191193088.0
574 189173760.0
575 189173760.0
576 189820928.0
577 192487424.0
578 192487424.0
579 192487424.0
580 194596864.0
581 193474560.0
582 193474560.0
583 193474560.0
584 194306048.0
585 194838528.0
586 195362816.0
587 194711552.0
588 195223552.0
589 195796992.0
590 196329472.0
591 198799360.0
592 198799360.0
593 195280896.0
594 196046848.0
595 196968448.0
596 197230592.0
597 199516160.0
598 199766016.0
599 199766016.0
600 201019392.0
601 203239424.0
602 199049216.0
603 199049216.0
604 199684096.0
605 200605696.0
606 200605696.0
607 202010624.0
608 202846208.0
609 202846208.0
610 200593408.0
611 203948032.0
612 204079104.0
613 205987840.0
614 240988160.0
615 241520640.0
616 241520640.0
617 222453760.0
618 224722944.0
619 224722944.0
620 225386496.0
621 227246080.0
622 227516416.0
623 227516416.0
624 207859712.0
625 208519168.0
626 208519168.0
627 210472960.0
628 211574784.0
629 211574784.0
630 212369408.0
631 213966848.0
632 210501632.0
633 211161088.0
634 212058112.0
635 212590592.0
636 212590592.0
637 213643264.0
638 215179264.0
639 215179264.0
640 215711744.0
641 213336064.0
642 213725184.0
643 213725184.0
644 214884352.0
645 215416832.0
646 215416832.0
647 215941120.0
648 218210304.0
649 218210304.0
650 215298048.0
651 218005504.0
652 218275840.0
653 218275840.0
654 218914816.0
655 219447296.0
656 219447296.0
657 217305088.0
658 219705344.0
659 219705344.0
660 220360704.0
661 222244864.0
662 222515200.0
663 222515200.0
664 222908416.0
665 219901952.0
666 219901952.0
667 220291072.0
668 222285824.0
669 222875648.0
670 223395840.0
671 224571392.0
672 221368320.0
673 223354880.0
674 254013440.0
675 254926848.0
676 254926848.0
677 255459328.0
678 257122304.0
679 257122304.0
680 257384448.0
681 238690304.0
682 239218688.0
683 239218688.0
684 240443392.0
685 240975872.0
686 240975872.0
687 241508352.0
688 242114560.0
689 242704384.0
690 242966528.0
691 225079296.0
692 225972224.0
693 225972224.0
694 225972224.0
695 227119104.0
696 227119104.0
697 227651584.0
698 225091584.0
699 225910784.0
700 225910784.0
701 228347904.0
702 228589568.0
703 228589568.0
704 228589568.0
705 229761024.0
706 229761024.0
707 226951168.0
708 228945920.0
709 228945920.0
710 228945920.0
711 230821888.0
712 231043072.0
713 231956480.0
714 231956480.0
715 229474304.0
716 229740544.0
717 230338560.0
718 230608896.0
719 231645184.0
720 231645184.0
721 232566784.0
722 233852928.0
723 230588416.0
724 230588416.0
725 230981632.0
726 232148992.0
727 232148992.0
728 233205760.0
729 233738240.0
730 233738240.0
731 235356160.0
732 232402944.0
733 235040768.0
734 269512704.0
735 270426112.0
736 270946304.0
737 270946304.0
738 271462400.0
739 271462400.0
740 271462400.0
741 272412672.0
742 254554112.0
743 254554112.0
744 254554112.0
745 255455232.0
746 255987712.0
747 255987712.0
748 256520192.0
749 256520192.0
750 256520192.0
751 257441792.0
752 258060288.0
753 239411200.0
754 239411200.0
755 240308224.0
756 240840704.0
757 240840704.0
758 241831936.0
759 241831936.0
760 241831936.0
761 242589696.0
762 243654656.0
763 240594944.0
764 240594944.0
765 241258496.0
766 242167808.0
767 242167808.0
768 242679808.0
769 242745344.0
770 242745344.0
771 243642368.0
772 245174272.0
773 245174272.0
774 242106368.0
775 242810880.0
776 243720192.0
777 243720192.0
778 244232192.0
779 244301824.0
780 244301824.0
781 245248000.0
782 246661120.0
783 246661120.0
784 243527680.0
785 244297728.0
786 245207040.0
787 245207040.0
788 245698560.0
789 245968896.0
790 245968896.0
791 247529472.0
792 248193024.0
793 248463360.0
794 279543808.0
795 280399872.0
796 281178112.0
797 281440256.0
798 281690112.0
799 282140672.0
800 282140672.0
801 283250688.0
802 283652096.0
803 283652096.0
804 249065472.0
805 249835520.0
806 250683392.0
807 251625472.0
808 251625472.0
809 252198912.0
810 252198912.0
811 253263872.0
812 253534208.0
813 253534208.0
814 253534208.0
815 254173184.0
816 254173184.0
817 254173184.0
818 251310080.0
819 252145664.0
820 252145664.0
821 254234624.0
822 254234624.0
823 254234624.0
824 254234624.0
825 254844928.0
826 254844928.0
827 255377408.0
828 255377408.0
829 255909888.0
830 255909888.0
831 256942080.0
832 253476864.0
833 253476864.0
834 253476864.0
835 254115840.0
836 254115840.0
837 254115840.0
838 255037440.0
839 256053248.0
840 256053248.0
841 257478656.0
842 257880064.0
843 257880064.0
844 257880064.0
845 258363392.0
846 258363392.0
847 255238144.0
848 255238144.0
849 256126976.0
850 256126976.0
851 257441792.0
852 257912832.0
853 257912832.0
854 292384768.0
855 293109760.0
856 293109760.0
857 293109760.0
858 293109760.0
859 293109760.0
860 293109760.0
861 293109760.0
862 293339136.0
863 293339136.0
864 293339136.0
865 293670912.0
866 293670912.0
867 293670912.0
868 293670912.0
869 293670912.0
870 293670912.0
871 293670912.0
872 293670912.0
873 293670912.0
874 293670912.0
875 293670912.0
876 293670912.0
877 293670912.0
878 293670912.0
879 293670912.0
880 293670912.0
881 293670912.0
882 293670912.0
883 293670912.0
884 293670912.0
885 293670912.0
886 293670912.0
887 293670912.0
888 293670912.0
889 293670912.0
890 293670912.0
891 293670912.0
892 293670912.0
893 293670912.0
894 293670912.0
895 293670912.0
896 293670912.0
897 293670912.0
898 293670912.0
899 293670912.0
900 293670912.0
901 293670912.0
902 293670912.0
903 293670912.0
904 293670912.0
905 293670912.0
906 293670912.0
907 293670912.0
908 293670912.0
909 293670912.0
910 293670912.0
911 293670912.0
912 293670912.0
913 293670912.0
914 293670912.0
915 293670912.0
916 293670912.0
917 293670912.0
918 293670912.0
919 293670912.0
920 293670912.0
921 293670912.0
922 293670912.0
923 293670912.0
924 293670912.0
925 293670912.0
