5 18587648.0
6 37983096832.0
7 38127837184.0
8 38479200256.0
9 38479200256.0
10 38479200256.0
11 38479200256.0
12 38479200256.0
13 38479200256.0
14 38479200256.0
15 39851401216.0
16 48712400896.0
17 48712400896.0
18 48712400896.0
19 48712400896.0
20 48712400896.0
21 48712400896.0
22 48712400896.0
23 48714571776.0
24 48784830464.0
25 48784830464.0
26 48784830464.0
27 48784830464.0
28 48784830464.0
29 48784830464.0
30 48784830464.0
31 48784830464.0
32 48786927616.0
33 48786927616.0
34 48786927616.0
35 48786927616.0
36 48786927616.0
37 48786927616.0
38 48786927616.0
39 48786927616.0
40 48786927616.0
41 48786927616.0
42 48786927616.0
43 48786927616.0
44 48786927616.0
45 48786927616.0
46 48786927616.0
47 48786927616.0
48 48786927616.0
49 48786927616.0
50 48786927616.0
51 48786927616.0
52 48786927616.0
53 48786927616.0
54 48786927616.0
55 48786927616.0
56 48786927616.0
57 48786927616.0
58 48786927616.0
59 48786927616.0
60 48786927616.0
61 48786927616.0
62 48786927616.0
63 48786927616.0
64 48786927616.0
65 48786927616.0
66 48786927616.0
67 48786927616.0
68 50629386240.0
69 50697547776.0
70 50697547776.0
71 50697547776.0
72 50697547776.0
73 50697547776.0
74 50697547776.0
75 50697547776.0
76 50697547776.0
77 50697547776.0
78 50697547776.0
79 50697547776.0
80 50697547776.0
81 50697547776.0
82 50697547776.0
83 50697547776.0
84 50697547776.0
85 50697547776.0
86 50697547776.0
87 50697547776.0
88 50697547776.0
89 50765709312.0
90 50765709312.0
91 50765709312.0
92 50765709312.0
93 50765709312.0
94 50765709312.0
95 50765709312.0
96 50765709312.0
97 50765709312.0
98 50765709312.0
99 50765709312.0
100 50765709312.0
101 50765709312.0
102 50765709312.0
103 50765709312.0
104 50765709312.0
105 50765709312.0
106 50765709312.0
107 50765709312.0
108 50765709312.0
109 50765709312.0
110 50765709312.0
111 50765709312.0
112 50765709312.0
113 50765709312.0
114 50765709312.0
115 50765709312.0
116 50765709312.0
117 50765709312.0
118 50765709312.0
119 50765709312.0
120 50765709312.0
121 50765709312.0
122 50765709312.0
123 50765709312.0
124 50765709312.0
125 50765709312.0
126 50765709312.0
127 50765709312.0
128 50765709312.0
129 50765709312.0
130 50765709312.0
131 50765709312.0
132 50765709312.0
133 50765709312.0
134 50765709312.0
135 50765709312.0
136 50765709312.0
137 50765709312.0
138 50765709312.0
139 50765709312.0
140 50765709312.0
141 50765709312.0
142 50765709312.0
143 50765709312.0
144 50765709312.0
145 50765709312.0
146 50765709312.0
147 50765709312.0
148 50765709312.0
149 50765709312.0
150 50765709312.0
151 50765709312.0
152 50765709312.0
153 50765709312.0
154 50765709312.0
155 50765709312.0
156 50765709312.0
157 50765709312.0
158 50765709312.0
159 50765709312.0
160 50765709312.0
161 50765709312.0
162 50765709312.0
163 50765709312.0
164 50765709312.0
165 50765709312.0
166 50765709312.0
167 50765709312.0
168 50765709312.0
169 50765709312.0
170 50765709312.0
171 50765709312.0
172 50765709312.0
173 50765709312.0
174 50765709312.0
175 50765709312.0
176 50765709312.0
177 50765709312.0
178 50765709312.0
179 50765709312.0
180 50765709312.0
181 50765709312.0
182 50765709312.0
183 50765709312.0
184 50765709312.0
185 50765709312.0
186 51379163136.0
187 51379163136.0
188 51379163136.0
189 51447324672.0
190 51447324672.0
191 51447324672.0
192 51447324672.0
193 51447324672.0
194 51447324672.0
195 51447324672.0
196 51447324672.0
197 51447324672.0
198 51447324672.0
199 51517583360.0
200 51517583360.0
201 51517583360.0
202 51517583360.0
203 51517583360.0
204 51517583360.0
205 51517583360.0
206 51517583360.0
207 51517583360.0
208 51517583360.0
209 51517583360.0
210 51517583360.0
211 51517583360.0
212 51517583360.0
213 51517583360.0
214 51517583360.0
215 51517583360.0
216 51517583360.0
217 51517583360.0
218 51517583360.0
219 51517583360.0
220 51517583360.0
221 51517583360.0
222 51517583360.0
223 51517583360.0
224 51517583360.0
225 51517583360.0
226 51517583360.0
227 51517583360.0
228 51517583360.0
229 51517583360.0
230 51517583360.0
231 51517583360.0
232 51517583360.0
233 51517583360.0
234 51517583360.0
235 51517583360.0
236 51517583360.0
237 51517583360.0
238 51517583360.0
239 51517583360.0
240 51517583360.0
241 51517583360.0
242 51517583360.0
243 51517583360.0
244 51517583360.0
245 51517583360.0
246 51517583360.0
247 51517583360.0
248 51517583360.0
249 51517583360.0
250 51517583360.0
251 51517583360.0
252 51517583360.0
253 51517583360.0
254 51517583360.0
255 51517583360.0
256 51517583360.0
257 51517583360.0
258 51517583360.0
259 51517583360.0
260 51517583360.0
261 51517583360.0
262 51517583360.0
263 51517583360.0
264 51517583360.0
265 51517583360.0
266 51517583360.0
267 51517583360.0
268 51517583360.0
269 51517583360.0
270 51517583360.0
271 51517583360.0
272 51517583360.0
273 51517583360.0
274 51517583360.0
275 51517583360.0
276 51517583360.0
277 51517583360.0
278 51517583360.0
279 51517583360.0
280 51517583360.0
281 51517583360.0
282 51517583360.0
283 51517583360.0
284 51517583360.0
285 51517583360.0
286 51517583360.0
287 51517583360.0
288 51517583360.0
289 51517583360.0
290 51517583360.0
291 51517583360.0
292 51517583360.0
293 51517583360.0
294 51517583360.0
295 51517583360.0
296 51517583360.0
297 51517583360.0
298 51517583360.0
299 51517583360.0
300 51517583360.0
301 51517583360.0
302 51517583360.0
303 51517583360.0
304 51517583360.0
305 51517583360.0
306 51517583360.0
307 51517583360.0
308 51517583360.0
309 51517583360.0
310 51517583360.0
311 51517583360.0
312 51517583360.0
313 51517583360.0
314 51517583360.0
315 51517583360.0
316 51517583360.0
317 51517583360.0
318 51517583360.0
319 51517583360.0
320 51722067968.0
321 51722067968.0
322 51722067968.0
323 51722067968.0
324 51722067968.0
325 51722067968.0
326 51722067968.0
327 51722067968.0
328 51722067968.0
329 51722067968.0
330 51722067968.0
331 51722067968.0
332 51722067968.0
333 51722067968.0
334 51722067968.0
335 51722067968.0
336 51722067968.0
337 51722067968.0
338 51722067968.0
339 51722067968.0
340 51722067968.0
341 51722067968.0
342 51722067968.0
343 51722067968.0
344 51722067968.0
345 51722067968.0
346 51722067968.0
347 51722067968.0
348 51722067968.0
349 51722067968.0
350 51722067968.0
351 51722067968.0
352 51722067968.0
353 51722067968.0
354 51722067968.0
355 51722067968.0
356 51722067968.0
357 51722067968.0
358 51722067968.0
359 51722067968.0
360 51722067968.0
361 51722067968.0
362 51722067968.0
363 51722067968.0
364 51722067968.0
365 51722067968.0
366 51722067968.0
367 51722067968.0
368 51722067968.0
369 51722067968.0
370 51722067968.0
371 51722067968.0
372 51722067968.0
373 51722067968.0
374 51722067968.0
375 51722067968.0
376 51722067968.0
377 51722067968.0
378 51722067968.0
379 51722067968.0
380 51722067968.0
381 51722067968.0
382 51722067968.0
383 51722067968.0
384 51722067968.0
385 51722067968.0
386 51722067968.0
387 51722067968.0
388 51722067968.0
389 51722067968.0
390 51722067968.0
391 51722067968.0
392 51722067968.0
393 51722067968.0
394 51722067968.0
395 51722067968.0
396 51722067968.0
397 51722067968.0
398 51722067968.0
399 51722067968.0
400 51722067968.0
401 51722067968.0
402 51722067968.0
403 51722067968.0
404 51722067968.0
405 51722067968.0
406 51722067968.0
407 51722067968.0
408 51722067968.0
409 51722067968.0
410 51722067968.0
411 51722067968.0
412 51722067968.0
413 51722067968.0
414 51722067968.0
415 51722067968.0
416 51722067968.0
417 51722067968.0
418 51722067968.0
419 51722067968.0
420 51722067968.0
421 51722067968.0
422 51722067968.0
423 51722067968.0
424 51722067968.0
425 51722067968.0
426 51722067968.0
427 51722067968.0
428 51722067968.0
429 51722067968.0
430 51722067968.0
431 51926552576.0
432 51926552576.0
433 51926552576.0
434 51926552576.0
435 51926552576.0
436 51926552576.0
437 51926552576.0
438 51926552576.0
439 51926552576.0
440 51926552576.0
441 52267360256.0
442 52267360256.0
443 52267360256.0
444 52267360256.0
445 52267360256.0
446 52267360256.0
447 52267360256.0
448 52267360256.0
449 52267360256.0
450 52267360256.0
451 52267360256.0
452 52267360256.0
453 52267360256.0
454 52267360256.0
455 52267360256.0
456 52267360256.0
457 52267360256.0
458 52267360256.0
459 52267360256.0
460 52267360256.0
461 52267360256.0
462 52267360256.0
463 52267360256.0
464 52267360256.0
465 52267360256.0
466 52267360256.0
467 52267360256.0
468 52267360256.0
469 52267360256.0
470 52267360256.0
471 52267360256.0
472 52267360256.0
473 52267360256.0
474 52267360256.0
475 52267360256.0
476 52267360256.0
477 52267360256.0
478 52267360256.0
479 52267360256.0
480 52267360256.0
481 52267360256.0
482 52267360256.0
483 52267360256.0
484 52267360256.0
485 52267360256.0
486 52267360256.0
487 52267360256.0
488 52267360256.0
489 52267360256.0
490 52267360256.0
491 52267360256.0
492 52267360256.0
493 52267360256.0
494 52267360256.0
495 52267360256.0
496 52267360256.0
497 52267360256.0
498 52267360256.0
499 52267360256.0
500 52267360256.0
501 52267360256.0
502 52267360256.0
503 52267360256.0
504 52267360256.0
505 52267360256.0
506 52267360256.0
507 52267360256.0
508 52267360256.0
509 52267360256.0
510 52267360256.0
511 52267360256.0
512 52267360256.0
513 52267360256.0
514 52267360256.0
515 52267360256.0
516 52267360256.0
517 52267360256.0
518 52267360256.0
519 52267360256.0
520 52267360256.0
521 52267360256.0
522 52267360256.0
523 52267360256.0
524 52267360256.0
525 52267360256.0
526 52267360256.0
527 52267360256.0
528 52267360256.0
529 52267360256.0
530 52267360256.0
531 52267360256.0
532 52267360256.0
533 52267360256.0
534 52267360256.0
535 52267360256.0
536 52267360256.0
537 52267360256.0
538 52267360256.0
539 52267360256.0
540 52267360256.0
541 52267360256.0
542 52267360256.0
543 52267360256.0
544 52267360256.0
545 52267360256.0
546 52267360256.0
547 52267360256.0
548 52267360256.0
549 52267360256.0
550 52267360256.0
551 52267360256.0
552 52267360256.0
553 52267360256.0
554 52267360256.0
555 52267360256.0
556 52267360256.0
557 52267360256.0
558 52267360256.0
559 52267360256.0
560 52267360256.0
561 52267360256.0
562 52266307584.0
563 52266307584.0
564 52266307584.0
565 52266307584.0
566 52266307584.0
567 52266307584.0
568 52266307584.0
569 52266307584.0
570 52266307584.0
571 52266307584.0
572 52266307584.0
573 52266307584.0
574 52266307584.0
575 52266307584.0
576 52266307584.0
577 52266307584.0
578 52266307584.0
579 52266307584.0
580 52266307584.0
581 52266307584.0
582 52266307584.0
583 52266307584.0
584 52266307584.0
585 52266307584.0
586 52266307584.0
587 52266307584.0
588 52266307584.0
589 52266307584.0
590 52266307584.0
591 52266307584.0
592 52266307584.0
593 52266307584.0
594 52266307584.0
595 52266307584.0
596 52266307584.0
597 52266307584.0
598 52266307584.0
599 52266307584.0
600 52266307584.0
601 52266307584.0
602 52265254912.0
603 52265254912.0
604 52265254912.0
605 52265254912.0
606 52265254912.0
607 52265254912.0
608 52265254912.0
609 52265254912.0
610 52265254912.0
611 52265254912.0
612 52265254912.0
613 52265254912.0
614 52265254912.0
615 52265254912.0
616 52265254912.0
617 52265254912.0
618 52265254912.0
619 52265254912.0
620 52265254912.0
621 52265254912.0
622 52265254912.0
623 52265254912.0
624 52265254912.0
625 52265254912.0
626 52265254912.0
627 52265254912.0
628 52265254912.0
629 52265254912.0
630 52265254912.0
631 52265254912.0
632 52265254912.0
633 52264202240.0
634 52264202240.0
635 52264202240.0
636 52264202240.0
637 52264202240.0
638 52264202240.0
639 52264202240.0
640 52264202240.0
641 52264202240.0
642 52264202240.0
643 52263149568.0
644 52263149568.0
645 52263149568.0
646 52263149568.0
647 52263149568.0
648 52263149568.0
649 52263149568.0
650 52263149568.0
651 52263149568.0
652 52263149568.0
653 52263149568.0
654 52263149568.0
655 52263149568.0
656 52263149568.0
657 52263149568.0
658 52263149568.0
659 52263149568.0
660 52263149568.0
661 52263149568.0
662 52263149568.0
663 52263149568.0
664 52263149568.0
665 52263149568.0
666 52263149568.0
667 52263149568.0
668 52263149568.0
669 52263149568.0
670 52263149568.0
671 52263149568.0
672 52263149568.0
673 52263149568.0
674 52263149568.0
675 52263149568.0
676 52263149568.0
677 52263149568.0
678 52263149568.0
679 52263149568.0
680 52263149568.0
681 52263149568.0
682 52263149568.0
683 52263149568.0
684 52263149568.0
685 52263149568.0
686 52263149568.0
687 52263149568.0
688 52263149568.0
689 52263149568.0
690 52263149568.0
691 52263149568.0
692 52263149568.0
693 52263149568.0
694 52263149568.0
695 52263149568.0
696 52263149568.0
697 52263149568.0
698 52263149568.0
699 52263149568.0
700 52263149568.0
701 52263149568.0
702 52263149568.0
703 52263149568.0
704 52263149568.0
705 52263149568.0
706 52263149568.0
707 52263149568.0
708 52263149568.0
709 52263149568.0
710 52263149568.0
711 52263149568.0
712 52263149568.0
713 52263149568.0
714 52263149568.0
715 52263149568.0
716 52263149568.0
717 52263149568.0
718 52263149568.0
719 52263149568.0
720 52263149568.0
721 52263149568.0
722 52263149568.0
723 52263149568.0
724 52263149568.0
725 52263149568.0
726 52263149568.0
727 52263149568.0
728 52263149568.0
729 52263149568.0
730 52263149568.0
731 52263149568.0
732 52263149568.0
733 52262096896.0
734 52262096896.0
735 52262096896.0
736 52262096896.0
737 52262096896.0
738 52262096896.0
739 52262096896.0
740 52262096896.0
741 52262096896.0
742 52262096896.0
743 52262096896.0
744 52262096896.0
745 52262096896.0
746 52262096896.0
747 52262096896.0
748 52262096896.0
749 52262096896.0
750 52262096896.0
751 52262096896.0
752 52262096896.0
753 52262096896.0
754 52262096896.0
755 52262096896.0
756 52262096896.0
757 52262096896.0
758 52262096896.0
759 52262096896.0
760 52262096896.0
761 52262096896.0
762 52262096896.0
763 52262096896.0
764 52262096896.0
765 52262096896.0
766 52262096896.0
767 52262096896.0
768 52262096896.0
769 52262096896.0
770 52262096896.0
771 52262096896.0
772 52262096896.0
773 52262096896.0
774 52262096896.0
775 52262096896.0
776 52262096896.0
777 52262096896.0
778 52262096896.0
779 52262096896.0
780 52262096896.0
781 52262096896.0
782 52262096896.0
783 52262096896.0
784 52262096896.0
785 52262096896.0
786 52262096896.0
787 52262096896.0
788 52262096896.0
789 52262096896.0
790 52262096896.0
791 52262096896.0
792 52262096896.0
793 52262096896.0
794 52262096896.0
795 52262096896.0
796 52262096896.0
797 52262096896.0
798 52262096896.0
799 52262096896.0
800 52262096896.0
801 52262096896.0
802 52262096896.0
803 52262096896.0
804 52259991552.0
805 52259991552.0
806 52259991552.0
807 52259991552.0
808 52259991552.0
809 52259991552.0
810 52259991552.0
811 52259991552.0
812 52259991552.0
813 52259991552.0
814 52259991552.0
815 52259991552.0
816 52259991552.0
817 52259991552.0
818 52259991552.0
819 52259991552.0
820 52259991552.0
821 52259991552.0
822 52259991552.0
823 52259991552.0
824 52259991552.0
825 52259991552.0
826 52259991552.0
827 52259991552.0
828 52259991552.0
829 52259991552.0
830 52259991552.0
831 52259991552.0
832 52259991552.0
833 52259991552.0
834 52259991552.0
835 52259991552.0
836 52259991552.0
837 52259991552.0
838 52259991552.0
839 52259991552.0
840 52259991552.0
841 52259991552.0
842 52259991552.0
843 52259991552.0
844 52259991552.0
845 52259991552.0
846 52259991552.0
847 52259991552.0
848 52259991552.0
849 52259991552.0
850 52259991552.0
851 52259991552.0
852 52259991552.0
853 52259991552.0
854 52258938880.0
855 52258938880.0
856 52258938880.0
857 52258938880.0
858 52258938880.0
859 52258938880.0
860 52258938880.0
861 52258938880.0
862 52258938880.0
863 52258938880.0
864 52258938880.0
865 52258938880.0
866 52258938880.0
867 52258938880.0
868 52258938880.0
869 52258938880.0
870 52258938880.0
871 52258938880.0
872 52258938880.0
873 52258938880.0
874 52258938880.0
875 52258938880.0
876 52258938880.0
877 52258938880.0
878 52258938880.0
879 52258938880.0
880 52258938880.0
881 52258938880.0
882 52258938880.0
883 52258938880.0
884 52258938880.0
885 52257886208.0
886 52257886208.0
887 52257886208.0
888 52257886208.0
889 52257886208.0
890 52257886208.0
891 52257886208.0
892 52257886208.0
893 52257886208.0
894 52257886208.0
895 52257886208.0
896 52257886208.0
897 52257886208.0
898 52257886208.0
899 52257886208.0
900 52257886208.0
901 52257886208.0
902 52257886208.0
903 52257886208.0
904 52257886208.0
905 52257886208.0
906 52257886208.0
907 52256833536.0
908 52256833536.0
909 52256833536.0
910 52256833536.0
911 52256833536.0
912 52256833536.0
913 52256833536.0
914 52256833536.0
915 52256833536.0
916 52256833536.0
917 52256833536.0
918 52256833536.0
919 52256833536.0
920 52256833536.0
921 52256833536.0
922 52256833536.0
923 52256833536.0
924 52256833536.0
