0 4554752.0
1 38110121984.0
2 38121259008.0
3 38193135616.0
4 38262910976.0
5 38539751424.0
6 38539751424.0
7 38539751424.0
8 38539751424.0
9 38539751424.0
10 38539751424.0
11 38539751424.0
12 38539751424.0
13 38539751424.0
14 38539751424.0
15 38541848576.0
16 38678171648.0
17 38678171648.0
18 38678171648.0
19 38678171648.0
20 38678171648.0
21 38678171648.0
22 38678171648.0
23 38678171648.0
24 38678171648.0
25 38678171648.0
26 38678171648.0
27 38678171648.0
28 38678171648.0
29 38678171648.0
30 38678171648.0
31 38678171648.0
32 38678171648.0
33 38678171648.0
34 38678171648.0
35 38678171648.0
36 38678171648.0
37 38678171648.0
38 38678171648.0
39 38678171648.0
40 38678171648.0
41 38678171648.0
42 38678171648.0
43 38678171648.0
44 38678171648.0
45 38678171648.0
46 38678171648.0
47 38678171648.0
48 38678171648.0
49 38678171648.0
50 38678171648.0
51 38678171648.0
52 38678171648.0
53 38678171648.0
54 38678171648.0
55 38678171648.0
56 38678171648.0
57 38678171648.0
58 38678171648.0
59 38678171648.0
60 38678171648.0
61 38678171648.0
62 38678171648.0
63 38678171648.0
64 38678171648.0
65 38678171648.0
66 38678171648.0
67 38678171648.0
68 38748430336.0
69 38884753408.0
70 38884753408.0
71 38884753408.0
72 38884753408.0
73 38884753408.0
74 38884753408.0
75 38884753408.0
76 38884753408.0
77 38884753408.0
78 38884753408.0
79 39361884160.0
80 39361884160.0
81 39361884160.0
82 39361884160.0
83 39361884160.0
84 39361884160.0
85 39361884160.0
86 39361884160.0
87 39361884160.0
88 39361884160.0
89 39361884160.0
90 39361884160.0
91 39361884160.0
92 39361884160.0
93 39361884160.0
94 39361884160.0
95 39361884160.0
96 39361884160.0
97 39361884160.0
98 39361884160.0
99 39361884160.0
100 39361884160.0
101 39361884160.0
102 39361884160.0
103 39361884160.0
104 39361884160.0
105 39361884160.0
106 39361884160.0
107 39361884160.0
108 39361884160.0
109 39361884160.0
110 39361884160.0
111 39361884160.0
112 39361884160.0
113 39361884160.0
114 39361884160.0
115 39361884160.0
116 39361884160.0
117 39361884160.0
118 39361884160.0
119 39361884160.0
120 39361884160.0
121 39361884160.0
122 39361884160.0
123 39361884160.0
124 39361884160.0
125 39361884160.0
126 39361884160.0
127 39361884160.0
128 39361884160.0
129 39361884160.0
130 39361884160.0
131 39361884160.0
132 39361884160.0
133 39361884160.0
134 39361884160.0
135 39361884160.0
136 39361884160.0
137 39361884160.0
138 39361884160.0
139 39361884160.0
140 39361884160.0
141 39361884160.0
142 39361884160.0
143 39361884160.0
144 39361884160.0
145 39361884160.0
146 39361884160.0
147 39361884160.0
148 39361884160.0
149 39361884160.0
150 39361884160.0
151 39361884160.0
152 39361884160.0
153 39361884160.0
154 39361884160.0
155 39361884160.0
156 39361884160.0
157 39361884160.0
158 39361884160.0
159 39361884160.0
160 39361884160.0
161 39361884160.0
162 39361884160.0
163 39361884160.0
164 39361884160.0
165 39361884160.0
166 39361884160.0
167 39361884160.0
168 39361884160.0
169 39361884160.0
170 39361884160.0
171 39361884160.0
172 39361884160.0
173 39361884160.0
174 39361884160.0
175 39361884160.0
176 39361884160.0
177 39361884160.0
178 39361884160.0
179 39361884160.0
180 39361884160.0
181 39361884160.0
182 39361884160.0
183 39361884160.0
184 39361884160.0
185 39361884160.0
186 39361884160.0
187 39361884160.0
188 39361884160.0
189 39361884160.0
190 39361884160.0
191 39361884160.0
192 39361884160.0
193 39361884160.0
194 39361884160.0
195 39361884160.0
196 39361884160.0
197 39361884160.0
198 39361884160.0
199 39361884160.0
200 39361884160.0
201 39361884160.0
202 39361884160.0
203 39361884160.0
204 39361884160.0
205 39361884160.0
206 39361884160.0
207 39361884160.0
208 39361884160.0
209 39361884160.0
210 39361884160.0
211 39361884160.0
212 39361884160.0
213 39361884160.0
214 39361884160.0
215 39361884160.0
216 39361884160.0
217 39361884160.0
218 39361884160.0
219 39361884160.0
220 39361884160.0
221 39361884160.0
222 39361884160.0
223 39361884160.0
224 39361884160.0
225 39361884160.0
226 39361884160.0
227 39361884160.0
228 39361884160.0
229 39361884160.0
230 39361884160.0
231 39361884160.0
232 39361884160.0
233 39361884160.0
234 39361884160.0
235 39361884160.0
236 39361884160.0
237 39361884160.0
238 39361884160.0
239 39361884160.0
240 39361884160.0
241 39361884160.0
242 39361884160.0
243 39361884160.0
244 39361884160.0
245 39361884160.0
246 39361884160.0
247 39361884160.0
248 39361884160.0
249 39361884160.0
250 39361884160.0
251 39361884160.0
252 39361884160.0
253 39361884160.0
254 39361884160.0
255 39361884160.0
256 39361884160.0
257 39361884160.0
258 39361884160.0
259 39361884160.0
260 39363981312.0
261 39363981312.0
262 39363981312.0
263 39363981312.0
264 39363981312.0
265 39363981312.0
266 39363981312.0
267 39363981312.0
268 39363981312.0
269 39363981312.0
270 39363981312.0
271 39363981312.0
272 39363981312.0
273 39363981312.0
274 39363981312.0
275 39363981312.0
276 39363981312.0
277 39363981312.0
278 39363981312.0
279 39363981312.0
280 39363981312.0
281 39363981312.0
282 39363981312.0
283 39363981312.0
284 39363981312.0
285 39363981312.0
286 39363981312.0
287 39363981312.0
288 39363981312.0
289 39363981312.0
290 39363981312.0
291 39363981312.0
292 39363981312.0
293 39363981312.0
294 39363981312.0
295 39363981312.0
296 39363981312.0
297 39363981312.0
298 39363981312.0
299 39363981312.0
300 39363981312.0
301 39363981312.0
302 39363981312.0
303 39363981312.0
304 39363981312.0
305 39363981312.0
306 39363981312.0
307 39363981312.0
308 39363981312.0
309 39363981312.0
310 39363981312.0
311 39363981312.0
312 39363981312.0
313 39363981312.0
314 39363981312.0
315 39363981312.0
316 39363981312.0
317 39363981312.0
318 39363981312.0
319 39363981312.0
320 39500304384.0
321 39500304384.0
322 39500304384.0
323 39500304384.0
324 39500304384.0
325 39500304384.0
326 39500304384.0
327 39500304384.0
328 39500304384.0
329 39500304384.0
330 39500304384.0
331 39500304384.0
332 39500304384.0
333 39500304384.0
334 39500304384.0
335 39500304384.0
336 39500304384.0
337 39500304384.0
338 39500304384.0
339 39500304384.0
340 39500304384.0
341 39500304384.0
342 39500304384.0
343 39500304384.0
344 39500304384.0
345 39500304384.0
346 39500304384.0
347 39500304384.0
348 39500304384.0
349 39500304384.0
350 39500304384.0
351 39500304384.0
352 39500304384.0
353 39500304384.0
354 39500304384.0
355 39500304384.0
356 39500304384.0
357 39500304384.0
358 39500304384.0
359 39500304384.0
360 39500304384.0
361 39500304384.0
362 39500304384.0
363 39500304384.0
364 39500304384.0
365 39500304384.0
366 39500304384.0
367 39500304384.0
368 39500304384.0
369 39500304384.0
370 39500304384.0
371 39500304384.0
372 39500304384.0
373 39500304384.0
374 39500304384.0
375 39500304384.0
376 39500304384.0
377 39500304384.0
378 39500304384.0
379 39500304384.0
380 39636627456.0
381 39636627456.0
382 39636627456.0
383 39636627456.0
384 39636627456.0
385 39636627456.0
386 39636627456.0
387 39636627456.0
388 39636627456.0
389 39636627456.0
390 39636627456.0
391 39636627456.0
392 39636627456.0
393 39636627456.0
394 39636627456.0
395 39636627456.0
396 39636627456.0
397 39636627456.0
398 39636627456.0
399 39636627456.0
400 39636627456.0
401 39636627456.0
402 39636627456.0
403 39636627456.0
404 39636627456.0
405 39636627456.0
406 39636627456.0
407 39636627456.0
408 39636627456.0
409 39636627456.0
410 39636627456.0
411 39636627456.0
412 39636627456.0
413 39636627456.0
414 39636627456.0
415 39636627456.0
416 39636627456.0
417 39636627456.0
418 39636627456.0
419 39636627456.0
420 39636627456.0
421 39636627456.0
422 39636627456.0
423 39636627456.0
424 39636627456.0
425 39636627456.0
426 39636627456.0
427 39636627456.0
428 39636627456.0
429 39636627456.0
430 39636627456.0
431 39636627456.0
432 39636627456.0
433 39636627456.0
434 39636627456.0
435 39636627456.0
436 39636627456.0
437 39636627456.0
438 39636627456.0
439 39636627456.0
440 39636627456.0
441 39841112064.0
442 39841112064.0
443 39841112064.0
444 39841112064.0
445 39841112064.0
446 39841112064.0
447 39841112064.0
448 39841112064.0
449 39841112064.0
450 39841112064.0
451 39841112064.0
452 39841112064.0
453 39841112064.0
454 39841112064.0
455 39841112064.0
456 39841112064.0
457 39841112064.0
458 39841112064.0
459 39841112064.0
460 39841112064.0
461 39841112064.0
462 39841112064.0
463 39841112064.0
464 39841112064.0
465 39841112064.0
466 39841112064.0
467 39841112064.0
468 39841112064.0
469 39841112064.0
470 39841112064.0
471 39841112064.0
472 39841112064.0
473 39841112064.0
474 39841112064.0
475 39841112064.0
476 39841112064.0
477 39841112064.0
478 39841112064.0
479 39841112064.0
480 39841112064.0
481 39841112064.0
482 39841112064.0
483 39841112064.0
484 39841112064.0
485 39841112064.0
486 39841112064.0
487 39841112064.0
488 39841112064.0
489 39841112064.0
490 39841112064.0
491 39841112064.0
492 39841112064.0
493 39841112064.0
494 39841112064.0
495 39841112064.0
496 39841112064.0
497 39841112064.0
498 39841112064.0
499 39841112064.0
500 39841112064.0
501 39841112064.0
502 39841112064.0
503 39841112064.0
504 39841112064.0
505 39841112064.0
506 39841112064.0
507 39841112064.0
508 39841112064.0
509 39841112064.0
510 39841112064.0
511 39841112064.0
512 39841112064.0
513 39841112064.0
514 39841112064.0
515 39841112064.0
516 39841112064.0
517 39841112064.0
518 39841112064.0
519 39841112064.0
520 39841112064.0
521 39841112064.0
522 39841112064.0
523 39841112064.0
524 39841112064.0
525 39841112064.0
526 39841112064.0
527 39841112064.0
528 39841112064.0
529 39841112064.0
530 39841112064.0
531 39841112064.0
532 39841112064.0
533 39841112064.0
534 39841112064.0
535 39841112064.0
536 39841112064.0
537 39841112064.0
538 39841112064.0
539 39841112064.0
540 39841112064.0
541 39841112064.0
542 39841112064.0
543 39841112064.0
544 39841112064.0
545 39841112064.0
546 39841112064.0
547 39841112064.0
548 39841112064.0
549 39841112064.0
550 39841112064.0
551 39841112064.0
552 39841112064.0
553 39841112064.0
554 39841112064.0
555 39841112064.0
556 39841112064.0
557 39841112064.0
558 39841112064.0
559 39841112064.0
560 39841112064.0
561 39841112064.0
562 39841112064.0
563 39841112064.0
564 39841112064.0
565 39841112064.0
566 39841112064.0
567 39841112064.0
568 39841112064.0
569 39841112064.0
570 39841112064.0
571 39841112064.0
572 39841112064.0
573 39841112064.0
574 39841112064.0
575 39841112064.0
576 39841112064.0
577 39841112064.0
578 39841112064.0
579 39841112064.0
580 39841112064.0
581 39841112064.0
582 39841112064.0
583 39841112064.0
584 39841112064.0
585 39841112064.0
586 39841112064.0
587 39841112064.0
588 39841112064.0
589 39841112064.0
590 39841112064.0
591 39841112064.0
592 39841112064.0
593 39841112064.0
594 39841112064.0
595 39841112064.0
596 39841112064.0
597 39841112064.0
598 39841112064.0
599 39841112064.0
600 39841112064.0
601 39841112064.0
602 39841112064.0
603 39841112064.0
604 39841112064.0
605 39841112064.0
606 39841112064.0
607 39841112064.0
608 39841112064.0
609 39841112064.0
610 39841112064.0
611 39841112064.0
612 39841112064.0
613 39841112064.0
614 39841112064.0
615 39841112064.0
616 39841112064.0
617 39841112064.0
618 39841112064.0
619 39841112064.0
620 39841112064.0
621 39841112064.0
622 39841112064.0
623 39841112064.0
624 39841112064.0
625 39841112064.0
626 39841112064.0
627 39841112064.0
628 39841112064.0
629 39841112064.0
630 39841112064.0
631 39841112064.0
632 39841112064.0
633 39841112064.0
634 39841112064.0
635 39841112064.0
636 39841112064.0
637 39841112064.0
638 39841112064.0
639 39841112064.0
640 39841112064.0
641 39841112064.0
642 39841112064.0
643 39841112064.0
644 39841112064.0
645 39841112064.0
646 39841112064.0
647 39841112064.0
648 39841112064.0
649 39841112064.0
650 39841112064.0
651 39841112064.0
652 39841112064.0
653 39841112064.0
654 39841112064.0
655 39841112064.0
656 39841112064.0
657 39841112064.0
658 39841112064.0
659 39841112064.0
660 39841112064.0
661 39841112064.0
662 39841112064.0
663 39841112064.0
664 39841112064.0
665 39841112064.0
666 39841112064.0
667 39841112064.0
668 39841112064.0
669 39841112064.0
670 39841112064.0
671 39841112064.0
672 39841112064.0
673 39841112064.0
674 39841112064.0
675 39841112064.0
676 39841112064.0
677 39841112064.0
678 39841112064.0
679 39841112064.0
680 39841112064.0
681 39841112064.0
682 39841112064.0
683 39841112064.0
684 39841112064.0
685 39841112064.0
686 39841112064.0
687 39841112064.0
688 39841112064.0
689 39841112064.0
690 39841112064.0
691 39841112064.0
692 39841112064.0
693 39841112064.0
694 39841112064.0
695 39841112064.0
696 39841112064.0
697 39841112064.0
698 39841112064.0
699 39841112064.0
700 39841112064.0
701 39841112064.0
702 39841112064.0
703 39841112064.0
704 39841112064.0
705 39841112064.0
706 39841112064.0
707 39841112064.0
708 39841112064.0
709 39841112064.0
710 39841112064.0
711 39841112064.0
712 39841112064.0
713 39841112064.0
714 39841112064.0
715 39841112064.0
716 39841112064.0
717 39841112064.0
718 39841112064.0
719 39841112064.0
720 39841112064.0
721 39841112064.0
722 39841112064.0
723 39841112064.0
724 39841112064.0
725 39841112064.0
726 39841112064.0
727 39841112064.0
728 39841112064.0
729 39841112064.0
730 39841112064.0
731 39841112064.0
732 39841112064.0
733 39841112064.0
734 39841112064.0
735 39841112064.0
736 39841112064.0
737 39841112064.0
738 39841112064.0
739 39841112064.0
740 39841112064.0
741 39841112064.0
742 39841112064.0
743 39841112064.0
744 39841112064.0
745 39841112064.0
746 39841112064.0
747 39841112064.0
748 39841112064.0
749 39841112064.0
750 39841112064.0
751 39841112064.0
752 39841112064.0
753 39841112064.0
754 39841112064.0
755 39841112064.0
756 39841112064.0
757 39841112064.0
758 39841112064.0
759 39841112064.0
760 39841112064.0
761 39841112064.0
762 39841112064.0
763 39841112064.0
764 39841112064.0
765 39841112064.0
766 39841112064.0
767 39841112064.0
768 39841112064.0
769 39841112064.0
770 39841112064.0
771 39841112064.0
772 39841112064.0
773 39841112064.0
774 39841112064.0
775 39841112064.0
776 39841112064.0
777 39841112064.0
778 39841112064.0
779 39841112064.0
780 39841112064.0
781 39841112064.0
782 39841112064.0
783 39841112064.0
784 39841112064.0
785 39841112064.0
786 39841112064.0
787 39841112064.0
788 39841112064.0
789 39841112064.0
790 39841112064.0
791 39841112064.0
792 39841112064.0
793 39841112064.0
794 39841112064.0
795 39841112064.0
796 39841112064.0
797 39841112064.0
798 39841112064.0
799 39841112064.0
800 39841112064.0
801 39841112064.0
802 39841112064.0
803 39841112064.0
804 39841112064.0
805 39841112064.0
806 39841112064.0
807 39841112064.0
808 39841112064.0
809 39841112064.0
810 39841112064.0
811 39841112064.0
812 39841112064.0
813 39841112064.0
814 39841112064.0
815 39841112064.0
816 39841112064.0
817 39841112064.0
818 39841112064.0
819 39841112064.0
820 39841112064.0
821 39841112064.0
822 39841112064.0
823 39841112064.0
824 39841112064.0
825 39841112064.0
826 39841112064.0
827 39841112064.0
828 39841112064.0
829 39841112064.0
830 39841112064.0
831 39841112064.0
832 39841112064.0
833 39841112064.0
834 39841112064.0
835 39841112064.0
836 39841112064.0
837 39841112064.0
838 39841112064.0
839 39841112064.0
840 39841112064.0
841 39841112064.0
842 39841112064.0
843 39841112064.0
844 39841112064.0
845 39841112064.0
846 39841112064.0
847 39841112064.0
848 39841112064.0
849 39841112064.0
850 39841112064.0
851 39841112064.0
852 39841112064.0
853 39841112064.0
854 39841112064.0
855 39841112064.0
856 39841112064.0
857 39841112064.0
858 39841112064.0
859 39841112064.0
860 39841112064.0
861 39841112064.0
862 39841112064.0
863 39841112064.0
864 39841112064.0
865 39841112064.0
866 39841112064.0
867 39841112064.0
868 39841112064.0
869 39841112064.0
870 39841112064.0
871 39841112064.0
872 39841112064.0
873 39841112064.0
874 39841112064.0
875 39841112064.0
876 39841112064.0
877 39841112064.0
878 39841112064.0
879 39841112064.0
880 39841112064.0
881 39841112064.0
882 39841112064.0
883 39841112064.0
884 39841112064.0
885 39841112064.0
886 39841112064.0
887 39841112064.0
888 39841112064.0
889 39841112064.0
890 39841112064.0
891 39841112064.0
892 39841112064.0
893 39841112064.0
894 39841112064.0
895 39841112064.0
896 39841112064.0
897 39841112064.0
898 39841112064.0
899 39841112064.0
900 39841112064.0
901 39841112064.0
902 39841112064.0
903 39841112064.0
904 39841112064.0
905 39841112064.0
906 39841112064.0
907 39841112064.0
908 39841112064.0
909 39841112064.0
910 39841112064.0
911 39841112064.0
912 39841112064.0
913 39841112064.0
914 39841112064.0
915 39841112064.0
916 39841112064.0
917 39841112064.0
918 39841112064.0
919 39841112064.0
920 39841112064.0
921 39841112064.0
922 39841112064.0
923 39841112064.0
924 39841112064.0
