0 0.0
1 3.0
2 467.0
3 645.1
4 684.0
5 443.9
6 100.0
7 0.0
8 1.0
9 0.0
10 0.0
11 1.0
12 0.0
13 35.0
14 691.0
15 388.4
16 183.8
17 0.0
18 1.0
19 0.0
20 0.0
21 0.0
22 0.0
23 0.0
24 0.0
25 0.0
26 0.0
27 0.0
28 1.0
29 0.0
30 1.0
31 0.0
32 0.0
33 1.0
34 0.0
35 0.0
36 0.0
37 0.0
38 0.0
39 0.0
40 1.0
41 0.0
42 0.0
43 0.0
44 0.0
45 0.0
46 0.0
47 1.0
48 0.0
49 0.0
50 0.0
51 0.0
52 0.0
53 1.0
54 0.0
55 0.0
56 129.9
57 13.0
58 9.0
59 10.0
60 6.0
61 5.0
62 5.0
63 18.0
64 4.0
65 5.0
66 13.0
67 10.0
68 4.0
69 3.0
70 14.0
71 25.0
72 2.0
73 12.0
74 3.0
75 3.0
76 28.0
77 5.0
78 2.0
79 8.0
80 11.0
81 8.0
82 3.0
83 5.0
84 3.0
85 3.0
86 10.0
87 5.0
88 4.0
89 3.0
90 2.0
91 8.0
92 3.0
93 2.0
94 2.0
95 2.0
96 7.0
97 2.0
98 14.0
99 3.0
100 2.0
101 3.0
102 3.0
103 3.0
104 2.0
105 3.0
106 9.0
107 2.0
108 3.0
109 3.0
110 2.0
111 5.0
112 5.0
113 3.0
114 3.0
115 2.0
116 13.0
117 4.0
118 3.0
119 5.0
120 3.0
121 6.0
122 4.0
123 3.0
124 3.0
125 4.0
126 10.0
127 5.0
128 4.0
129 3.0
130 3.0
131 7.0
132 2.0
133 4.0
134 3.0
135 4.0
136 7.0
137 5.0
138 4.0
139 3.0
140 3.0
141 5.0
142 3.0
143 4.0
144 4.0
145 3.0
146 5.0
147 10.0
148 3.0
149 3.0
150 5.0
151 3.0
152 7.0
153 6.0
154 3.0
155 6.0
156 5.0
157 11.0
158 2.0
159 4.0
160 3.0
161 4.0
162 5.0
163 3.0
164 3.0
165 4.0
166 3.0
167 14.0
168 3.0
169 4.0
170 3.0
171 3.0
172 6.0
173 4.0
174 3.0
175 4.0
176 3.0
177 11.0
178 3.0
179 4.0
180 3.0
181 5.0
182 5.0
183 4.0
184 5.0
185 4.0
186 3.0
187 12.0
188 3.0
189 4.0
190 3.0
191 5.0
192 5.0
193 4.0
194 4.0
195 4.0
196 5.0
197 13.0
198 5.0
199 3.0
200 4.0
201 5.0
202 6.0
203 4.0
204 3.0
205 5.0
206 3.0
207 13.0
208 4.0
209 3.0
210 4.0
211 5.0
212 6.0
213 4.0
214 3.0
215 5.0
216 5.0
217 8.0
218 3.0
219 4.0
220 4.0
221 4.0
222 6.0
223 3.0
224 4.0
225 4.0
226 6.0
227 10.0
228 5.0
229 4.0
230 4.0
231 3.0
232 5.0
233 5.0
234 3.0
235 4.0
236 4.0
237 29.0
238 5.0
239 4.0
240 5.0
241 5.0
242 6.0
243 5.0
244 5.0
245 6.0
246 6.0
247 17.0
248 5.0
249 6.0
250 5.0
251 4.0
252 7.0
253 10.0
254 5.0
255 8.0
256 4.0
257 14.0
258 5.0
259 5.0
260 5.0
261 4.0
262 6.0
263 6.0
264 4.0
265 5.0
266 6.0
267 11.0
268 5.0
269 5.0
270 4.0
271 4.0
272 8.0
273 5.0
274 5.0
275 5.0
276 5.0
277 12.0
278 5.0
279 4.0
280 6.0
281 5.0
282 10.0
283 4.0
284 13.0
285 5.0
286 5.0
287 5.0
288 11.0
289 4.0
290 5.0
291 5.0
292 9.0
293 11.0
294 4.0
295 5.0
296 5.0
297 6.0
298 18.0
299 6.0
300 6.0
301 6.0
302 5.0
303 8.0
304 5.0
305 6.0
306 6.0
307 6.0
308 15.0
309 6.0
310 6.0
311 5.0
312 6.0
313 8.0
314 7.0
315 5.0
316 7.0
317 6.0
318 11.0
319 8.0
320 4.0
321 5.0
322 7.0
323 6.0
324 6.0
325 6.0
326 8.0
327 5.0
328 12.0
329 6.0
330 5.0
331 6.0
332 8.0
333 12.0
334 6.0
335 5.0
336 6.0
337 6.0
338 14.0
339 5.0
340 7.0
341 5.0
342 7.0
343 11.0
344 5.0
345 6.0
346 7.0
347 6.0
348 13.0
349 6.0
350 6.0
351 5.0
352 6.0
353 7.0
354 7.0
355 5.0
356 6.0
357 5.0
358 87.9
359 5.0
360 6.0
361 5.0
362 7.0
363 9.0
364 8.0
365 6.0
366 8.0
367 7.0
368 23.0
369 7.0
370 7.0
371 6.0
372 8.0
373 10.0
374 6.0
375 7.0
376 8.0
377 7.0
378 27.0
379 15.0
380 6.0
381 6.0
382 8.0
383 9.0
384 7.0
385 6.0
386 8.0
387 7.0
388 21.0
389 6.0
390 8.0
391 6.0
392 7.0
393 15.0
394 6.0
395 7.0
396 8.0
397 7.0
398 13.0
399 10.0
400 7.0
401 7.0
402 7.0
403 8.0
404 8.0
405 7.0
406 7.0
407 7.0
408 9.0
409 12.0
410 6.0
411 7.0
412 7.0
413 8.0
414 6.0
415 6.0
416 6.0
417 6.0
418 7.0
419 17.0
420 6.0
421 6.0
422 6.0
423 6.0
424 12.0
425 6.0
426 8.0
427 7.0
428 7.0
429 14.0
430 7.0
431 7.0
432 7.0
433 9.0
434 10.0
435 8.0
436 7.0
437 7.0
438 9.0
439 14.0
440 9.0
441 12.0
442 5.0
443 15.0
444 16.0
445 8.0
446 5.0
447 8.0
448 7.0
449 26.0
450 5.0
451 8.0
452 5.0
453 8.0
454 10.0
455 7.0
456 7.0
457 7.0
458 7.0
459 56.9
460 6.0
461 7.0
462 6.0
463 8.0
464 10.0
465 6.0
466 6.0
467 6.0
468 8.0
469 16.0
470 8.0
471 7.0
472 7.0
473 8.0
474 10.0
475 7.0
476 6.0
477 7.0
478 7.0
479 9.0
480 10.0
481 6.0
482 7.0
483 10.0
484 9.0
485 7.0
486 6.0
487 13.0
488 17.0
489 12.0
490 28.0
491 7.0
492 6.0
493 6.0
494 8.0
495 6.0
496 7.0
497 6.0
498 10.0
499 11.0
500 17.0
501 8.0
502 7.0
503 6.0
504 24.0
505 7.0
506 6.0
507 6.0
508 7.0
509 8.0
510 14.0
511 8.0
512 6.0
513 9.0
514 11.0
515 9.0
516 8.0
517 10.0
518 10.0
519 5.0
520 18.0
521 6.0
522 6.0
523 6.0
524 7.0
525 7.0
526 6.0
527 5.0
528 8.0
529 7.0
530 19.0
531 8.0
532 7.0
533 6.0
534 8.0
535 7.0
536 7.0
537 6.0
538 7.0
539 6.0
540 21.0
541 6.0
542 5.0
543 7.0
544 6.0
545 9.0
546 6.0
547 6.0
548 8.0
549 6.0
550 17.0
551 7.0
552 6.0
553 5.0
554 7.0
555 11.0
556 6.0
557 6.0
558 7.0
559 6.0
560 15.0
561 5.0
562 6.0
563 7.0
564 8.0
565 6.0
566 6.0
567 7.0
568 8.0
569 6.0
570 12.0
571 6.0
572 6.0
573 7.0
574 6.0
575 7.0
576 7.0
577 6.0
578 6.0
579 7.0
580 11.0
581 6.0
582 7.0
583 6.0
584 6.0
585 9.0
586 5.0
587 6.0
588 6.0
589 7.0
590 14.0
591 7.0
592 6.0
593 6.0
594 5.0
595 8.0
596 5.0
597 5.0
598 5.0
599 7.0
600 10.0
601 4.0
602 6.0
603 4.0
604 5.0
605 11.0
606 5.0
607 5.0
608 5.0
609 8.0
610 8.0
611 6.0
612 5.0
613 5.0
614 5.0
615 7.0
616 6.0
617 5.0
618 5.0
619 5.0
620 6.0
621 23.0
622 5.0
623 6.0
624 6.0
625 14.0
626 7.0
627 5.0
628 6.0
629 5.0
630 6.0
631 11.0
632 5.0
633 6.0
634 4.0
635 7.0
636 6.0
637 6.0
638 5.0
639 6.0
640 6.0
641 12.0
642 5.0
643 5.0
644 6.0
645 6.0
646 6.0
647 5.0
648 6.0
649 5.0
650 6.0
651 18.0
652 6.0
653 4.0
654 7.0
655 5.0
656 6.0
657 5.0
658 4.0
659 4.0
660 4.0
661 12.0
662 4.0
663 4.0
664 5.0
665 5.0
666 5.0
667 4.0
668 5.0
669 4.0
670 4.0
671 7.0
672 4.0
673 4.0
674 5.0
675 4.0
676 6.0
677 4.0
678 3.0
679 5.0
680 5.0
681 7.0
682 4.0
683 5.0
684 4.0
685 4.0
686 29.0
687 4.0
688 5.0
689 5.0
690 3.0
691 7.0
692 5.0
693 6.0
694 4.0
695 4.0
696 5.0
697 4.0
698 4.0
699 4.0
700 5.0
701 7.0
702 4.0
703 4.0
704 5.0
705 5.0
706 5.0
707 5.0
708 4.0
709 4.0
710 5.0
711 9.0
712 4.0
713 5.0
714 2.0
715 2.0
716 3.0
717 1.0
718 5.0
719 4.0
720 4.0
721 6.0
722 2.0
723 4.0
724 3.0
725 4.0
726 5.0
727 4.0
728 5.0
729 3.0
730 3.0
731 6.0
732 3.0
733 4.0
734 3.0
735 5.0
736 3.0
737 4.0
738 5.0
739 4.0
740 3.0
741 9.0
742 4.0
743 4.0
744 4.0
745 4.0
746 5.0
747 3.0
748 5.0
749 3.0
750 5.0
751 12.0
752 5.0
753 4.0
754 4.0
755 3.0
756 6.0
757 5.0
758 5.0
759 4.0
760 6.0
761 5.0
762 5.0
763 4.0
764 4.0
765 3.0
766 4.0
767 4.0
768 4.0
769 4.0
770 5.0
771 4.0
772 6.0
773 4.0
774 2.0
775 2.0
776 1.0
777 2.0
778 2.0
779 0.0
780 1.0
781 1.0
782 5.0
783 0.0
784 0.0
785 0.0
786 1.0
787 2.0
788 2.0
789 1.0
790 1.0
791 0.0
792 11.0
793 1.0
794 1.0
795 0.0
796 3.0
797 0.0
798 3.0
799 0.0
800 0.0
801 8.0
802 8.0
803 3.0
804 2.0
805 3.0
806 3.0
807 4.0
808 2.0
809 2.0
810 4.0
811 3.0
812 4.0
813 3.0
814 2.0
815 3.0
816 2.0
817 3.0
818 4.0
819 2.0
820 3.0
821 2.0
822 12.0
823 2.0
824 3.0
825 3.0
826 3.0
827 4.0
828 2.0
829 4.0
830 2.0
831 2.0
832 11.0
833 3.0
834 3.0
835 0.0
836 0.0
837 1.0
838 0.0
839 0.0
840 1.0
841 0.0
842 0.0
843 0.0
844 0.0
845 0.0
846 0.0
847 0.0
848 1.0
849 0.0
850 0.0
851 0.0
852 0.0
853 2.0
854 1.0
855 0.0
856 0.0
857 0.0
858 0.0
859 0.0
860 0.0
861 1.0
862 0.0
863 0.0
864 0.0
865 1.0
866 0.0
867 0.0
868 0.0
869 0.0
870 0.0
871 0.0
872 0.0
873 0.0
874 0.0
875 0.0
876 0.0
877 1.0
878 0.0
879 0.0
880 0.0
881 0.0
882 0.0
883 0.0
884 0.0
885 0.0
886 1.0
887 0.0
888 0.0
889 0.0
890 1.0
891 0.0
892 0.0
893 0.0
894 0.0
895 2.0
896 2.0
897 2.0
898 1.0
899 1.0
900 2.0
901 1.0
902 2.0
903 2.0
904 2.0
905 3.0
906 1.0
907 2.0
908 3.0
909 3.0
910 2.0
911 3.0
912 4.0
913 2.0
914 2.0
915 3.0
916 2.0
917 2.0
918 2.0
919 3.0
920 2.0
921 2.0
922 5.0
923 3.0
924 3.0
925 2.0
926 3.0
927 3.0
928 2.0
929 3.0
930 2.0
931 2.0
932 4.0
933 2.0
934 2.0
935 2.0
936 3.0
937 3.0
938 2.0
939 2.0
940 2.0
941 2.0
942 8.0
943 2.0
944 3.0
945 2.0
946 2.0
947 3.0
948 2.0
949 2.0
950 2.0
951 2.0
952 6.0
953 2.0
954 2.0
955 3.0
956 3.0
957 2.0
958 3.0
959 2.0
960 1.0
961 3.0
962 5.0
963 4.0
964 2.0
965 3.0
966 3.0
967 4.0
968 3.0
969 3.0
970 3.0
971 4.0
972 2.0
973 7.0
974 2.0
975 4.0
976 3.0
977 4.0
978 5.0
979 3.0
980 3.0
981 4.0
982 3.0
983 7.0
984 3.0
985 3.0
986 4.0
987 4.0
988 3.0
989 2.0
990 4.0
991 3.0
992 3.0
993 7.0
994 3.0
995 2.0
996 3.0
997 3.0
998 3.0
999 3.0
1000 3.0
1001 3.0
1002 3.0
1003 6.0
1004 4.0
1005 3.0
1006 4.0
1007 4.0
1008 3.0
1009 5.0
1010 3.0
1011 5.0
1012 4.0
1013 5.0
1014 3.0
1015 4.0
1016 2.0
1017 3.0
1018 4.0
1019 4.0
1020 2.0
1021 4.0
1022 3.0
1023 6.0
1024 4.0
1025 4.0
1026 4.0
1027 4.0
1028 4.0
1029 4.0
1030 3.0
1031 5.0
1032 3.0
1033 16.0
1034 4.0
1035 3.0
1036 4.0
1037 4.0
1038 4.0
1039 5.0
1040 3.0
1041 5.0
1042 4.0
1043 6.0
1044 4.0
1045 4.0
1046 3.0
1047 4.0
1048 5.0
1049 4.0
1050 4.0
1051 4.0
1052 3.0
1053 9.0
1054 3.0
1055 5.0
1056 3.0
1057 6.0
1058 4.0
1059 4.0
1060 5.0
1061 4.0
1062 4.0
1063 5.0
1064 5.0
1065 3.0
1066 5.0
1067 3.0
1068 13.0
1069 3.0
1070 4.0
1071 4.0
1072 3.0
1073 8.0
1074 4.0
1075 4.0
1076 3.0
1077 4.0
1078 4.0
1079 5.0
1080 4.0
1081 3.0
1082 4.0
1083 12.0
1084 6.0
1085 5.0
1086 4.0
1087 6.0
1088 6.0
1089 4.0
1090 6.0
1091 5.0
1092 5.0
1093 8.0
1094 6.0
1095 5.0
1096 4.0
1097 6.0
1098 5.0
1099 5.0
1100 6.0
1101 4.0
1102 6.0
1103 8.0
1104 9.0
1105 5.0
1106 4.0
1107 5.0
1108 7.0
1109 5.0
1110 4.0
1111 5.0
1112 5.0
1113 6.0
1114 22.0
1115 5.0
1116 5.0
1117 4.0
1118 7.0
1119 5.0
1120 5.0
1121 5.0
1122 6.0
1123 4.0
1124 15.0
1125 5.0
1126 5.0
1127 6.0
1128 5.0
1129 6.0
1130 5.0
1131 5.0
1132 5.0
1133 5.0
1134 9.0
1135 4.0
1136 5.0
1137 5.0
1138 6.0
1139 6.0
1140 6.0
1141 5.0
1142 5.0
1143 6.0
1144 10.0
1145 5.0
1146 7.0
1147 6.0
1148 7.0
1149 6.0
1150 6.0
1151 6.0
1152 6.0
1153 6.0
1154 10.0
1155 5.0
1156 6.0
1157 5.0
1158 6.0
1159 7.0
1160 6.0
1161 10.0
1162 6.0
1163 6.0
1164 10.0
1165 5.0
1166 6.0
1167 6.0
1168 8.0
1169 7.0
1170 5.0
1171 7.0
1172 7.0
1173 6.0
1174 14.0
1175 5.0
1176 7.0
1177 5.0
1178 7.0
1179 7.0
1180 6.0
1181 5.0
1182 8.0
1183 5.0
1184 11.0
1185 6.0
1186 6.0
1187 7.0
1188 6.0
1189 7.0
1190 6.0
1191 7.0
1192 4.0
1193 5.0
1194 11.0
1195 6.0
1196 6.0
1197 7.0
1198 8.0
1199 8.0
1200 5.0
1201 6.0
1202 7.0
1203 7.0
1204 18.0
1205 7.0
1206 6.0
1207 7.0
1208 7.0
1209 9.0
1210 7.0
1211 7.0
1212 7.0
1213 8.0
1214 13.0
1215 9.0
1216 7.0
1217 7.0
1218 8.0
1219 8.0
1220 9.0
1221 6.0
1222 7.0
1223 9.0
1224 7.0
1225 18.0
1226 7.0
1227 8.0
1228 6.0
1229 9.0
1230 7.0
1231 7.0
1232 6.0
1233 8.0
1234 8.0
1235 14.0
1236 8.0
1237 6.0
1238 6.0
1239 8.0
1240 8.0
1241 7.0
1242 8.0
1243 8.0
1244 6.0
1245 11.0
1246 7.0
1247 7.0
1248 7.0
1249 8.0
1250 8.0
1251 7.0
1252 8.0
1253 7.0
1254 9.0
1255 10.0
1256 8.0
1257 6.0
1258 8.0
1259 11.0
1260 9.0
1261 7.0
1262 8.0
1263 8.0
1264 6.0
1265 13.0
1266 9.0
1267 8.0
1268 7.0
1269 11.0
1270 10.0
1271 8.0
1272 13.0
1273 8.0
1274 8.0
1275 12.0
1276 10.0
1277 9.0
1278 10.0
1279 12.0
1280 11.0
1281 9.0
1282 8.0
1283 12.0
1284 10.0
1285 13.0
1286 8.0
1287 7.0
1288 8.0
1289 10.0
1290 9.0
1291 8.0
1292 8.0
1293 9.0
1294 9.0
1295 11.0
1296 8.0
1297 9.0
1298 6.0
1299 8.0
1300 11.0
1301 8.0
1302 7.0
1303 8.0
1304 9.0
1305 14.0
1306 9.0
1307 7.0
1308 8.0
1309 8.0
1310 9.0
1311 8.0
1312 9.0
1313 8.0
1314 9.0
1315 11.0
1316 8.0
1317 7.0
1318 7.0
1319 8.0
1320 9.0
1321 7.0
1322 8.0
1323 7.0
1324 8.0
1325 7.0
1326 9.0
1327 7.0
1328 8.0
1329 7.0
1330 9.0
1331 8.0
1332 6.0
1333 8.0
1334 8.0
1335 8.0
1336 11.0
1337 8.0
1338 6.0
1339 7.0
1340 8.0
1341 8.0
1342 8.0
1343 6.0
1344 8.0
1345 7.0
1346 12.0
1347 10.0
1348 7.0
1349 6.0
1350 9.0
1351 8.0
1352 8.0
1353 7.0
1354 9.0
1355 7.0
1356 13.0
1357 7.0
1358 7.0
1359 7.0
1360 8.0
1361 13.0
1362 8.0
1363 6.0
1364 9.0
1365 7.0
1366 13.0
1367 7.0
1368 6.0
1369 8.0
1370 8.0
1371 9.0
1372 7.0
1373 7.0
1374 8.0
1375 6.0
1376 8.0
1377 6.0
1378 6.0
1379 7.0
1380 6.0
1381 6.0
1382 7.0
1383 6.0
1384 7.0
1385 6.0
1386 9.0
1387 6.0
1388 5.0
1389 7.0
1390 6.0
1391 8.0
1392 7.0
1393 6.0
1394 7.0
1395 7.0
1396 8.0
1397 7.0
1398 5.0
1399 6.0
1400 7.0
1401 7.0
1402 6.0
1403 6.0
1404 6.0
1405 7.0
1406 6.0
1407 16.0
1408 6.0
1409 6.0
1410 6.0
1411 7.0
1412 8.0
1413 6.0
1414 6.0
1415 7.0
1416 6.0
1417 9.0
1418 6.0
1419 7.0
1420 5.0
1421 8.0
1422 9.0
1423 6.0
1424 7.0
1425 7.0
1426 6.0
1427 10.0
1428 5.0
1429 7.0
1430 6.0
1431 7.0
1432 8.0
1433 6.0
1434 6.0
1435 6.0
1436 5.0
1437 12.0
1438 4.0
1439 6.0
1440 6.0
1441 5.0
1442 7.0
1443 5.0
1444 5.0
1445 7.0
1446 4.0
1447 9.0
1448 5.0
1449 6.0
1450 5.0
1451 6.0
1452 7.0
1453 5.0
1454 5.0
1455 6.0
1456 5.0
1457 9.0
1458 5.0
1459 5.0
1460 6.0
1461 6.0
1462 6.0
1463 6.0
1464 8.0
1465 7.0
1466 5.0
1467 15.0
1468 5.0
1469 5.0
1470 6.0
1471 6.0
1472 6.0
1473 5.0
1474 5.0
1475 6.0
1476 5.0
1477 8.0
1478 5.0
1479 5.0
1480 5.0
1481 5.0
1482 7.0
1483 5.0
1484 5.0
1485 7.0
1486 5.0
1487 7.0
1488 5.0
1489 5.0
1490 6.0
1491 18.0
1492 6.0
1493 5.0
1494 5.0
1495 5.0
1496 4.0
1497 7.0
1498 4.0
1499 4.0
1500 4.0
1501 5.0
1502 5.0
1503 5.0
1504 3.0
1505 6.0
1506 4.0
1507 6.0
1508 4.0
1509 5.0
1510 4.0
1511 5.0
1512 5.0
1513 5.0
1514 3.0
1515 5.0
1516 4.0
1517 5.0
1518 5.0
1519 4.0
1520 4.0
1521 5.0
1522 4.0
1523 4.0
1524 4.0
1525 5.0
1526 5.0
1527 6.0
1528 5.0
1529 4.0
1530 4.0
1531 5.0
1532 4.0
1533 4.0
1534 5.0
1535 4.0
1536 5.0
1537 6.0
1538 3.0
1539 5.0
1540 4.0
1541 5.0
1542 5.0
1543 4.0
1544 4.0
1545 4.0
1546 5.0
1547 6.0
1548 5.0
1549 5.0
1550 3.0
1551 4.0
1552 5.0
1553 3.0
1554 4.0
1555 2.0
1556 1.0
1557 4.0
1558 3.0
1559 5.0
1560 2.0
1561 4.0
1562 3.0
1563 4.0
1564 3.0
1565 4.0
1566 3.0
1567 4.0
1568 3.0
1569 5.0
1570 3.0
1571 3.0
1572 4.0
1573 3.0
1574 3.0
1575 3.0
1576 4.0
1577 5.0
1578 4.0
1579 3.0
1580 3.0
1581 3.0
1582 10.0
1583 23.0
1584 3.0
1585 3.0
1586 4.0
1587 3.0
1588 6.0
1589 3.0
1590 4.0
1591 3.0
1592 3.0
1593 5.0
1594 2.0
1595 4.0
1596 4.0
1597 3.0
1598 6.0
1599 2.0
1600 4.0
1601 3.0
1602 4.0
1603 3.0
1604 4.0
1605 3.0
1606 3.0
1607 4.0
1608 5.0
1609 3.0
1610 4.0
1611 3.0
1612 4.0
1613 5.0
1614 2.0
1615 1.0
1616 1.0
1617 1.0
1618 4.0
1619 1.0
1620 1.0
1621 1.0
1622 0.0
1623 2.0
1624 1.0
1625 2.0
1626 0.0
1627 0.0
1628 4.0
1629 0.0
1630 0.0
1631 0.0
1632 1.0
1633 0.0
1634 1.0
1635 0.0
1636 1.0
1637 1.0
1638 7.0
1639 1.0
1640 0.0
1641 8.0
1642 4.0
1643 3.0
1644 3.0
1645 2.0
1646 2.0
1647 3.0
1648 6.0
1649 3.0
1650 3.0
1651 2.0
1652 3.0
1653 4.0
1654 3.0
1655 2.0
1656 3.0
1657 3.0
1658 3.0
1659 4.0
1660 3.0
1661 2.0
1662 4.0
1663 4.0
1664 3.0
1665 4.0
1666 2.0
1667 3.0
1668 4.0
1669 2.0
1670 3.0
1671 2.0
1672 4.0
1673 3.0
1674 1.0
1675 0.0
1676 0.0
1677 0.0
1678 0.0
1679 1.0
1680 0.0
1681 0.0
1682 0.0
1683 0.0
1684 0.0
1685 0.0
1686 0.0
1687 1.0
1688 0.0
1689 0.0
1690 0.0
1691 1.0
1692 0.0
1693 0.0
1694 0.0
1695 0.0
1696 0.0
1697 0.0
1698 1.0
1699 0.0
1700 0.0
1701 0.0
1702 0.0
1703 0.0
1704 0.0
1705 0.0
1706 0.0
1707 0.0
1708 0.0
1709 0.0
1710 0.0
1711 0.0
1712 0.0
1713 0.0
1714 0.0
1715 0.0
1716 1.0
1717 0.0
1718 1.0
1719 0.0
1720 0.0
1721 0.0
1722 0.0
1723 0.0
1724 0.0
1725 0.0
1726 0.0
1727 0.0
1728 0.0
1729 0.0
1730 1.0
1731 0.0
1732 0.0
1733 0.0
1734 1.0
1735 0.0
1736 0.0
1737 0.0
1738 0.0
1739 0.0
1740 0.0
1741 0.0
1742 0.0
