5 0.0
6 208.1
7 233.0
8 374.9
9 73.0
10 2.0
11 1.0
12 1.0
13 8.0
14 212.0
15 221.2
16 145.9
17 2.0
18 1.0
19 1.0
20 3.0
21 2.0
22 3.0
23 1.0
24 4.0
25 1.0
26 40.0
27 24.0
28 1.0
29 3.0
30 1.0
31 3.0
32 1.0
33 2.0
34 2.0
35 56.0
36 6.0
37 0.0
38 2.0
39 1.0
40 2.0
41 2.0
42 0.0
43 2.0
44 2.0
45 1.0
46 2.0
47 2.0
48 1.0
49 1.0
50 1.0
51 2.0
52 1.0
53 2.0
54 23.0
55 132.1
56 86.9
57 1.0
58 2.0
59 0.0
60 2.0
61 1.0
62 2.0
63 1.0
64 1.0
65 1.0
66 12.0
67 1.0
68 2.0
69 0.0
70 1.0
71 2.0
72 2.0
73 1.0
74 1.0
75 1.0
76 6.0
77 2.0
78 1.0
79 1.0
80 1.0
81 1.0
82 1.0
83 2.0
84 2.0
85 0.0
86 7.0
87 2.0
88 1.0
89 2.0
90 1.0
91 1.0
92 1.0
93 2.0
94 1.0
95 1.0
96 7.0
97 1.0
98 1.0
99 1.0
100 2.0
101 1.0
102 2.0
103 1.0
104 2.0
105 1.0
106 25.0
107 16.0
108 2.0
109 1.0
110 0.0
111 2.0
112 1.0
113 2.0
114 114.1
115 23.0
116 63.1
117 1.0
118 0.0
119 2.0
120 1.0
121 1.0
122 1.0
123 2.0
124 1.0
125 1.0
126 6.0
127 1.0
128 1.0
129 1.0
130 1.0
131 1.0
132 1.0
133 3.0
134 1.0
135 1.0
136 4.0
137 6.0
138 1.0
139 0.0
140 2.0
141 1.0
142 1.0
143 1.0
144 1.0
145 2.0
146 1.0
147 56.1
148 1.0
149 1.0
150 1.0
151 1.0
152 1.0
153 2.0
154 1.0
155 1.0
156 0.0
157 8.0
158 0.0
159 1.0
160 2.0
161 1.0
162 1.0
163 1.0
164 1.0
165 1.0
166 1.0
167 10.0
168 1.0
169 1.0
170 1.0
171 1.0
172 1.0
173 2.0
174 73.0
175 15.0
176 47.0
177 10.0
178 1.0
179 1.0
180 1.0
181 1.0
182 2.0
183 1.0
184 1.0
185 1.0
186 1.0
187 10.0
188 0.0
189 1.0
190 1.0
191 1.0
192 1.0
193 1.0
194 1.0
195 1.0
196 0.0
197 6.0
198 2.0
199 0.0
200 1.0
201 1.0
202 1.0
203 2.0
204 0.0
205 1.0
206 1.0
207 15.0
208 1.0
209 1.0
210 1.0
211 1.0
212 1.0
213 1.0
214 1.0
215 1.0
216 0.0
217 8.0
218 1.0
219 0.0
220 1.0
221 1.0
222 1.0
223 1.0
224 1.0
225 1.0
226 0.0
227 13.0
228 1.0
229 1.0
230 1.0
231 0.0
232 1.0
233 6.0
234 105.0
235 19.0
236 22.0
237 6.0
238 1.0
239 1.0
240 0.0
241 2.0
242 1.0
243 0.0
244 0.0
245 1.0
246 1.0
247 8.0
248 1.0
249 1.0
250 1.0
251 1.0
252 0.0
253 1.0
254 1.0
255 1.0
256 1.0
257 9.0
258 1.0
259 1.0
260 1.0
261 1.0
262 1.0
263 1.0
264 2.0
265 1.0
266 1.0
267 8.0
268 0.0
269 1.0
270 1.0
271 0.0
272 2.0
273 0.0
274 2.0
275 0.0
276 1.0
277 6.0
278 1.0
279 1.0
280 0.0
281 1.0
282 1.0
283 2.0
284 1.0
285 1.0
286 0.0
287 2.0
288 7.0
289 1.0
290 1.0
291 1.0
292 1.0
293 1.0
294 1.0
295 60.0
296 2.0
297 54.0
298 13.0
299 1.0
300 1.0
301 0.0
302 1.0
303 1.0
304 1.0
305 1.0
306 0.0
307 1.0
308 14.0
309 1.0
310 2.0
311 1.0
312 0.0
313 1.0
314 1.0
315 2.0
316 0.0
317 1.0
318 11.0
319 1.0
320 1.0
321 0.0
322 1.0
323 1.0
324 1.0
325 0.0
326 1.0
327 1.0
328 11.0
329 1.0
330 1.0
331 1.0
332 1.0
333 0.0
334 1.0
335 1.0
336 1.0
337 1.0
338 10.0
339 1.0
340 1.0
341 0.0
342 1.0
343 1.0
344 1.0
345 0.0
346 1.0
347 2.0
348 18.0
349 1.0
350 1.0
351 1.0
352 0.0
353 0.0
354 60.0
355 30.0
356 25.0
357 1.0
358 8.0
359 1.0
360 1.0
361 0.0
362 1.0
363 2.0
364 0.0
365 1.0
366 1.0
367 1.0
368 9.0
369 1.0
370 0.0
371 1.0
372 1.0
373 0.0
374 1.0
375 1.0
376 1.0
377 1.0
378 8.0
379 1.0
380 1.0
381 1.0
382 1.0
383 0.0
384 1.0
385 1.0
386 1.0
387 1.0
388 13.0
389 1.0
390 1.0
391 1.0
392 0.0
393 1.0
394 1.0
395 1.0
396 0.0
397 2.0
398 13.0
399 1.0
400 1.0
401 1.0
402 0.0
403 1.0
404 1.0
405 1.0
406 1.0
407 1.0
408 2.0
409 6.0
410 1.0
411 1.0
412 1.0
413 42.0
414 57.1
415 6.0
416 34.0
417 1.0
418 1.0
419 8.0
420 1.0
421 0.0
422 1.0
423 1.0
424 1.0
425 0.0
426 1.0
427 1.0
428 1.0
429 10.0
430 1.0
431 1.0
432 1.0
433 1.0
434 1.0
435 0.0
436 1.0
437 1.0
438 0.0
439 12.0
440 2.0
441 0.0
442 1.0
443 1.0
444 0.0
445 1.0
446 1.0
447 0.0
448 2.0
449 10.0
450 0.0
451 1.0
452 1.0
453 0.0
454 1.0
455 1.0
456 0.0
457 1.0
458 1.0
459 8.0
460 1.0
461 1.0
462 0.0
463 1.0
464 1.0
465 0.0
466 2.0
467 1.0
468 0.0
469 15.0
470 1.0
471 1.0
472 0.0
473 1.0
474 3.0
475 1.0
476 1.0
477 1.0
478 1.0
479 8.0
480 2.0
481 1.0
482 1.0
483 1.0
484 1.0
485 0.0
486 1.0
487 1.0
488 0.0
489 14.0
490 12.0
491 0.0
492 0.0
493 1.0
494 1.0
495 1.0
496 1.0
497 1.0
498 1.0
499 7.0
500 4.0
501 1.0
502 1.0
503 1.0
504 1.0
505 1.0
506 1.0
507 1.0
508 0.0
509 1.0
510 7.0
511 2.0
512 1.0
513 0.0
514 1.0
515 3.0
516 1.0
517 0.0
518 1.0
519 1.0
520 8.0
521 1.0
522 1.0
523 0.0
524 1.0
525 1.0
526 0.0
527 1.0
528 1.0
529 1.0
530 14.0
531 0.0
532 1.0
533 1.0
534 3.0
535 12.0
536 1.0
537 0.0
538 1.0
539 1.0
540 11.0
541 1.0
542 1.0
543 1.0
544 1.0
545 0.0
546 1.0
547 1.0
548 0.0
549 1.0
550 11.0
551 1.0
552 0.0
553 2.0
554 1.0
555 1.0
556 1.0
557 0.0
558 1.0
559 1.0
560 11.0
561 1.0
562 0.0
563 1.0
564 1.0
565 0.0
566 2.0
567 1.0
568 1.0
569 0.0
570 6.0
571 1.0
572 1.0
573 1.0
574 0.0
575 1.0
576 1.0
577 1.0
578 1.0
579 1.0
580 5.0
581 1.0
582 1.0
583 0.0
584 1.0
585 0.0
586 1.0
587 2.0
588 0.0
589 1.0
590 6.0
591 1.0
592 0.0
593 1.0
594 2.0
595 1.0
596 1.0
597 1.0
598 1.0
599 1.0
600 6.0
601 1.0
602 1.0
603 1.0
604 0.0
605 1.0
606 1.0
607 1.0
608 1.0
609 0.0
610 8.0
611 2.0
612 1.0
613 0.0
614 2.0
615 1.0
616 0.0
617 0.0
618 1.0
619 1.0
620 1.0
621 11.0
622 0.0
623 1.0
624 0.0
625 1.0
626 1.0
627 1.0
628 0.0
629 1.0
630 2.0
631 4.0
632 1.0
633 1.0
634 1.0
635 1.0
636 1.0
637 0.0
638 1.0
639 1.0
640 1.0
641 6.0
642 0.0
643 1.0
644 1.0
645 1.0
646 1.0
647 0.0
648 1.0
649 1.0
650 1.0
651 4.0
652 1.0
653 0.0
654 3.0
655 0.0
656 1.0
657 1.0
658 0.0
659 1.0
660 1.0
661 7.0
662 0.0
663 1.0
664 1.0
665 2.0
666 1.0
667 0.0
668 1.0
669 1.0
670 0.0
671 10.0
672 0.0
673 2.0
674 1.0
675 1.0
676 0.0
677 1.0
678 1.0
679 1.0
680 1.0
681 7.0
682 1.0
683 0.0
684 1.0
685 1.0
686 1.0
687 1.0
688 1.0
689 1.0
690 1.0
691 4.0
692 0.0
693 1.0
694 1.0
695 1.0
696 1.0
697 0.0
698 1.0
699 2.0
700 0.0
701 6.0
702 1.0
703 1.0
704 1.0
705 1.0
706 0.0
707 1.0
708 1.0
709 1.0
710 1.0
711 11.0
712 1.0
713 2.0
714 2.0
715 0.0
716 2.0
717 1.0
718 0.0
719 1.0
720 2.0
721 3.0
722 1.0
723 1.0
724 1.0
725 0.0
726 2.0
727 1.0
728 1.0
729 1.0
730 1.0
731 3.0
732 1.0
733 1.0
734 1.0
735 2.0
736 0.0
737 1.0
738 2.0
739 0.0
740 2.0
741 3.0
742 1.0
743 0.0
744 1.0
745 2.0
746 1.0
747 0.0
748 2.0
749 1.0
750 2.0
751 5.0
752 1.0
753 1.0
754 1.0
755 1.0
756 1.0
757 1.0
758 2.0
759 1.0
760 0.0
761 4.0
762 1.0
763 1.0
764 1.0
765 2.0
766 1.0
767 0.0
768 1.0
769 1.0
770 1.0
771 2.0
772 9.0
773 2.0
774 4.0
775 0.0
776 2.0
777 1.0
778 1.0
779 1.0
780 1.0
781 2.0
782 3.0
783 1.0
784 1.0
785 1.0
786 1.0
787 2.0
788 1.0
789 0.0
790 2.0
791 1.0
792 86.9
793 68.1
794 1.0
795 1.0
796 1.0
797 2.0
798 1.0
799 1.0
800 1.0
801 2.0
802 3.0
803 1.0
804 2.0
805 1.0
806 1.0
807 1.0
808 2.0
809 0.0
810 2.0
811 2.0
812 26.0
813 2.0
814 1.0
815 1.0
816 1.0
817 1.0
818 1.0
819 1.0
820 1.0
821 1.0
822 4.0
823 2.0
824 1.0
825 1.0
826 1.0
827 1.0
828 2.0
829 1.0
830 1.0
831 1.0
832 3.0
833 1.0
834 2.0
835 5.0
836 1.0
837 1.0
838 1.0
839 1.0
840 2.0
841 1.0
842 2.0
843 5.0
844 2.0
845 1.0
846 1.0
847 2.0
848 0.0
849 2.0
850 0.0
851 2.0
852 1.0
853 1.0
854 1.0
855 1.0
856 2.0
857 1.0
858 1.0
859 1.0
860 2.0
861 0.0
862 1.0
863 1.0
864 2.0
865 2.0
866 0.0
867 2.0
868 1.0
869 1.0
870 1.0
871 2.0
872 1.0
873 1.0
874 1.0
875 1.0
876 1.0
877 1.0
878 1.0
879 2.0
880 1.0
881 1.0
882 1.0
883 1.0
884 2.0
885 1.0
886 1.0
887 1.0
888 2.0
889 1.0
890 0.0
891 1.0
892 2.0
893 1.0
894 116.9
895 63.1
896 18.0
897 2.0
898 1.0
899 1.0
900 2.0
901 38.0
902 41.0
903 1.0
904 1.0
905 1.0
906 1.0
907 2.0
908 1.0
909 1.0
910 1.0
911 1.0
912 9.0
913 2.0
914 2.0
915 1.0
916 1.0
917 1.0
918 1.0
919 1.0
920 1.0
921 1.0
922 3.0
923 1.0
924 1.0
925 2.0
926 0.0
927 2.0
928 0.0
929 1.0
930 2.0
931 1.0
932 4.0
933 1.0
934 2.0
935 1.0
936 1.0
937 1.0
938 1.0
939 2.0
940 1.0
941 1.0
942 7.0
943 2.0
944 1.0
945 1.0
946 1.0
947 1.0
948 1.0
949 1.0
950 1.0
951 1.0
952 9.0
953 73.0
954 7.0
955 17.0
956 1.0
957 1.0
958 1.0
959 1.0
960 1.0
961 1.0
962 4.0
963 6.0
964 1.0
965 2.0
966 1.0
967 1.0
968 1.0
969 1.0
970 1.0
971 0.0
972 2.0
973 4.0
974 1.0
975 1.0
976 1.0
977 2.0
978 1.0
979 1.0
980 1.0
981 0.0
982 1.0
983 5.0
984 1.0
985 1.0
986 1.0
987 1.0
988 1.0
989 1.0
990 1.0
991 0.0
992 1.0
993 4.0
994 2.0
995 0.0
996 1.0
997 1.0
998 0.0
999 1.0
1000 1.0
1001 1.0
1002 1.0
1003 5.0
1004 1.0
1005 1.0
1006 1.0
1007 1.0
1008 1.0
1009 1.0
1010 1.0
1011 0.0
1012 2.0
1013 63.1
1014 33.0
1015 19.0
1016 5.0
1017 1.0
1018 1.0
1019 0.0
1020 2.0
1021 1.0
1022 0.0
1023 5.0
1024 1.0
1025 2.0
1026 1.0
1027 0.0
1028 1.0
1029 1.0
1030 1.0
1031 1.0
1032 1.0
1033 3.0
1034 1.0
1035 0.0
1036 1.0
1037 1.0
1038 0.0
1039 1.0
1040 1.0
1041 1.0
1042 0.0
1043 4.0
1044 2.0
1045 0.0
1046 1.0
1047 1.0
1048 0.0
1049 1.0
1050 1.0
1051 1.0
1052 0.0
1053 4.0
1054 2.0
1055 0.0
1056 1.0
1057 1.0
1058 0.0
1059 2.0
1060 0.0
1061 1.0
1062 0.0
1063 5.0
1064 2.0
1065 1.0
1066 0.0
1067 1.0
1068 1.0
1069 1.0
1070 1.0
1071 0.0
1072 1.0
1073 50.0
1074 6.0
1075 35.0
1076 1.0
1077 1.0
1078 1.0
1079 0.0
1080 1.0
1081 0.0
1082 1.0
1083 5.0
1084 1.0
1085 1.0
1086 1.0
1087 1.0
1088 0.0
1089 1.0
1090 0.0
1091 1.0
1092 1.0
1093 20.0
1094 0.0
1095 1.0
1096 1.0
1097 0.0
1098 1.0
1099 1.0
1100 0.0
1101 1.0
1102 1.0
1103 10.0
1104 1.0
1105 1.0
1106 1.0
1107 0.0
1108 1.0
1109 1.0
1110 0.0
1111 0.0
1112 1.0
1113 2.0
1114 5.0
1115 1.0
1116 1.0
1117 0.0
1118 2.0
1119 0.0
1120 1.0
1121 0.0
1122 1.0
1123 0.0
1124 7.0
1125 1.0
1126 1.0
1127 0.0
1128 1.0
1129 1.0
1130 1.0
1131 0.0
1132 1.0
1133 1.0
1134 82.0
1135 5.0
1136 66.0
1137 1.0
1138 0.0
1139 1.0
1140 1.0
1141 1.0
1142 0.0
1143 1.0
1144 4.0
1145 0.0
1146 2.0
1147 0.0
1148 1.0
1149 1.0
1150 0.0
1151 1.0
1152 1.0
1153 1.0
1154 11.0
1155 0.0
1156 1.0
1157 0.0
1158 1.0
1159 1.0
1160 1.0
1161 0.0
1162 1.0
1163 1.0
1164 5.0
1165 0.0
1166 1.0
1167 1.0
1168 0.0
1169 1.0
1170 1.0
1171 1.0
1172 0.0
1173 1.0
1174 5.0
1175 0.0
1176 1.0
1177 1.0
1178 1.0
1179 1.0
1180 0.0
1181 1.0
1182 1.0
1183 0.0
1184 5.0
1185 1.0
1186 0.0
1187 1.0
1188 1.0
1189 1.0
1190 0.0
1191 1.0
1192 1.0
1193 26.0
1194 10.0
1195 17.0
1196 1.0
1197 1.0
1198 1.0
1199 0.0
1200 1.0
1201 1.0
1202 0.0
1203 1.0
1204 5.0
1205 0.0
1206 1.0
1207 1.0
1208 1.0
1209 0.0
1210 0.0
1211 1.0
1212 1.0
1213 1.0
1214 8.0
1215 1.0
1216 1.0
1217 0.0
1218 1.0
1219 0.0
1220 1.0
1221 1.0
1222 0.0
1223 1.0
1224 3.0
1225 5.0
1226 1.0
1227 1.0
1228 0.0
1229 1.0
1230 1.0
1231 1.0
1232 0.0
1233 1.0
1234 1.0
1235 7.0
1236 0.0
1237 1.0
1238 0.0
1239 1.0
1240 1.0
1241 0.0
1242 1.0
1243 1.0
1244 0.0
1245 5.0
1246 1.0
1247 1.0
1248 1.0
1249 0.0
1250 1.0
1251 1.0
1252 1.0
1253 0.0
1254 44.0
1255 11.0
1256 43.0
1257 1.0
1258 1.0
1259 1.0
1260 1.0
1261 0.0
1262 1.0
1263 0.0
1264 2.0
1265 6.0
1266 0.0
1267 1.0
1268 1.0
1269 1.0
1270 0.0
1271 0.0
1272 1.0
1273 1.0
1274 1.0
1275 6.0
1276 1.0
1277 0.0
1278 1.0
1279 1.0
1280 0.0
1281 1.0
1282 1.0
1283 0.0
1284 2.0
1285 4.0
1286 1.0
1287 1.0
1288 1.0
1289 1.0
1290 1.0
1291 0.0
1292 1.0
1293 1.0
1294 0.0
1295 6.0
1296 7.0
1297 0.0
1298 0.0
1299 2.0
1300 1.0
1301 0.0
1302 0.0
1303 1.0
1304 1.0
1305 10.0
1306 2.0
1307 0.0
1308 0.0
1309 1.0
1310 1.0
1311 1.0
1312 0.0
1313 1.0
1314 3.0
1315 5.0
1316 2.0
1317 1.0
1318 0.0
1319 1.0
1320 0.0
1321 1.0
1322 1.0
1323 0.0
1324 1.0
1325 2.0
1326 9.0
1327 1.0
1328 1.0
1329 1.0
1330 1.0
1331 1.0
1332 0.0
1333 1.0
1334 1.0
1335 0.0
1336 6.0
1337 0.0
1338 0.0
1339 2.0
1340 0.0
1341 1.0
1342 0.0
1343 1.0
1344 1.0
1345 1.0
1346 5.0
1347 1.0
1348 0.0
1349 1.0
1350 1.0
1351 1.0
1352 1.0
1353 0.0
1354 1.0
1355 1.0
1356 5.0
1357 1.0
1358 1.0
1359 0.0
1360 1.0
1361 1.0
1362 0.0
1363 1.0
1364 1.0
1365 0.0
1366 6.0
1367 1.0
1368 0.0
1369 1.0
1370 2.0
1371 0.0
1372 0.0
1373 1.0
1374 4.0
1375 1.0
1376 7.0
1377 0.0
1378 1.0
1379 1.0
1380 0.0
1381 1.0
1382 1.0
1383 1.0
1384 1.0
1385 0.0
1386 6.0
1387 0.0
1388 2.0
1389 1.0
1390 0.0
1391 1.0
1392 1.0
1393 0.0
1394 1.0
1395 1.0
1396 7.0
1397 0.0
1398 1.0
1399 1.0
1400 1.0
1401 1.2
1402 0.0
1403 0.0
1404 1.0
1405 1.0
1406 1.0
1407 13.0
1408 0.0
1409 1.0
1410 0.0
1411 2.0
1412 0.0
1413 1.0
1414 1.0
1415 1.0
1416 0.0
1417 5.0
1418 1.0
1419 1.0
1420 0.0
1421 1.0
1422 2.0
1423 1.0
1424 1.0
1425 0.0
1426 1.0
1427 18.0
1428 0.0
1429 1.0
1430 1.0
1431 0.0
1432 1.0
1433 1.0
1434 1.0
1435 2.0
1436 0.0
1437 6.0
1438 2.0
1439 0.0
1440 1.0
1441 1.0
1442 1.0
1443 0.0
1444 1.0
1445 1.0
1446 2.0
1447 8.0
1448 1.0
1449 0.0
1450 1.0
1451 1.0
1452 1.0
1453 0.0
1454 1.0
1455 1.0
1456 1.0
1457 3.0
1458 2.0
1459 0.0
1460 1.0
1461 1.0
1462 1.0
1463 0.0
1464 1.0
1465 1.0
1466 1.0
1467 3.0
1468 1.0
1469 1.0
1470 0.0
1471 2.0
1472 1.0
1473 1.0
1474 1.0
1475 0.0
1476 1.0
1477 4.0
1478 0.0
1479 1.0
1480 1.0
1481 0.0
1482 2.0
1483 1.0
1484 0.0
1485 1.0
1486 1.0
1487 61.0
1488 3.0
1489 0.0
1490 1.0
1491 1.0
1492 1.0
1493 1.0
1494 1.0
1495 1.0
1496 1.0
1497 4.0
1498 1.0
1499 1.0
1500 1.0
1501 0.0
1502 1.0
1503 1.0
1504 1.0
1505 1.0
1506 1.0
1507 3.0
1508 1.0
1509 1.0
1510 1.0
1511 1.0
1512 1.0
1513 0.0
1514 1.0
1515 1.0
1516 0.0
1517 5.0
1518 2.0
1519 1.0
1520 0.0
1521 1.0
1522 1.0
1523 1.0
1524 1.0
1525 1.0
1526 0.0
1527 5.0
1528 2.0
1529 0.0
1530 1.0
1531 1.0
1532 2.0
1533 0.0
1534 1.0
1535 1.0
1536 0.0
1537 5.0
1538 1.0
1539 1.0
1540 2.0
1541 0.0
1542 1.0
1543 1.0
1544 1.0
1545 1.0
1546 1.0
1547 4.0
1548 1.0
1549 1.0
1550 0.0
1551 0.0
1552 1.0
1553 2.0
1554 1.0
1555 1.0
1556 1.0
1557 4.0
1558 1.0
1559 1.0
1560 1.0
1561 1.0
1562 2.0
1563 0.0
1564 1.0
1565 1.0
1566 1.0
1567 3.0
1568 1.0
1569 1.0
1570 1.0
1571 1.0
1572 1.0
1573 1.0
1574 1.0
1575 1.0
1576 1.0
1577 5.0
1578 2.0
1579 0.0
1580 1.0
1581 1.0
1582 1.0
1583 1.0
1584 1.0
1585 1.0
1586 1.0
1587 2.0
1588 3.0
1589 1.0
1590 1.0
1591 1.0
1592 1.0
1593 1.0
1594 1.0
1595 0.0
1596 2.0
1597 1.0
1598 3.0
1599 1.0
1600 1.0
1601 1.0
1602 1.0
1603 0.0
1604 1.0
1605 1.0
1606 1.0
1607 2.0
1608 3.0
1609 1.0
1610 1.0
1611 1.0
1612 1.0
1613 1.0
1614 1.0
1615 1.0
1616 1.0
1617 1.0
1618 5.0
1619 1.0
1620 1.0
1621 1.0
1622 1.0
1623 2.0
1624 1.0
1625 2.0
1626 1.0
1627 1.0
1628 3.0
1629 2.0
1630 1.0
1631 1.0
1632 1.0
1633 1.0
1634 2.0
1635 1.0
1636 1.0
1637 1.0
1638 3.0
1639 2.0
1640 1.0
1641 1.0
1642 0.0
1643 2.0
1644 1.0
1645 1.0
1646 2.0
1647 0.0
1648 7.0
1649 0.0
1650 2.0
1651 1.0
1652 1.0
1653 1.0
1654 2.0
1655 1.0
1656 1.0
1657 0.0
1658 4.0
1659 1.0
1660 1.0
1661 1.0
1662 1.0
1663 2.0
1664 1.0
1665 1.0
1666 1.0
1667 1.0
1668 3.0
1669 1.0
1670 0.0
1671 2.0
1672 1.0
1673 1.0
1674 4.0
1675 2.0
1676 1.0
1677 1.0
1678 2.0
1679 1.0
1680 1.0
1681 1.0
1682 1.0
1683 1.0
1684 1.0
1685 2.0
1686 1.0
1687 0.0
1688 2.0
1689 1.0
1690 2.0
1691 0.0
1692 1.0
1693 2.0
1694 1.0
1695 2.0
1696 0.0
1697 1.0
1698 1.0
1699 2.0
1700 0.0
1701 2.0
1702 1.0
1703 1.0
1704 1.0
1705 2.0
1706 0.0
1707 1.0
1708 2.0
1709 1.0
1710 1.0
1711 1.0
1712 1.0
1713 1.0
1714 2.0
1715 0.0
1716 1.0
1717 1.0
1718 2.0
1719 1.0
1720 1.0
1721 1.0
1722 1.0
1723 1.0
1724 2.0
1725 0.0
1726 1.0
1727 1.0
1728 1.0
1729 2.0
1730 1.0
1731 1.0
1732 1.0
1733 1.0
1734 2.0
1735 1.0
1736 1.0
1737 1.0
1738 1.0
1739 1.0
1740 2.0
1741 1.0
1742 1.0
