0 0.0
1 336.0
2 418.0
3 168.0
4 84.0
5 84.0
6 154.0
7 126.0
8 168.0
9 168.0
10 1748.0
11 498.0
12 168.0
13 498.0
14 168.0
15 3213.0
16 28772.0
17 210.0
18 168.0
19 168.0
20 168.0
21 126.0
22 126.0
23 126.0
24 126.0
25 168.0
26 1765.0
27 2445.0
28 168.0
29 210.0
30 210.0
31 210.0
32 168.0
33 168.0
34 168.0
35 168.0
36 210.0
37 210.0
38 210.0
39 126.0
40 168.0
41 126.0
42 126.0
43 126.0
44 126.0
45 126.0
46 126.0
47 126.0
48 126.0
49 126.0
50 168.0
51 168.0
52 168.0
53 168.0
54 5020.0
55 13744.0
56 2646.0
57 19004.0
58 8933.0
59 9300.0
60 8838.0
61 8703.0
62 9327.0
63 9271.0
64 9628.0
65 10116.0
66 11060.0
67 10718.0
68 10218.0
69 10681.0
70 10500.0
71 10757.0
72 11056.0
73 10908.0
74 11139.0
75 10935.0
76 12162.0
77 11707.0
78 11332.0
79 11523.0
80 11416.0
81 11512.0
82 11489.0
83 11545.0
84 11537.0
85 11475.0
86 12143.0
87 11559.0
88 11576.0
89 11627.0
90 11694.0
91 11770.0
92 11576.0
93 11733.0
94 11762.0
95 11630.0
96 12833.0
97 12573.0
98 12547.0
99 12029.0
100 12266.0
101 13264.0
102 12449.0
103 12191.0
104 12220.0
105 12266.0
106 15070.0
107 13224.0
108 14112.0
109 15299.0
110 15075.0
111 14880.0
112 15198.0
113 13852.0
114 108441.0
115 32333.0
116 24453.0
117 37378.0
118 28661.0
119 28879.0
120 29665.0
121 27940.0
122 29574.0
123 31252.0
124 33083.0
125 34104.0
126 35486.0
127 35652.0
128 37115.0
129 37254.0
130 38493.0
131 39517.0
132 41046.0
133 40818.0
134 43007.0
135 43060.0
136 44305.0
137 46006.0
138 45402.0
139 46175.0
140 48568.0
141 49371.0
142 51072.0
143 52256.0
144 54943.0
145 56164.0
146 57173.0
147 61217.0
148 60265.0
149 62509.0
150 64108.0
151 66634.0
152 68887.0
153 71422.0
154 76519.0
155 76928.0
156 81039.0
157 85878.0
158 85310.0
159 85548.0
160 83582.0
161 85150.0
162 84308.0
163 84804.0
164 85300.0
165 82528.0
166 85731.0
167 84674.0
168 85812.0
169 85959.0
170 86200.0
171 85899.0
172 85991.0
173 87501.0
174 175086.0
175 103109.0
176 97332.0
177 102626.0
178 95919.0
179 96766.0
180 95873.0
181 95032.0
182 94728.0
183 96904.0
184 95984.0
185 96680.0
186 96346.0
187 99250.0
188 97424.0
189 97705.0
190 98199.0
191 98616.0
192 97781.0
193 99181.0
194 97089.0
195 98144.0
196 98454.0
197 101829.0
198 98894.0
199 100440.0
200 98721.0
201 98539.0
202 99161.0
203 99325.0
204 99713.0
205 98162.0
206 100309.0
207 100900.0
208 101165.0
209 102949.0
210 100868.0
211 101456.0
212 100395.0
213 100409.0
214 101594.0
215 101911.0
216 101605.0
217 102783.0
218 103326.0
219 103492.0
220 104393.0
221 103850.0
222 104822.0
223 105948.0
224 107904.0
225 106674.0
226 107235.0
227 108457.0
228 109933.0
229 112433.0
230 112297.0
231 113192.0
232 115159.0
233 117566.0
234 223733.0
235 127375.0
236 122709.0
237 137643.0
238 132691.0
239 133052.0
240 135743.0
241 135642.0
242 139085.0
243 139207.0
244 141471.0
245 146502.0
246 143790.0
247 148746.0
248 152244.0
249 151480.0
250 155620.0
251 160164.0
252 160097.0
253 162818.0
254 166041.0
255 169012.0
256 169188.0
257 175981.0
258 178459.0
259 175423.0
260 176558.0
261 174709.0
262 174276.0
263 175363.0
264 176562.0
265 176067.0
266 174690.0
267 176670.0
268 174558.0
269 176557.0
270 173236.0
271 178341.0
272 191350.0
273 187182.0
274 184954.0
275 186112.0
276 186185.0
277 171023.0
278 181709.0
279 180823.0
280 197985.0
281 197125.0
282 192473.0
283 194339.0
284 189085.0
285 182749.0
286 192787.0
287 195083.0
288 202226.0
289 200591.0
290 201859.0
291 199711.0
292 196047.0
293 199134.0
294 205197.0
295 324001.0
296 220191.0
297 225997.0
298 242565.0
299 231557.0
300 240837.0
301 240808.0
302 244863.0
303 248674.0
304 252591.0
305 252431.0
306 256283.0
307 253478.0
308 256556.0
309 255681.0
310 256103.0
311 259829.0
312 258898.0
313 261651.0
314 263252.0
315 261640.0
316 264368.0
317 267283.0
318 267719.0
319 273321.0
320 272743.0
321 278706.0
322 272906.0
323 274575.0
324 282958.0
325 280105.0
326 281114.0
327 285199.0
328 287786.0
329 289615.0
330 294959.0
331 297695.0
332 297177.0
333 299028.0
334 302460.0
335 306718.0
336 304734.0
337 308324.0
338 306107.0
339 306243.0
340 308489.0
341 308153.0
342 304258.0
343 306730.0
344 305774.0
345 307006.0
346 306615.0
347 306512.0
348 304622.0
349 313107.0
350 311927.0
351 303662.0
352 310492.0
353 306436.0
354 409777.0
355 323417.0
356 311675.0
357 315868.0
358 274129.0
359 250111.0
360 261924.0
361 300685.0
362 350160.0
363 412092.0
364 368776.0
365 338491.0
366 333192.0
367 334238.0
368 326254.0
369 332328.0
370 333904.0
371 329515.0
372 330513.0
373 335808.0
374 332745.0
375 335807.0
376 336524.0
377 340716.0
378 337561.0
379 340823.0
380 343528.0
381 344311.0
382 347634.0
383 348312.0
384 350232.0
385 351792.0
386 352242.0
387 357747.0
388 354353.0
389 361437.0
390 360334.0
391 362904.0
392 365354.0
393 369398.0
394 372664.0
395 372255.0
396 380922.0
397 371669.0
398 381304.0
399 384778.0
400 381300.0
401 383756.0
402 380573.0
403 382695.0
404 384257.0
405 382290.0
406 384017.0
407 380162.0
408 385959.0
409 386450.0
410 386717.0
411 340077.0
412 289298.0
413 324119.0
414 430338.0
415 345493.0
416 346375.0
417 385701.0
418 418545.0
419 355019.0
420 340341.0
421 305414.0
422 350924.0
423 357845.0
424 433316.0
425 335318.0
426 397052.0
427 433964.0
428 314069.0
429 352638.0
430 398121.0
431 480083.0
432 454255.0
433 438383.0
434 427029.0
435 430221.0
436 345204.0
437 380540.0
438 422075.0
439 419536.0
440 429373.0
441 441953.0
442 423299.0
443 389238.0
444 356256.0
445 386139.0
446 394442.0
447 431483.0
448 407063.0
449 442029.0
450 395081.0
451 401630.0
452 412198.0
453 469068.0
454 403777.0
455 485428.0
456 434761.0
457 465501.0
458 417606.0
459 464210.0
460 394636.0
461 454006.0
462 486146.0
463 580641.0
464 481662.0
465 388393.0
466 421383.0
467 391963.0
468 528449.0
469 445524.0
470 496299.0
471 543215.0
472 509686.0
473 445681.0
474 470537.0
475 443111.0
476 426575.0
477 423329.0
478 426615.0
479 429430.0
480 415230.0
481 420131.0
482 509383.0
483 556095.0
484 493014.0
485 473766.0
486 448238.0
487 354822.0
488 346869.0
489 363878.0
490 368021.0
491 393745.0
492 412403.0
493 411215.0
494 415369.0
495 420592.0
496 426662.0
497 550371.0
498 569943.0
499 528574.0
500 430028.0
501 439491.0
502 415056.0
503 312546.0
504 341584.0
505 384046.0
506 401410.0
507 405115.0
508 412676.0
509 425371.0
510 386721.0
511 423816.0
512 441649.0
513 587805.0
514 534582.0
515 482931.0
516 429619.0
517 441933.0
518 386806.0
519 324801.0
520 352791.0
521 404206.0
522 401294.0
523 405911.0
524 408600.0
525 419335.0
526 421116.0
527 410766.0
528 489781.0
529 574764.0
530 476168.0
531 465364.0
532 474396.0
533 389797.0
534 351679.0
535 415632.0
536 407269.0
537 368161.0
538 362279.0
539 365361.0
540 360110.0
541 362008.0
542 369250.0
543 363290.0
544 358526.0
545 368671.0
546 364848.0
547 365819.0
548 365727.0
549 361273.0
550 360574.0
551 365615.0
552 365593.0
553 362084.0
554 366262.0
555 361278.0
556 363502.0
557 363702.0
558 365083.0
559 362132.0
560 360331.0
561 365938.0
562 365776.0
563 365762.0
564 365662.0
565 364535.0
566 369155.0
567 366393.0
568 359368.0
569 365253.0
570 362518.0
571 367860.0
572 361974.0
573 365978.0
574 366240.0
575 363963.0
576 359281.0
577 364936.0
578 362608.0
579 366230.0
580 360740.0
581 360129.0
582 365194.0
583 364753.0
584 363738.0
585 364954.0
586 364585.0
587 365201.0
588 366289.0
589 362249.0
590 362128.0
591 369951.0
592 364059.0
593 367284.0
594 327087.0
595 291445.0
596 295287.0
597 289925.0
598 292383.0
599 290628.0
600 290466.0
601 291605.0
602 288734.0
603 292508.0
604 287278.0
605 291823.0
606 291616.0
607 292359.0
608 293031.0
609 293090.0
610 288671.0
611 290806.0
612 294271.0
613 293790.0
614 288312.0
615 296044.0
616 291786.0
617 291871.0
618 289668.0
619 295070.0
620 288925.0
621 290642.0
622 288336.0
623 293316.0
624 292446.0
625 291032.0
626 292418.0
627 293368.0
628 289496.0
629 290179.0
630 291499.0
631 291282.0
632 291779.0
633 290965.0
634 291968.0
635 293555.0
636 293307.0
637 294008.0
638 292198.0
639 288036.0
640 290255.0
641 295137.0
642 292555.0
643 288677.0
644 290692.0
645 292817.0
646 292335.0
647 291502.0
648 294497.0
649 288099.0
650 291483.0
651 289626.0
652 292953.0
653 292832.0
654 248817.0
655 217255.0
656 219806.0
657 217473.0
658 220894.0
659 217484.0
660 220547.0
661 217373.0
662 220176.0
663 220527.0
664 218788.0
665 220901.0
666 219513.0
667 221325.0
668 215751.0
669 218493.0
670 216461.0
671 217853.0
672 219636.0
673 219312.0
674 217723.0
675 220278.0
676 217321.0
677 219728.0
678 218263.0
679 218115.0
680 215168.0
681 216841.0
682 221352.0
683 218558.0
684 223352.0
685 217944.0
686 217651.0
687 220338.0
688 220304.0
689 218046.0
690 218372.0
691 218490.0
692 219442.0
693 220795.0
694 219173.0
695 215701.0
696 219573.0
697 218880.0
698 217848.0
699 220604.0
700 217048.0
701 216466.0
702 220449.0
703 220656.0
704 217118.0
705 217918.0
706 218440.0
707 221613.0
708 216478.0
709 219887.0
710 223262.0
711 213906.0
712 218669.0
713 223015.0
714 159018.0
715 146566.0
716 147743.0
717 144311.0
718 145580.0
719 145135.0
720 144564.0
721 145873.0
722 146448.0
723 145967.0
724 146923.0
725 145068.0
726 147023.0
727 145865.0
728 146538.0
729 146732.0
730 144014.0
731 144539.0
732 148067.0
733 147259.0
734 146124.0
735 146777.0
736 144320.0
737 148218.0
738 146613.0
739 146118.0
740 145833.0
741 143262.0
742 147746.0
743 145684.0
744 146096.0
745 144743.0
746 145982.0
747 146369.0
748 144878.0
749 143767.0
750 147384.0
751 143600.0
752 147012.0
753 146049.0
754 147921.0
755 145158.0
756 148092.0
757 146773.0
758 142743.0
759 149417.0
760 146932.0
761 143990.0
762 147454.0
763 147472.0
764 145674.0
765 146082.0
766 146403.0
767 147313.0
768 146609.0
769 146126.0
770 146591.0
771 143783.0
772 144455.0
773 147554.0
774 107887.0
775 73335.0
776 73331.0
777 72402.0
778 73091.0
779 71995.0
780 71834.0
781 73731.0
782 69389.0
783 71861.0
784 72525.0
785 70551.0
786 77802.0
787 73957.0
788 71756.0
789 73952.0
790 71953.0
791 72712.0
792 72409.0
793 72969.0
794 72329.0
795 72468.0
796 72704.0
797 72046.0
798 73147.0
799 71992.0
800 72804.0
801 71985.0
802 72802.0
803 73498.0
804 73413.0
805 73023.0
806 74520.0
807 71022.0
808 74834.0
809 73419.0
810 72053.0
811 73450.0
812 72429.0
813 73323.0
814 73588.0
815 72718.0
816 72677.0
817 73358.0
818 73099.0
819 72995.0
820 74213.0
821 72545.0
822 72455.0
823 73614.0
824 72488.0
825 73940.0
826 72481.0
827 71595.0
828 74456.0
829 73103.0
830 72286.0
831 75310.0
832 71436.0
833 73814.0
834 72551.0
835 6752.0
836 126.0
837 126.0
838 126.0
839 126.0
840 126.0
841 168.0
842 168.0
843 1074.0
844 168.0
845 168.0
846 168.0
847 168.0
848 210.0
849 168.0
850 168.0
851 168.0
852 168.0
853 168.0
854 168.0
855 168.0
856 126.0
857 126.0
858 168.0
859 168.0
860 168.0
861 126.0
862 126.0
863 126.0
864 168.0
865 168.0
866 126.0
867 84.0
868 84.0
869 126.0
870 126.0
871 126.0
872 126.0
873 84.0
874 84.0
875 126.0
876 126.0
877 126.0
878 126.0
879 84.0
880 84.0
881 126.0
882 126.0
883 126.0
884 126.0
885 126.0
886 126.0
887 168.0
888 168.0
889 168.0
890 168.0
891 168.0
892 168.0
893 168.0
894 107361.0
895 27069.0
896 1463.0
897 200.0
898 636.0
899 168.0
900 126.0
901 55387.0
902 13453.0
903 15359.0
904 9181.0
905 9509.0
906 9662.0
907 9730.0
908 10164.0
909 10263.0
910 10662.0
911 10733.0
912 11794.0
913 11846.0
914 11226.0
915 11321.0
916 11327.0
917 11413.0
918 11668.0
919 11525.0
920 11601.0
921 11473.0
922 12619.0
923 12511.0
924 11634.0
925 11796.0
926 12681.0
927 13339.0
928 13195.0
929 12819.0
930 12935.0
931 13126.0
932 14837.0
933 14621.0
934 15288.0
935 15846.0
936 14947.0
937 15464.0
938 16666.0
939 15803.0
940 17322.0
941 16972.0
942 17188.0
943 19794.0
944 19593.0
945 19798.0
946 20824.0
947 21204.0
948 21753.0
949 22206.0
950 22866.0
951 23691.0
952 24195.0
953 140379.0
954 34295.0
955 31806.0
956 47308.0
957 37199.0
958 37664.0
959 38235.0
960 38769.0
961 41314.0
962 42962.0
963 45274.0
964 45641.0
965 45604.0
966 48915.0
967 48639.0
968 50156.0
969 51868.0
970 54452.0
971 57962.0
972 57451.0
973 60455.0
974 63871.0
975 63637.0
976 66952.0
977 67510.0
978 69221.0
979 71834.0
980 70825.0
981 77682.0
982 77424.0
983 86500.0
984 84302.0
985 85277.0
986 85938.0
987 84647.0
988 84871.0
989 86552.0
990 87117.0
991 87489.0
992 85134.0
993 87976.0
994 87757.0
995 88328.0
996 87369.0
997 87272.0
998 88373.0
999 86418.0
1000 87635.0
1001 88026.0
1002 87510.0
1003 89042.0
1004 89935.0
1005 89808.0
1006 89479.0
1007 90440.0
1008 88383.0
1009 88476.0
1010 88968.0
1011 91246.0
1012 88810.0
1013 177516.0
1014 149980.0
1015 100003.0
1016 100472.0
1017 113840.0
1018 105131.0
1019 106450.0
1020 107255.0
1021 107308.0
1022 107801.0
1023 110040.0
1024 108916.0
1025 110674.0
1026 112097.0
1027 113245.0
1028 116088.0
1029 114350.0
1030 118473.0
1031 118689.0
1032 120857.0
1033 121108.0
1034 122111.0
1035 129372.0
1036 124354.0
1037 130369.0
1038 133986.0
1039 134971.0
1040 138234.0
1041 139795.0
1042 139636.0
1043 143629.0
1044 146023.0
1045 143913.0
1046 149205.0
1047 150672.0
1048 153819.0
1049 154924.0
1050 159257.0
1051 161723.0
1052 158627.0
1053 161145.0
1054 161314.0
1055 164173.0
1056 162727.0
1057 162771.0
1058 163880.0
1059 161066.0
1060 167358.0
1061 163638.0
1062 160800.0
1063 165948.0
1064 165643.0
1065 165258.0
1066 169439.0
1067 168312.0
1068 168159.0
1069 168477.0
1070 171132.0
1071 172381.0
1072 170356.0
1073 269173.0
1074 191766.0
1075 186011.0
1076 188482.0
1077 184484.0
1078 189842.0
1079 188720.0
1080 187758.0
1081 194866.0
1082 188814.0
1083 194036.0
1084 197801.0
1085 195263.0
1086 197710.0
1087 202218.0
1088 204574.0
1089 205002.0
1090 208010.0
1091 208227.0
1092 211531.0
1093 212843.0
1094 217213.0
1095 217963.0
1096 218175.0
1097 218247.0
1098 224516.0
1099 228786.0
1100 228686.0
1101 228527.0
1102 231076.0
1103 230255.0
1104 232600.0
1105 229723.0
1106 229991.0
1107 233262.0
1108 230260.0
1109 235436.0
1110 232274.0
1111 230963.0
1112 239651.0
1113 233740.0
1114 233282.0
1115 235057.0
1116 235615.0
1117 235330.0
1118 237977.0
1119 233603.0
1120 235349.0
1121 234609.0
1122 237930.0
1123 235267.0
1124 238348.0
1125 239533.0
1126 239080.0
1127 238784.0
1128 240964.0
1129 239565.0
1130 244831.0
1131 244212.0
1132 238656.0
1133 252347.0
1134 363762.0
1135 248320.0
1136 262216.0
1137 267287.0
1138 262428.0
1139 267360.0
1140 265497.0
1141 267343.0
1142 269987.0
1143 271509.0
1144 273581.0
1145 275674.0
1146 277010.0
1147 273934.0
1148 280725.0
1149 278619.0
1150 282037.0
1151 283091.0
1152 284340.0
1153 286932.0
1154 288970.0
1155 293261.0
1156 294991.0
1157 299981.0
1158 308714.0
1159 309141.0
1160 312346.0
1161 314346.0
1162 315187.0
1163 313120.0
1164 316935.0
1165 316410.0
1166 316605.0
1167 321655.0
1168 319602.0
1169 320006.0
1170 319078.0
1171 324129.0
1172 324278.0
1173 324128.0
1174 323578.0
1175 326709.0
1176 326671.0
1177 332323.0
1178 329162.0
1179 334657.0
1180 336785.0
1181 330522.0
1182 341338.0
1183 342172.0
1184 336489.0
1185 348937.0
1186 347013.0
1187 344946.0
1188 353757.0
1189 348572.0
1190 355927.0
1191 357190.0
1192 360383.0
1193 453280.0
1194 379060.0
1195 378627.0
1196 382331.0
1197 378672.0
1198 378207.0
1199 379222.0
1200 373179.0
1201 377959.0
1202 376153.0
1203 378958.0
1204 379555.0
1205 379163.0
1206 379814.0
1207 380655.0
1208 382916.0
1209 375538.0
1210 379778.0
1211 382621.0
1212 379489.0
1213 380951.0
1214 374396.0
1215 386319.0
1216 379304.0
1217 383036.0
1218 379602.0
1219 379055.0
1220 382612.0
1221 381438.0
1222 379516.0
1223 381669.0
1224 380274.0
1225 381982.0
1226 384892.0
1227 385431.0
1228 385991.0
1229 386939.0
1230 384695.0
1231 396421.0
1232 383925.0
1233 386913.0
1234 395888.0
1235 388632.0
1236 392835.0
1237 395994.0
1238 393826.0
1239 399330.0
1240 398646.0
1241 397343.0
1242 398834.0
1243 402189.0
1244 398267.0
1245 399360.0
1246 405088.0
1247 405415.0
1248 403455.0
1249 406660.0
1250 410105.0
1251 408471.0
1252 414652.0
1253 415408.0
1254 525677.0
1255 421555.0
1256 440876.0
1257 448947.0
1258 439635.0
1259 438935.0
1260 453235.0
1261 448034.0
1262 450982.0
1263 445210.0
1264 449496.0
1265 446453.0
1266 448340.0
1267 448532.0
1268 449458.0
1269 448726.0
1270 455401.0
1271 454098.0
1272 451961.0
1273 450541.0
1274 447758.0
1275 452217.0
1276 456008.0
1277 455105.0
1278 453229.0
1279 449694.0
1280 461490.0
1281 449130.0
1282 456051.0
1283 448202.0
1284 454392.0
1285 447230.0
1286 462338.0
1287 457843.0
1288 454992.0
1289 455689.0
1290 458367.0
1291 458470.0
1292 454426.0
1293 454416.0
1294 453840.0
1295 448443.0
1296 459877.0
1297 457252.0
1298 461440.0
1299 457407.0
1300 459829.0
1301 461156.0
1302 460597.0
1303 460366.0
1304 463534.0
1305 463315.0
1306 464146.0
1307 470114.0
1308 463478.0
1309 468583.0
1310 465596.0
1311 473785.0
1312 471142.0
1313 473576.0
1314 458513.0
1315 431752.0
1316 440158.0
1317 436603.0
1318 436960.0
1319 436713.0
1320 435750.0
1321 440229.0
1322 436942.0
1323 434664.0
1324 436580.0
1325 435333.0
1326 435482.0
1327 440052.0
1328 439241.0
1329 439700.0
1330 437224.0
1331 435178.0
1332 439764.0
1333 436218.0
1334 439070.0
1335 440839.0
1336 435714.0
1337 438539.0
1338 439487.0
1339 439306.0
1340 439534.0
1341 436080.0
1342 439840.0
1343 434699.0
1344 436041.0
1345 436942.0
1346 432781.0
1347 438415.0
1348 439702.0
1349 441186.0
1350 443603.0
1351 434993.0
1352 436107.0
1353 442929.0
1354 438733.0
1355 435182.0
1356 435737.0
1357 440241.0
1358 435347.0
1359 440976.0
1360 438920.0
1361 437970.0
1362 438279.0
1363 436904.0
1364 437750.0
1365 432606.0
1366 435308.0
1367 436151.0
1368 439524.0
1369 436866.0
1370 439456.0
1371 440736.0
1372 440883.0
1373 437781.0
1374 377351.0
1375 363079.0
1376 357920.0
1377 369735.0
1378 370162.0
1379 364904.0
1380 361636.0
1381 366595.0
1382 364737.0
1383 365671.0
1384 366684.0
1385 361487.0
1386 356690.0
1387 371857.0
1388 363806.0
1389 365766.0
1390 365036.0
1391 363943.0
1392 365409.0
1393 362766.0
1394 370628.0
1395 367484.0
1396 363977.0
1397 363286.0
1398 365171.0
1399 366451.0
1400 371171.0
1401 363302.0
1402 361824.0
1403 370475.0
1404 363804.0
1405 366501.0
1406 364131.0
1407 362221.0
1408 365988.0
1409 365549.0
1410 364805.0
1411 365581.0
1412 363353.0
1413 365486.0
1414 365993.0
1415 363102.0
1416 361205.0
1417 362792.0
1418 367610.0
1419 364594.0
1420 365324.0
1421 364816.0
1422 364081.0
1423 364817.0
1424 365634.0
1425 363184.0
1426 361166.0
1427 368372.0
1428 368235.0
1429 360450.0
1430 370353.0
1431 362937.0
1432 365845.0
1433 365869.0
1434 326474.0
1435 291006.0
1436 292481.0
1437 289506.0
1438 290340.0
1439 291801.0
1440 290400.0
1441 294857.0
1442 289402.0
1443 294963.0
1444 288912.0
1445 292164.0
1446 289276.0
1447 290975.0
1448 295489.0
1449 294864.0
1450 288213.0
1451 291227.0
1452 293599.0
1453 292836.0
1454 290650.0
1455 292092.0
1456 293992.0
1457 287603.0
1458 287626.0
1459 288998.0
1460 291313.0
1461 292725.0
1462 292779.0
1463 290839.0
1464 289134.0
1465 295053.0
1466 287463.0
1467 287357.0
1468 294307.0
1469 288486.0
1470 290779.0
1471 290028.0
1472 291691.0
1473 289034.0
1474 295249.0
1475 289203.0
1476 297039.0
1477 292995.0
1478 285456.0
1479 294997.0
1480 291781.0
1481 288614.0
1482 291037.0
1483 294369.0
1484 289588.0
1485 294011.0
1486 291344.0
1487 287011.0
1488 293190.0
1489 288033.0
1490 294145.0
1491 288822.0
1492 291585.0
1493 289374.0
1494 247424.0
1495 219595.0
1496 215561.0
1497 220393.0
1498 218674.0
1499 217619.0
1500 220128.0
1501 216386.0
1502 220690.0
1503 218756.0
1504 220119.0
1505 217256.0
1506 219987.0
1507 215397.0
1508 218897.0
1509 218626.0
1510 219443.0
1511 215798.0
1512 219994.0
1513 218542.0
1514 217361.0
1515 219454.0
1516 221233.0
1517 211989.0
1518 221178.0
1519 217299.0
1520 221069.0
1521 216828.0
1522 219198.0
1523 217939.0
1524 218581.0
1525 221875.0
1526 218754.0
1527 214766.0
1528 222399.0
1529 217308.0
1530 217678.0
1531 218408.0
1532 216014.0
1533 218688.0
1534 220940.0
1535 219421.0
1536 216792.0
1537 215073.0
1538 220371.0
1539 219332.0
1540 217002.0
1541 215035.0
1542 221152.0
1543 217541.0
1544 216480.0
1545 219541.0
1546 227164.0
1547 212455.0
1548 219578.0
1549 219879.0
1550 216220.0
1551 221663.0
1552 216043.0
1553 219163.0
1554 179355.0
1555 145310.0
1556 145994.0
1557 140789.0
1558 145776.0
1559 145750.0
1560 147069.0
1561 144103.0
1562 147312.0
1563 146301.0
1564 144262.0
1565 147359.0
1566 144847.0
1567 144718.0
1568 145220.0
1569 144704.0
1570 145312.0
1571 148808.0
1572 146355.0
1573 145641.0
1574 145076.0
1575 145633.0
1576 146615.0
1577 144043.0
1578 146326.0
1579 145859.0
1580 143753.0
1581 146566.0
1582 143449.0
1583 145919.0
1584 145472.0
1585 145954.0
1586 147198.0
1587 144360.0
1588 144082.0
1589 146867.0
1590 145236.0
1591 145624.0
1592 143643.0
1593 145044.0
1594 147699.0
1595 149006.0
1596 145679.0
1597 145156.0
1598 146419.0
1599 144762.0
1600 145593.0
1601 144158.0
1602 146127.0
1603 146548.0
1604 144684.0
1605 145660.0
1606 145237.0
1607 146625.0
1608 143948.0
1609 142206.0
1610 145299.0
1611 147189.0
1612 145722.0
1613 146126.0
1614 112053.0
1615 74246.0
1616 71537.0
1617 72058.0
1618 69057.0
1619 73573.0
1620 73316.0
1621 72218.0
1622 72626.0
1623 74361.0
1624 71935.0
1625 73511.0
1626 71800.0
1627 72790.0
1628 71579.0
1629 69479.0
1630 71076.0
1631 72824.0
1632 71578.0
1633 72717.0
1634 71091.0
1635 73269.0
1636 72893.0
1637 74284.0
1638 69044.0
1639 74517.0
1640 72182.0
1641 71473.0
1642 73366.0
1643 73632.0
1644 74317.0
1645 74595.0
1646 70590.0
1647 74704.0
1648 70808.0
1649 72209.0
1650 75406.0
1651 70498.0
1652 71490.0
1653 74361.0
1654 74188.0
1655 73061.0
1656 73582.0
1657 71382.0
1658 71836.0
1659 73227.0
1660 72897.0
1661 73476.0
1662 72720.0
1663 72284.0
1664 74761.0
1665 72416.0
1666 72281.0
1667 73072.0
1668 71131.0
1669 73292.0
1670 73823.0
1671 72796.0
1672 73306.0
1673 71946.0
1674 34249.0
1675 210.0
1676 168.0
1677 168.0
1678 168.0
1679 168.0
1680 126.0
1681 168.0
1682 168.0
1683 126.0
1684 126.0
1685 168.0
1686 168.0
1687 168.0
1688 168.0
1689 168.0
1690 168.0
1691 168.0
1692 168.0
1693 168.0
1694 168.0
1695 168.0
1696 168.0
1697 168.0
1698 168.0
1699 168.0
1700 126.0
1701 168.0
1702 168.0
1703 168.0
1704 168.0
1705 168.0
1706 168.0
1707 126.0
1708 126.0
1709 126.0
1710 168.0
1711 168.0
1712 168.0
1713 168.0
1714 168.0
1715 168.0
1716 168.0
1717 168.0
1718 168.0
1719 168.0
1720 126.0
1721 126.0
1722 126.0
1723 168.0
1724 168.0
1725 126.0
1726 126.0
1727 126.0
1728 126.0
1729 126.0
1730 126.0
1731 168.0
1732 168.0
1733 168.0
1734 168.0
1735 168.0
1736 168.0
1737 168.0
1738 168.0
1739 168.0
1740 168.0
1741 168.0
1742 168.0
1743 126.0
