0 11177984.0
1 20045824.0
2 20045824.0
3 20045824.0
4 20045824.0
5 20045824.0
6 20045824.0
7 20045824.0
8 20045824.0
9 20045824.0
10 20045824.0
11 20045824.0
12 20045824.0
13 20045824.0
14 20045824.0
15 20045824.0
16 20045824.0
17 20045824.0
18 20045824.0
19 20045824.0
20 20045824.0
21 20045824.0
22 20045824.0
23 20045824.0
24 20045824.0
25 20045824.0
26 20045824.0
27 20045824.0
28 20045824.0
29 20045824.0
30 20045824.0
31 20045824.0
32 20045824.0
33 20045824.0
34 20045824.0
35 20045824.0
36 20045824.0
37 20045824.0
38 20045824.0
39 20045824.0
40 20045824.0
41 20045824.0
42 20045824.0
43 20045824.0
44 20045824.0
45 20045824.0
46 20045824.0
47 20045824.0
48 20045824.0
49 20045824.0
50 20045824.0
51 20045824.0
52 20045824.0
53 20045824.0
54 20045824.0
55 28758016.0
56 54042624.0
57 92495872.0
58 92495872.0
59 92495872.0
60 92495872.0
61 92495872.0
62 92495872.0
63 92229632.0
64 92495872.0
65 92495872.0
66 92876800.0
67 92909568.0
68 92909568.0
69 93175808.0
70 93175808.0
71 93175808.0
72 93175808.0
73 93442048.0
74 93442048.0
75 93442048.0
76 93986816.0
77 93704192.0
78 93970432.0
79 93970432.0
80 93970432.0
81 93970432.0
82 93970432.0
83 93970432.0
84 93970432.0
85 93970432.0
86 94244864.0
87 94244864.0
88 94244864.0
89 94244864.0
90 94244864.0
91 93978624.0
92 93978624.0
93 94244864.0
94 94244864.0
95 93978624.0
96 94191616.0
97 94470144.0
98 94470144.0
99 94203904.0
100 94203904.0
101 94470144.0
102 94470144.0
103 94470144.0
104 94470144.0
105 94470144.0
106 94765056.0
107 94756864.0
108 94756864.0
109 94756864.0
110 94490624.0
111 94756864.0
112 95027200.0
113 95027200.0
114 95027200.0
115 95027200.0
116 96571392.0
117 130842624.0
118 130842624.0
119 130576384.0
120 130576384.0
121 154632192.0
122 154632192.0
123 154902528.0
124 154902528.0
125 135573504.0
126 136282112.0
127 136282112.0
128 136548352.0
129 136548352.0
130 136548352.0
131 148172800.0
132 148762624.0
133 148762624.0
134 148496384.0
135 148766720.0
136 149450752.0
137 149442560.0
138 149442560.0
139 149176320.0
140 149176320.0
141 138084352.0
142 138084352.0
143 138088448.0
144 138088448.0
145 138088448.0
146 138354688.0
147 151080960.0
148 150814720.0
149 150814720.0
150 151080960.0
151 151080960.0
152 150814720.0
153 150814720.0
154 151080960.0
155 139730944.0
156 139730944.0
157 151502848.0
158 151773184.0
159 151773184.0
160 151773184.0
161 151773184.0
162 151773184.0
163 151773184.0
164 151773184.0
165 151773184.0
166 151773184.0
167 152182784.0
168 152182784.0
169 152182784.0
170 152449024.0
171 152449024.0
172 152449024.0
173 152182784.0
174 152449024.0
175 152449024.0
176 153763840.0
177 184475648.0
178 185040896.0
179 185040896.0
180 185040896.0
181 219906048.0
182 220172288.0
183 219906048.0
184 220172288.0
185 219906048.0
186 219373568.0
187 220356608.0
188 220622848.0
189 186580992.0
190 186314752.0
191 186847232.0
192 186847232.0
193 220901376.0
194 220635136.0
195 220635136.0
196 221167616.0
197 221995008.0
198 221962240.0
199 221962240.0
200 221696000.0
201 221962240.0
202 221962240.0
203 221696000.0
204 221962240.0
205 221962240.0
206 221962240.0
207 223256576.0
208 223367168.0
209 223367168.0
210 223367168.0
211 223367168.0
212 223100928.0
213 223367168.0
214 223367168.0
215 223100928.0
216 223367168.0
217 223956992.0
218 223940608.0
219 223940608.0
220 223674368.0
221 223940608.0
222 223940608.0
223 223674368.0
224 223674368.0
225 223940608.0
226 223940608.0
227 224751616.0
228 224448512.0
229 224448512.0
230 224714752.0
231 224714752.0
232 224448512.0
233 224714752.0
234 224714752.0
235 224985088.0
236 226103296.0
237 252321792.0
238 252276736.0
239 252276736.0
240 252542976.0
241 241000448.0
242 241000448.0
243 240734208.0
244 240734208.0
245 252882944.0
246 252616704.0
247 254148608.0
248 254140416.0
249 220131328.0
250 220397568.0
251 220663808.0
252 220934144.0
253 223367168.0
254 223100928.0
255 223367168.0
256 223367168.0
257 223932416.0
258 223895552.0
259 223895552.0
260 223895552.0
261 223895552.0
262 223895552.0
263 223629312.0
264 223629312.0
265 258215936.0
266 258486272.0
267 247848960.0
268 247717888.0
269 259874816.0
270 259874816.0
271 258809856.0
272 259608576.0
273 259608576.0
274 259608576.0
275 259874816.0
276 259874816.0
277 260329472.0
278 271613952.0
279 271613952.0
280 271880192.0
281 271880192.0
282 271880192.0
283 271880192.0
284 271613952.0
285 271613952.0
286 271880192.0
287 271392768.0
288 272125952.0
289 271859712.0
290 271859712.0
291 272658432.0
292 272658432.0
293 272658432.0
294 272928768.0
295 272396288.0
296 261844992.0
297 263098368.0
298 326934528.0
299 327467008.0
300 327467008.0
301 327737344.0
302 327737344.0
303 328269824.0
304 328269824.0
305 328003584.0
306 328269824.0
307 328269824.0
308 329269248.0
309 329269248.0
310 272814080.0
311 272814080.0
312 272814080.0
313 272814080.0
314 329842688.0
315 329842688.0
316 329842688.0
317 330113024.0
318 274223104.0
319 274223104.0
320 274223104.0
321 273956864.0
322 330706944.0
323 330973184.0
324 330973184.0
325 330973184.0
326 319623168.0
327 319356928.0
328 331419648.0
329 331419648.0
330 331419648.0
331 331153408.0
332 331419648.0
333 331419648.0
334 331153408.0
335 331419648.0
336 319270912.0
337 319537152.0
338 320704512.0
339 319840256.0
340 320106496.0
341 320372736.0
342 263090176.0
343 263630848.0
344 263630848.0
345 263630848.0
346 263630848.0
347 264433664.0
348 276164608.0
349 276492288.0
350 277291008.0
351 276492288.0
352 277024768.0
353 277024768.0
354 334041088.0
355 334041088.0
356 335200256.0
357 366903296.0
358 356888576.0
359 356532224.0
360 355999744.0
361 356798464.0
362 302481408.0
363 302481408.0
364 302215168.0
365 302215168.0
366 313298944.0
367 313303040.0
368 303079424.0
369 303009792.0
370 359759872.0
371 360296448.0
372 360030208.0
373 360296448.0
374 303280128.0
375 303812608.0
376 303546368.0
377 303546368.0
378 360890368.0
379 360935424.0
380 360935424.0
381 360935424.0
382 360669184.0
383 360669184.0
384 360669184.0
385 360402944.0
386 360669184.0
387 360673280.0
388 372346880.0
389 372215808.0
390 371949568.0
391 371949568.0
392 371949568.0
393 371949568.0
394 371949568.0
395 371683328.0
396 372482048.0
397 371949568.0
398 372264960.0
399 372703232.0
400 372703232.0
401 372703232.0
402 372436992.0
403 372436992.0
404 372703232.0
405 372703232.0
406 372703232.0
407 372707328.0
408 373268480.0
409 373739520.0
410 374272000.0
411 386166784.0
412 385101824.0
413 374816768.0
414 374816768.0
415 373751808.0
416 377712640.0
417 408776704.0
418 409051136.0
419 409260032.0
420 341090304.0
421 340291584.0
422 341356544.0
423 340291584.0
424 341090304.0
425 341090304.0
426 341090304.0
427 341356544.0
428 340291584.0
429 341889024.0
430 343232512.0
431 343498752.0
432 344031232.0
433 343498752.0
434 344031232.0
435 344031232.0
436 400515072.0
437 400248832.0
438 400781312.0
439 401035264.0
440 400744448.0
441 412360704.0
442 422920192.0
443 423718912.0
444 422920192.0
445 423718912.0
446 422920192.0
447 423186432.0
448 422920192.0
449 423256064.0
450 423923712.0
451 423657472.0
452 423923712.0
453 423124992.0
454 423923712.0
455 424189952.0
456 424194048.0
457 424194048.0
458 435544064.0
459 436965376.0
460 437477376.0
461 437743616.0
462 437743616.0
463 437743616.0
464 437743616.0
465 437477376.0
466 437743616.0
467 437477376.0
468 437477376.0
469 436744192.0
470 436629504.0
471 437698560.0
472 437436416.0
473 437710848.0
474 426905600.0
475 427773952.0
476 427773952.0
477 427773952.0
478 427773952.0
479 428093440.0
480 428007424.0
481 428007424.0
482 429072384.0
483 428806144.0
484 429342720.0
485 429617152.0
486 429883392.0
487 429621248.0
488 430153728.0
489 430186496.0
490 430407680.0
491 430407680.0
492 430407680.0
493 430407680.0
494 430407680.0
495 430407680.0
496 430407680.0
497 430407680.0
498 430141440.0
499 430432256.0
500 429834240.0
501 430366720.0
502 429834240.0
503 430366720.0
504 430366720.0
505 430366720.0
506 430366720.0
507 430366720.0
508 429834240.0
509 430366720.0
510 430841856.0
511 430575616.0
512 430841856.0
513 430043136.0
514 430043136.0
515 430043136.0
516 430043136.0
517 430309376.0
518 430309376.0
519 429776896.0
520 429969408.0
521 430501888.0
522 430501888.0
523 430235648.0
524 430501888.0
525 430235648.0
526 430501888.0
527 430501888.0
528 430768128.0
529 430768128.0
530 430784512.0
531 430784512.0
532 430252032.0
533 430784512.0
534 419729408.0
535 420110336.0
536 420110336.0
537 420642816.0
538 419577856.0
539 420110336.0
540 420577280.0
541 420843520.0
542 420843520.0
543 420843520.0
544 420843520.0
545 421109760.0
546 421109760.0
547 421109760.0
548 420843520.0
549 421109760.0
550 420892672.0
551 420802560.0
552 421068800.0
553 420802560.0
554 421068800.0
555 421068800.0
556 420536320.0
557 420536320.0
558 420802560.0
559 420536320.0
560 421117952.0
561 420421632.0
562 420421632.0
563 420687872.0
564 420687872.0
565 420687872.0
566 420687872.0
567 420954112.0
568 420954112.0
569 421220352.0
570 420990976.0
571 420896768.0
572 421363712.0
573 421629952.0
574 421629952.0
575 421629952.0
576 421363712.0
577 421629952.0
578 420831232.0
579 421363712.0
580 421949440.0
581 421343232.0
582 421875712.0
583 421609472.0
584 421343232.0
585 421076992.0
586 421609472.0
587 421343232.0
588 421076992.0
589 421076992.0
590 421658624.0
591 421793792.0
592 421527552.0
593 422060032.0
594 410664960.0
595 410664960.0
596 410664960.0
597 410664960.0
598 410664960.0
599 410664960.0
600 410705920.0
601 410890240.0
602 410624000.0
603 410890240.0
604 410890240.0
605 410624000.0
606 410357760.0
607 410357760.0
608 410890240.0
609 410890240.0
610 410497024.0
611 409923584.0
612 410169344.0
613 410169344.0
614 410435584.0
615 410673152.0
616 410406912.0
617 410673152.0
618 410673152.0
619 410939392.0
620 410673152.0
621 410931200.0
622 410931200.0
623 410931200.0
624 410931200.0
625 410664960.0
626 410869760.0
627 410869760.0
628 410337280.0
629 409804800.0
630 409804800.0
631 410570752.0
632 410304512.0
633 410038272.0
634 410038272.0
635 410836992.0
636 410038272.0
637 410304512.0
638 410570752.0
639 410038272.0
640 410570752.0
641 410824704.0
642 411090944.0
643 411090944.0
644 410824704.0
645 410824704.0
646 411090944.0
647 411090944.0
648 410824704.0
649 411090944.0
650 411090944.0
651 411426816.0
652 411426816.0
653 411160576.0
654 400441344.0
655 400441344.0
656 400175104.0
657 400175104.0
658 400441344.0
659 400441344.0
660 400441344.0
661 400572416.0
662 400572416.0
663 400838656.0
664 400838656.0
665 400838656.0
666 400838656.0
667 400838656.0
668 400838656.0
669 400588800.0
670 400855040.0
671 400883712.0
672 400826368.0
673 400826368.0
674 400826368.0
675 400826368.0
676 400560128.0
677 400560128.0
678 400556032.0
679 400556032.0
680 400556032.0
681 400588800.0
682 400961536.0
683 400961536.0
684 400695296.0
685 400961536.0
686 400957440.0
687 400936960.0
688 400936960.0
689 400936960.0
690 400670720.0
691 400969728.0
692 400916480.0
693 400916480.0
694 400650240.0
695 400916480.0
696 400916480.0
697 400916480.0
698 400650240.0
699 400916480.0
700 400384000.0
701 400683008.0
702 400904192.0
703 400637952.0
704 400371712.0
705 400371712.0
706 400371712.0
707 400371712.0
708 400105472.0
709 400056320.0
710 400855040.0
711 400355328.0
712 400355328.0
713 400621568.0
714 390144000.0
715 402034688.0
716 405278720.0
717 405278720.0
718 404721664.0
719 404987904.0
720 404987904.0
721 405118976.0
722 404836352.0
723 405102592.0
724 405102592.0
725 404836352.0
726 404836352.0
727 404836352.0
728 404836352.0
729 404836352.0
730 404836352.0
731 404889600.0
732 405073920.0
733 405073920.0
734 405073920.0
735 404807680.0
736 404807680.0
737 405340160.0
738 405340160.0
739 405340160.0
740 405340160.0
741 405209088.0
742 405454848.0
743 405454848.0
744 405454848.0
745 405454848.0
746 405454848.0
747 405454848.0
748 405188608.0
749 405188608.0
750 405188608.0
751 405782528.0
752 405749760.0
753 405483520.0
754 405749760.0
755 405749760.0
756 405749760.0
757 405749760.0
758 405483520.0
759 405483520.0
760 405749760.0
761 405774336.0
762 405757952.0
763 405491712.0
764 405757952.0
765 405757952.0
766 405757952.0
767 405757952.0
768 405491712.0
769 405757952.0
770 405757952.0
771 405757952.0
772 405757952.0
773 405225472.0
774 388640768.0
775 388640768.0
776 388911104.0
777 389181440.0
778 389451776.0
779 389722112.0
780 389722112.0
781 389992448.0
782 388771840.0
783 388771840.0
784 389042176.0
785 389312512.0
786 389582848.0
787 389586944.0
788 390123520.0
789 390123520.0
790 390393856.0
791 390934528.0
792 389173248.0
793 389173248.0
794 389443584.0
795 389713920.0
796 389984256.0
797 390254592.0
798 390254592.0
799 390524928.0
800 390795264.0
801 391065600.0
802 389079040.0
803 388812800.0
804 389079040.0
805 389079040.0
806 389079040.0
807 388812800.0
808 389079040.0
809 389079040.0
810 389079040.0
811 389079040.0
812 389095424.0
813 389095424.0
814 389095424.0
815 389095424.0
816 388829184.0
817 389095424.0
818 388829184.0
819 389095424.0
820 389095424.0
821 388829184.0
822 389111808.0
823 389111808.0
824 389111808.0
825 389111808.0
826 389111808.0
827 389111808.0
828 389111808.0
829 389111808.0
830 388845568.0
831 389111808.0
832 389111808.0
833 389111808.0
834 388845568.0
835 354713600.0
836 354713600.0
837 354713600.0
838 354713600.0
839 354713600.0
840 354713600.0
841 354713600.0
842 354713600.0
843 354713600.0
844 354713600.0
845 354713600.0
846 354713600.0
847 354713600.0
848 354713600.0
849 354713600.0
850 354697216.0
851 354697216.0
852 354697216.0
853 354697216.0
854 354697216.0
855 354697216.0
856 354697216.0
857 354697216.0
858 354697216.0
859 354697216.0
860 354697216.0
861 354697216.0
862 354697216.0
863 354697216.0
864 354697216.0
865 354697216.0
866 354697216.0
867 354697216.0
868 354697216.0
869 354697216.0
870 354697216.0
871 354697216.0
872 354697216.0
873 354697216.0
874 354697216.0
875 354697216.0
876 354697216.0
877 354697216.0
878 354697216.0
879 354697216.0
880 354697216.0
881 354697216.0
882 354697216.0
883 354697216.0
884 354697216.0
885 354697216.0
886 354697216.0
887 354697216.0
888 354697216.0
889 354697216.0
890 354697216.0
891 354697216.0
892 354697216.0
893 354697216.0
894 354697216.0
895 357662720.0
896 375222272.0
897 375222272.0
898 375222272.0
899 375222272.0
900 375222272.0
901 354918400.0
902 372842496.0
903 400277504.0
904 400310272.0
905 400326656.0
906 400252928.0
907 400449536.0
908 400244736.0
909 400261120.0
910 400408576.0
911 400424960.0
912 400396288.0
913 400412672.0
914 400338944.0
915 400576512.0
916 400404480.0
917 399241216.0
918 400470016.0
919 399216640.0
920 400543744.0
921 400371712.0
922 400437248.0
923 400535552.0
924 400535552.0
925 400502784.0
926 400429056.0
927 400355328.0
928 400461824.0
929 400478208.0
930 400404480.0
931 400601088.0
932 400674816.0
933 400601088.0
934 400617472.0
935 400494592.0
936 400510976.0
937 400658432.0
938 400674816.0
939 400601088.0
940 400617472.0
941 400715776.0
942 400896000.0
943 400723968.0
944 400871424.0
945 400699392.0
946 400797696.0
947 399495168.0
948 400723968.0
949 400912384.0
950 400920576.0
951 400699392.0
952 399618048.0
953 401383424.0
954 401399808.0
955 402206720.0
956 416788480.0
957 417402880.0
958 416772096.0
959 416780288.0
960 417239040.0
961 417427456.0
962 416886784.0
963 417533952.0
964 417583104.0
965 416231424.0
966 416821248.0
967 416321536.0
968 416772096.0
969 416772096.0
970 416772096.0
971 417492992.0
972 417349632.0
973 417550336.0
974 417550336.0
975 417599488.0
976 417615872.0
977 417533952.0
978 417452032.0
979 418279424.0
980 418287616.0
981 422162432.0
982 422346752.0
983 421609472.0
984 421707776.0
985 422166528.0
986 422264832.0
987 421654528.0
988 422293504.0
989 420982784.0
990 421163008.0
991 421888000.0
992 421888000.0
993 422027264.0
994 422117376.0
995 422068224.0
996 422789120.0
997 421978112.0
998 422928384.0
999 422215680.0
1000 421625856.0
1001 422805504.0
1002 422051840.0
1003 421978112.0
1004 430080000.0
1005 422846464.0
1006 422854656.0
1007 422952960.0
1008 423092224.0
1009 430202880.0
1010 430301184.0
1011 429539328.0
1012 429637632.0
1013 446058496.0
1014 445489152.0
1015 445939712.0
1016 445919232.0
1017 459051008.0
1018 459288576.0
1019 459382784.0
1020 459300864.0
1021 482717696.0
1022 483385344.0
1023 483790848.0
1024 482926592.0
1025 483262464.0
1026 483835904.0
1027 483139584.0
1028 483713024.0
1029 483799040.0
1030 483704832.0
1031 483700736.0
1032 483016704.0
1033 460656640.0
1034 460742656.0
1035 459952128.0
1036 460566528.0
1037 496148480.0
1038 495685632.0
1039 496111616.0
1040 496271360.0
1041 495521792.0
1042 495493120.0
1043 496570368.0
1044 495878144.0
1045 461619200.0
1046 461709312.0
1047 461590528.0
1048 461647872.0
1049 484106240.0
1050 484163584.0
1051 484192256.0
1052 484208640.0
1053 485163008.0
1054 485158912.0
1055 484466688.0
1056 484503552.0
1057 484442112.0
1058 485093376.0
1059 484352000.0
1060 485097472.0
1061 484577280.0
1062 485003264.0
1063 484528128.0
1064 484179968.0
1065 484421632.0
1066 484392960.0
1067 485023744.0
1068 484450304.0
1069 484417536.0
1070 484384768.0
1071 485109760.0
1072 485089280.0
1073 484478976.0
1074 484192256.0
1075 484843520.0
1076 503812096.0
1077 505167872.0
1078 492056576.0
1079 493285376.0
1080 495513600.0
1081 495878144.0
1082 530595840.0
1083 531267584.0
1084 529989632.0
1085 531349504.0
1086 531308544.0
1087 529866752.0
1088 531357696.0
1089 531177472.0
1090 495108096.0
1091 495198208.0
1092 495149056.0
1093 495140864.0
1094 507961344.0
1095 508043264.0
1096 507994112.0
1097 506634240.0
1098 506806272.0
1099 506626048.0
1100 506658816.0
1101 508010496.0
1102 514080768.0
1103 526884864.0
1104 519667712.0
1105 519766016.0
1106 518463488.0
1107 519692288.0
1108 518389760.0
1109 518340608.0
1110 518299648.0
1111 519790592.0
1112 519749632.0
1113 519593984.0
1114 529932288.0
1115 530022400.0
1116 529973248.0
1117 529924096.0
1118 531136512.0
1119 529825792.0
1120 531308544.0
1121 531120128.0
1122 530612224.0
1123 531152896.0
1124 530108416.0
1125 530190336.0
1126 530092032.0
1127 530182144.0
1128 519860224.0
1129 518696960.0
1130 518656000.0
1131 519884800.0
1132 531517440.0
1133 531476480.0
1134 531550208.0
1135 530108416.0
1136 531197952.0
1137 547725312.0
1138 547803136.0
1139 545251328.0
1140 545341440.0
1141 546553856.0
1142 534233088.0
1143 533643264.0
1144 535511040.0
1145 535461888.0
1146 534282240.0
1147 534716416.0
1148 534798336.0
1149 534290432.0
1150 568668160.0
1151 568950784.0
1152 570179584.0
1153 570277888.0
1154 569008128.0
1155 569032704.0
1156 570261504.0
1157 570351616.0
1158 570310656.0
1159 570130432.0
1160 568827904.0
1161 568786944.0
1162 570146816.0
1163 568836096.0
1164 569114624.0
1165 569286656.0
1166 570499072.0
1167 569057280.0
1168 570540032.0
1169 570621952.0
1170 570433536.0
1171 570384384.0
1172 570417152.0
1173 569245696.0
1174 569114624.0
1175 569073664.0
1176 570384384.0
1177 569212928.0
1178 569032704.0
1179 569131008.0
1180 569098240.0
1181 570589184.0
1182 569147392.0
1183 569245696.0
1184 570376192.0
1185 569131008.0
1186 570490880.0
1187 570449920.0
1188 569139200.0
1189 570351616.0
1190 569171968.0
1191 568991744.0
1192 569212928.0
1193 570425344.0
1194 570826752.0
1195 570085376.0
1196 594460672.0
1197 593866752.0
1198 593948672.0
1199 593973248.0
1200 594427904.0
1201 593797120.0
1202 593887232.0
1203 593985536.0
1204 593993728.0
1205 583581696.0
1206 583671808.0
1207 583630848.0
1208 583589888.0
1209 582287360.0
1210 582377472.0
1211 583467008.0
1212 595177472.0
1213 593895424.0
1214 594042880.0
1215 606556160.0
1216 605376512.0
1217 605519872.0
1218 606732288.0
1219 605954048.0
1220 618516480.0
1221 617795584.0
1222 618418176.0
1223 617639936.0
1224 617107456.0
1225 617099264.0
1226 617050112.0
1227 605454336.0
1228 605413376.0
1229 606642176.0
1230 606732288.0
1231 605429760.0
1232 606650368.0
1233 605478912.0
1234 605298688.0
1235 607035392.0
1236 606855168.0
1237 605544448.0
1238 605634560.0
1239 606846976.0
1240 606339072.0
1241 606879744.0
1242 606961664.0
1243 607043584.0
1244 605732864.0
1245 605954048.0
1246 605814784.0
1247 605765632.0
1248 605847552.0
1249 607199232.0
1250 605888512.0
1251 605978624.0
1252 605798400.0
1253 605896704.0
1254 605855744.0
1255 606142464.0
1256 618938368.0
1257 631222272.0
1258 690896896.0
1259 678719488.0
1260 680214528.0
1261 680706048.0
1262 680005632.0
1263 680697856.0
1264 680919040.0
1265 681009152.0
1266 704516096.0
1267 705208320.0
1268 705241088.0
1269 705142784.0
1270 704368640.0
1271 705937408.0
1272 704577536.0
1273 705744896.0
1274 704974848.0
1275 705044480.0
1276 705413120.0
1277 705454080.0
1278 706002944.0
1279 705835008.0
1280 706199552.0
1281 705437696.0
1282 689553408.0
1283 689246208.0
1284 688930816.0
1285 690016256.0
1286 682651648.0
1287 682336256.0
1288 682553344.0
1289 682643456.0
1290 682676224.0
1291 682627072.0
1292 682577920.0
1293 682532864.0
1294 682561536.0
1295 682528768.0
1296 682655744.0
1297 682815488.0
1298 682987520.0
1299 682889216.0
1300 681902080.0
1301 683393024.0
1302 682491904.0
1303 682987520.0
1304 683536384.0
1305 683081728.0
1306 683560960.0
1307 683393024.0
1308 683077632.0
1309 683577344.0
1310 682721280.0
1311 683479040.0
1312 683700224.0
1313 683651072.0
1314 683655168.0
1315 706912256.0
1316 707784704.0
1317 707469312.0
1318 707178496.0
1319 706490368.0
1320 706973696.0
1321 706277376.0
1322 707178496.0
1323 707596288.0
1324 706568192.0
1325 706846720.0
1326 707112960.0
1327 706940928.0
1328 706908160.0
1329 706732032.0
1330 707686400.0
1331 706924544.0
1332 707477504.0
1333 706846720.0
1334 706535424.0
1335 707612672.0
1336 707088384.0
1337 706908160.0
1338 706990080.0
1339 706940928.0
1340 706891776.0
1341 706842624.0
1342 706793472.0
1343 706424832.0
1344 706908160.0
1345 706269184.0
1346 706392064.0
1347 706162688.0
1348 706195456.0
1349 706691072.0
1350 706785280.0
1351 706744320.0
1352 706576384.0
1353 706666496.0
1354 706891776.0
1355 706981888.0
1356 707342336.0
1357 707276800.0
1358 706969600.0
1359 707194880.0
1360 707014656.0
1361 707096576.0
1362 707047424.0
1363 707002368.0
1364 706498560.0
1365 707129344.0
1366 707756032.0
1367 707321856.0
1368 706940928.0
1369 708018176.0
1370 707047424.0
1371 707809280.0
1372 707444736.0
1373 707530752.0
1374 707670016.0
1375 707768320.0
1376 707248128.0
1377 707747840.0
1378 707706880.0
1379 707932160.0
1380 708030464.0
1381 707584000.0
1382 707940352.0
1383 707899392.0
1384 707989504.0
1385 707940352.0
1386 707489792.0
1387 707768320.0
1388 707989504.0
1389 707801088.0
1390 708603904.0
1391 707964928.0
1392 707915776.0
1393 708136960.0
1394 708362240.0
1395 708128768.0
1396 708587520.0
1397 708612096.0
1398 707981312.0
1399 707809280.0
1400 707907584.0
1401 707739648.0
1402 707837952.0
1403 707792896.0
1404 707883008.0
1405 707850240.0
1406 707973120.0
1407 707731456.0
1408 707956736.0
1409 708177920.0
1410 707997696.0
1411 707948544.0
1412 708030464.0
1413 707842048.0
1414 708644864.0
1415 707874816.0
1416 708087808.0
1417 708096000.0
1418 707997696.0
1419 707948544.0
1420 707772416.0
1421 707715072.0
1422 707940352.0
1423 708038656.0
1424 707600384.0
1425 708096000.0
1426 707657728.0
1427 708681728.0
1428 708640768.0
1429 708202496.0
1430 708558848.0
1431 708517888.0
1432 708337664.0
1433 708427776.0
1434 708415488.0
1435 708497408.0
1436 708579328.0
1437 707796992.0
1438 708689920.0
1439 708509696.0
1440 708407296.0
1441 708485120.0
1442 707796992.0
1443 707563520.0
1444 708460544.0
1445 709271552.0
1446 709099520.0
1447 708845568.0
1448 708538368.0
1449 708636672.0
1450 708730880.0
1451 709091328.0
1452 708513792.0
1453 708870144.0
1454 709558272.0
1455 708927488.0
1456 709025792.0
1457 708698112.0
1458 708919296.0
1459 708870144.0
1460 708820992.0
1461 709033984.0
1462 708587520.0
1463 708804608.0
1464 708755456.0
1465 708968448.0
1466 708288512.0
1467 709492736.0
1468 708861952.0
1469 708820992.0
1470 709640192.0
1471 708612096.0
1472 708706304.0
1473 709525504.0
1474 708763648.0
1475 709177344.0
1476 708546560.0
1477 709484544.0
1478 708853760.0
1479 708952064.0
1480 708911104.0
1481 708603904.0
1482 708829184.0
1483 708780032.0
1484 708141056.0
1485 708902912.0
1486 707866624.0
1487 708796416.0
1488 708812800.0
1489 708894720.0
1490 707858432.0
1491 708489216.0
1492 709566464.0
1493 708804608.0
1494 710557696.0
1495 709206016.0
1496 709709824.0
1497 710111232.0
1498 710475776.0
1499 710574080.0
1500 710270976.0
1501 710234112.0
1502 710193152.0
1503 710426624.0
1504 710516736.0
1505 710340608.0
1506 710029312.0
1507 710549504.0
1508 710590464.0
1509 711122944.0
1510 710483968.0
1511 711163904.0
1512 710127616.0
1513 710746112.0
1514 709976064.0
1515 710340608.0
1516 711286784.0
1517 710418432.0
1518 710582272.0
1519 710414336.0
1520 710639616.0
1521 710737920.0
1522 710434816.0
1523 710987776.0
1524 710225920.0
1525 711180288.0
1526 710549504.0
1527 710410240.0
1528 710590464.0
1529 710414336.0
1530 710508544.0
1531 711319552.0
1532 710639616.0
1533 711311360.0
1534 710402048.0
1535 710492160.0
1536 710713344.0
1537 711155712.0
1538 710557696.0
1539 709787648.0
1540 709926912.0
1541 709844992.0
1542 711065600.0
1543 711028736.0
1544 710397952.0
1545 710361088.0
1546 710320128.0
1547 710316032.0
1548 710242304.0
1549 710201344.0
1550 710565888.0
1551 710656000.0
1552 710483968.0
1553 710574080.0
1554 686841856.0
1555 686841856.0
1556 687300608.0
1557 687058944.0
1558 687489024.0
1559 688791552.0
1560 688881664.0
1561 687521792.0
1562 687611904.0
1563 688783360.0
1564 687472640.0
1565 687570944.0
1566 687263744.0
1567 688902144.0
1568 689303552.0
1569 689131520.0
1570 687828992.0
1571 687788032.0
1572 687620096.0
1573 687845376.0
1574 687935488.0
1575 687763456.0
1576 687853568.0
1577 687968256.0
1578 687890432.0
1579 687841280.0
1580 689192960.0
1581 688021504.0
1582 687980544.0
1583 689332224.0
1584 688422912.0
1585 688967680.0
1586 687792128.0
1587 687890432.0
1588 689250304.0
1589 689078272.0
1590 689049600.0
1591 687747072.0
1592 687841280.0
1593 687939584.0
1594 687767552.0
1595 687996928.0
1596 687955968.0
1597 687775744.0
1598 687882240.0
1599 689233920.0
1600 687792128.0
1601 687890432.0
1602 687980544.0
1603 689201152.0
1604 688562176.0
1605 687841280.0
1606 688603136.0
1607 689274880.0
1608 687964160.0
1609 687915008.0
1610 689217536.0
1611 687775744.0
1612 687697920.0
1613 689057792.0
1614 690761728.0
1615 691093504.0
1616 691093504.0
1617 691093504.0
1618 691109888.0
1619 691109888.0
1620 691109888.0
1621 691109888.0
1622 691109888.0
1623 691109888.0
1624 691109888.0
1625 691109888.0
1626 691109888.0
1627 691109888.0
1628 691138560.0
1629 691138560.0
1630 691138560.0
1631 691138560.0
1632 691138560.0
1633 691138560.0
1634 691138560.0
1635 691138560.0
1636 691138560.0
1637 691138560.0
1638 691146752.0
1639 691146752.0
1640 691146752.0
1641 690597888.0
1642 691068928.0
1643 691044352.0
1644 691019776.0
1645 690995200.0
1646 691101696.0
1647 691077120.0
1648 691130368.0
1649 691081216.0
1650 691187712.0
1651 691154944.0
1652 691122176.0
1653 691089408.0
1654 691195904.0
1655 691032064.0
1656 691138560.0
1657 691245056.0
1658 691236864.0
1659 691224576.0
1660 691060736.0
1661 691027968.0
1662 691273728.0
1663 691249152.0
1664 691085312.0
1665 691191808.0
1666 691027968.0
1667 691265536.0
1668 691257344.0
1669 691232768.0
1670 691068928.0
1671 691044352.0
1672 691290112.0
1673 691265536.0
1674 678162432.0
1675 678162432.0
1676 678162432.0
1677 678162432.0
1678 678162432.0
1679 678162432.0
1680 678162432.0
1681 678162432.0
1682 678162432.0
1683 678162432.0
1684 678162432.0
1685 678162432.0
1686 678162432.0
1687 678162432.0
1688 678162432.0
1689 678146048.0
1690 678146048.0
1691 678146048.0
1692 678146048.0
1693 678146048.0
1694 678146048.0
1695 678146048.0
1696 678146048.0
1697 678146048.0
1698 678146048.0
1699 678146048.0
1700 678146048.0
1701 678146048.0
1702 678146048.0
1703 678146048.0
1704 678146048.0
1705 678146048.0
1706 678146048.0
1707 678146048.0
1708 678146048.0
1709 678146048.0
1710 678146048.0
1711 678146048.0
1712 678146048.0
1713 678146048.0
1714 678146048.0
1715 678146048.0
1716 678146048.0
1717 678146048.0
1718 678146048.0
1719 678146048.0
1720 678146048.0
1721 678146048.0
1722 678146048.0
1723 678146048.0
1724 678146048.0
1725 678146048.0
1726 678146048.0
1727 678146048.0
1728 678146048.0
1729 678146048.0
1730 678146048.0
1731 678146048.0
1732 678146048.0
1733 678146048.0
1734 678146048.0
1735 678146048.0
1736 678146048.0
1737 678146048.0
1738 678146048.0
1739 678146048.0
1740 678146048.0
1741 678146048.0
1742 678146048.0
