0 43417600.0
1 43417600.0
2 43417600.0
3 43417600.0
4 44560384.0
5 44560384.0
6 44560384.0
7 44560384.0
8 44560384.0
9 44560384.0
10 44560384.0
11 44560384.0
12 44560384.0
13 81182720.0
14 97406976.0
15 65167360.0
16 65167360.0
17 65167360.0
18 65167360.0
19 65167360.0
20 65167360.0
21 65167360.0
22 65167360.0
23 65167360.0
24 65167360.0
25 65167360.0
26 65167360.0
27 65167360.0
28 65167360.0
29 65167360.0
30 65167360.0
31 65167360.0
32 65167360.0
33 65167360.0
34 65167360.0
35 65167360.0
36 65167360.0
37 65167360.0
38 65167360.0
39 65167360.0
40 65167360.0
41 65167360.0
42 65167360.0
43 65167360.0
44 65167360.0
45 65167360.0
46 65167360.0
47 65167360.0
48 65167360.0
49 65167360.0
50 65167360.0
51 65167360.0
52 65167360.0
53 65167360.0
54 65167360.0
55 65167360.0
56 65167360.0
57 65167360.0
58 65167360.0
59 65167360.0
60 65167360.0
61 65167360.0
62 65167360.0
63 65167360.0
64 65167360.0
65 65167360.0
66 65167360.0
67 65167360.0
68 65167360.0
69 65167360.0
70 65167360.0
71 66199552.0
72 66199552.0
73 96305152.0
74 96305152.0
75 96305152.0
76 96305152.0
77 96305152.0
78 96305152.0
79 96305152.0
80 96305152.0
81 97009664.0
82 97009664.0
83 97009664.0
84 97009664.0
85 97009664.0
86 97009664.0
87 97009664.0
88 97009664.0
89 97009664.0
90 97009664.0
91 62255104.0
92 62255104.0
93 62255104.0
94 62255104.0
95 62255104.0
96 62255104.0
97 62255104.0
98 62255104.0
99 62255104.0
100 62255104.0
101 63471616.0
102 63471616.0
103 63471616.0
104 63471616.0
105 63471616.0
106 63471616.0
107 63471616.0
108 63471616.0
109 63471616.0
110 63471616.0
111 63660032.0
112 63660032.0
113 63660032.0
114 63660032.0
115 63660032.0
116 63660032.0
117 63660032.0
118 63660032.0
119 63660032.0
120 63660032.0
121 64536576.0
122 64536576.0
123 64536576.0
124 64536576.0
125 64536576.0
126 64536576.0
127 64536576.0
128 64536576.0
129 64536576.0
130 64536576.0
131 65667072.0
132 65667072.0
133 100151296.0
134 100151296.0
135 100151296.0
136 100151296.0
137 100151296.0
138 100151296.0
139 100151296.0
140 100151296.0
141 100974592.0
142 64688128.0
143 64688128.0
144 64688128.0
145 66125824.0
146 66125824.0
147 66387968.0
148 66387968.0
149 66387968.0
150 66387968.0
151 66387968.0
152 68198400.0
153 68788224.0
154 68788224.0
155 68788224.0
156 68788224.0
157 68788224.0
158 68788224.0
159 68788224.0
160 68788224.0
161 69267456.0
162 70369280.0
163 70369280.0
164 70369280.0
165 68042752.0
166 68042752.0
167 68042752.0
168 68042752.0
169 68042752.0
170 68042752.0
171 68780032.0
172 69607424.0
173 69607424.0
174 69607424.0
175 70258688.0
176 70258688.0
177 70258688.0
178 70258688.0
179 70258688.0
180 70258688.0
181 70733824.0
182 71684096.0
183 71684096.0
184 71684096.0
185 72212480.0
186 72212480.0
187 68444160.0
188 68444160.0
189 68444160.0
190 68444160.0
191 69050368.0
192 70307840.0
193 104779776.0
194 104779776.0
195 105435136.0
196 105435136.0
197 108179456.0
198 108179456.0
199 108179456.0
200 108179456.0
201 108658688.0
202 109215744.0
203 109215744.0
204 109215744.0
205 109858816.0
206 109858816.0
207 110116864.0
208 110116864.0
209 110116864.0
210 110116864.0
211 74002432.0
212 75177984.0
213 75177984.0
214 75177984.0
215 75837440.0
216 75837440.0
217 75837440.0
218 75837440.0
219 75837440.0
220 75837440.0
221 76316672.0
222 77180928.0
223 77180928.0
224 77180928.0
225 77836288.0
226 77836288.0
227 75067392.0
228 75067392.0
229 75067392.0
230 75067392.0
231 75677696.0
232 77324288.0
233 77324288.0
234 77324288.0
235 77910016.0
236 77910016.0
237 78168064.0
238 78168064.0
239 78168064.0
240 78168064.0
241 78659584.0
242 75714560.0
243 75714560.0
244 75714560.0
245 77201408.0
246 77201408.0
247 77201408.0
248 77201408.0
249 77201408.0
250 77201408.0
251 77680640.0
252 78798848.0
253 109617152.0
254 109617152.0
255 73871360.0
256 73871360.0
257 74485760.0
258 74485760.0
259 74485760.0
260 74485760.0
261 75264000.0
262 76922880.0
263 76922880.0
264 76922880.0
265 76922880.0
266 77987840.0
267 77987840.0
268 77987840.0
269 77987840.0
270 77987840.0
271 77987840.0
272 77725696.0
273 77725696.0
274 77725696.0
275 77725696.0
276 78786560.0
277 80953344.0
278 80953344.0
279 80953344.0
280 80953344.0
281 81661952.0
282 79986688.0
283 79986688.0
284 79986688.0
285 79986688.0
286 81723392.0
287 81723392.0
288 81723392.0
289 81723392.0
290 81723392.0
291 81723392.0
292 83705856.0
293 84643840.0
294 84643840.0
295 85372928.0
296 86437888.0
297 86437888.0
298 81842176.0
299 81842176.0
300 81842176.0
301 81842176.0
302 83238912.0
303 84930560.0
304 84930560.0
305 84930560.0
306 86253568.0
307 86786048.0
308 86786048.0
309 86786048.0
310 86786048.0
311 86786048.0
312 88330240.0
313 120541184.0
314 120541184.0
315 120541184.0
316 122331136.0
317 122331136.0
318 122331136.0
319 122331136.0
320 122331136.0
321 122331136.0
322 123871232.0
323 126246912.0
324 126246912.0
325 126844928.0
326 90845184.0
327 90845184.0
328 90845184.0
329 90845184.0
330 90845184.0
331 90845184.0
332 92573696.0
333 95031296.0
334 95031296.0
335 95031296.0
336 92659712.0
337 93323264.0
338 95502336.0
339 95502336.0
340 95502336.0
341 95502336.0
342 97824768.0
343 99188736.0
344 99188736.0
345 99188736.0
346 101511168.0
347 101511168.0
348 97345536.0
349 97345536.0
350 97345536.0
351 97345536.0
352 99864576.0
353 101605376.0
354 101605376.0
355 101605376.0
356 99909632.0
357 99909632.0
358 99909632.0
359 99909632.0
360 99909632.0
361 99909632.0
362 99909632.0
363 104525824.0
364 104525824.0
365 104525824.0
366 101904384.0
367 101904384.0
368 104525824.0
369 104525824.0
370 104525824.0
371 104525824.0
372 106156032.0
373 143925248.0
374 143925248.0
375 143925248.0
376 144457728.0
377 146063360.0
378 108412928.0
379 108412928.0
380 108412928.0
381 108412928.0
382 109584384.0
383 113299456.0
384 113836032.0
385 113836032.0
386 114368512.0
387 112140288.0
388 112140288.0
389 112140288.0
390 112140288.0
391 112140288.0
392 112533504.0
393 116224000.0
394 117157888.0
395 117157888.0
396 117157888.0
397 114860032.0
398 115560448.0
399 115560448.0
400 115560448.0
401 115560448.0
402 115560448.0
403 119996416.0
404 120524800.0
405 120524800.0
406 120524800.0
407 119140352.0
408 119914496.0
409 119914496.0
410 119914496.0
411 119914496.0
412 119914496.0
413 122834944.0
414 119148544.0
415 119148544.0
416 121937920.0
417 121937920.0
418 125267968.0
419 125517824.0
420 125517824.0
421 125517824.0
422 125517824.0
423 125517824.0
424 124366848.0
425 124366848.0
426 124366848.0
427 124366848.0
428 127381504.0
429 127381504.0
430 127381504.0
431 127381504.0
432 127381504.0
433 164491264.0
434 129290240.0
435 130019328.0
436 130019328.0
437 131866624.0
438 132517888.0
439 129269760.0
440 129269760.0
441 129269760.0
442 129269760.0
443 132390912.0
444 135569408.0
445 135569408.0
446 135569408.0
447 135569408.0
448 138280960.0
449 133771264.0
450 133771264.0
451 133771264.0
452 133771264.0
453 133771264.0
454 138907648.0
455 138907648.0
456 138907648.0
457 138907648.0
458 141529088.0
459 137064448.0
460 137064448.0
461 137064448.0
462 137064448.0
463 138743808.0
464 142430208.0
465 139317248.0
466 139317248.0
467 139317248.0
468 142872576.0
469 143405056.0
470 143405056.0
471 143405056.0
472 143405056.0
473 143405056.0
474 145244160.0
475 145244160.0
476 145244160.0
477 146038784.0
478 149233664.0
479 147603456.0
480 147603456.0
481 147603456.0
482 147603456.0
483 151146496.0
484 153051136.0
485 153051136.0
486 153051136.0
487 152129536.0
488 152932352.0
489 152932352.0
490 152932352.0
491 152932352.0
492 152932352.0
493 187404288.0
494 154378240.0
495 155414528.0
496 155414528.0
497 155414528.0
498 159133696.0
499 159391744.0
500 159391744.0
501 159391744.0
502 159391744.0
503 159391744.0
504 159866880.0
505 161247232.0
506 161247232.0
507 162095104.0
508 162095104.0
509 165257216.0
510 160231424.0
511 160231424.0
512 160231424.0
513 162197504.0
514 163794944.0
515 164831232.0
516 164831232.0
517 163540992.0
518 164204544.0
519 164204544.0
520 164204544.0
521 164204544.0
522 164204544.0
523 164204544.0
524 166797312.0
525 169840640.0
526 169840640.0
527 169840640.0
528 167731200.0
529 169168896.0
530 171827200.0
531 171827200.0
532 171827200.0
533 171827200.0
534 171933696.0
535 173854720.0
536 173854720.0
537 173854720.0
538 173252608.0
539 173674496.0
540 173674496.0
541 173674496.0
542 173674496.0
543 173674496.0
544 176803840.0
545 178368512.0
546 178692096.0
547 175177728.0
548 177692672.0
549 178221056.0
550 178221056.0
551 178221056.0
552 178221056.0
553 208367616.0
554 211116032.0
555 212897792.0
556 212897792.0
557 175239168.0
558 176951296.0
559 178262016.0
560 178262016.0
561 178262016.0
562 178262016.0
563 178262016.0
564 180899840.0
565 179531776.0
566 180195328.0
567 180195328.0
568 182824960.0
569 182824960.0
570 182824960.0
571 182824960.0
572 182824960.0
573 182824960.0
574 180826112.0
575 183627776.0
576 183627776.0
577 184266752.0
578 185315328.0
579 186900480.0
580 189100032.0
581 189100032.0
582 189100032.0
583 189100032.0
584 189624320.0
585 188317696.0
586 188579840.0
587 188850176.0
588 188850176.0
589 191729664.0
590 191729664.0
591 191729664.0
592 191729664.0
593 191729664.0
594 193277952.0
595 190959616.0
596 191795200.0
597 191795200.0
598 191795200.0
599 195104768.0
600 195104768.0
601 195104768.0
602 195104768.0
603 195104768.0
604 195104768.0
605 194129920.0
606 194129920.0
607 194129920.0
608 194129920.0
609 197455872.0
610 197455872.0
611 197455872.0
612 197455872.0
613 231927808.0
614 231927808.0
615 198864896.0
616 199503872.0
617 199503872.0
618 199503872.0
619 201605120.0
620 202137600.0
621 202137600.0
622 202137600.0
623 202137600.0
624 202137600.0
625 201580544.0
626 202801152.0
627 202801152.0
628 202801152.0
629 205758464.0
630 205758464.0
631 205758464.0
632 205758464.0
633 205758464.0
634 205758464.0
635 203497472.0
636 205320192.0
637 205320192.0
638 205320192.0
639 207970304.0
640 207970304.0
641 210288640.0
642 210288640.0
643 210288640.0
644 210288640.0
645 208621568.0
646 210464768.0
647 210464768.0
648 210464768.0
649 211513344.0
650 213078016.0
651 213078016.0
652 213078016.0
653 213078016.0
654 213078016.0
655 214650880.0
656 212180992.0
657 212180992.0
658 212180992.0
659 214429696.0
660 214429696.0
661 214933504.0
662 214933504.0
663 214933504.0
664 214933504.0
665 216547328.0
666 213491712.0
667 213491712.0
668 213491712.0
669 215650304.0
670 216162304.0
671 216162304.0
672 216162304.0
673 250634240.0
674 250634240.0
675 252207104.0
676 253554688.0
677 253554688.0
678 253554688.0
679 254418944.0
680 217542656.0
681 217542656.0
682 217542656.0
683 217542656.0
684 217542656.0
685 219570176.0
686 221339648.0
687 221339648.0
688 221339648.0
689 222126080.0
690 222924800.0
691 223436800.0
692 223436800.0
693 223436800.0
694 223436800.0
695 220569600.0
696 222543872.0
697 222543872.0
698 222543872.0
699 223371264.0
700 224169984.0
701 226873344.0
702 226873344.0
703 226873344.0
704 226873344.0
705 228175872.0
706 225378304.0
707 225378304.0
708 225378304.0
709 226361344.0
710 227733504.0
711 228003840.0
712 228003840.0
713 228003840.0
714 228003840.0
715 229089280.0
716 226684928.0
717 226684928.0
718 226684928.0
719 228511744.0
720 229552128.0
721 229552128.0
722 229552128.0
723 229552128.0
724 229552128.0
725 230596608.0
726 231165952.0
727 231677952.0
728 231677952.0
729 231677952.0
730 232742912.0
731 228892672.0
732 228892672.0
733 263364608.0
734 263364608.0
735 264794112.0
736 265895936.0
737 266543104.0
738 266543104.0
739 266543104.0
740 267608064.0
741 267608064.0
742 267608064.0
743 267608064.0
744 267608064.0
745 267870208.0
746 269770752.0
747 270286848.0
748 270286848.0
749 270286848.0
750 233619456.0
751 233619456.0
752 233619456.0
753 233619456.0
754 233619456.0
755 233619456.0
756 236752896.0
757 236998656.0
758 236998656.0
759 236998656.0
760 238063616.0
761 238063616.0
762 238063616.0
763 238063616.0
764 238063616.0
765 238063616.0
766 239734784.0
767 236318720.0
768 236318720.0
769 236318720.0
770 237576192.0
771 237576192.0
772 237576192.0
773 237576192.0
774 239714304.0
775 239714304.0
776 240345088.0
777 242466816.0
778 242466816.0
779 242712576.0
780 242712576.0
781 242712576.0
782 242712576.0
783 242712576.0
784 242712576.0
785 242712576.0
786 242712576.0
787 240283648.0
788 240283648.0
789 240283648.0
790 240283648.0
791 240283648.0
792 240283648.0
793 270430208.0
794 270430208.0
795 270430208.0
796 270430208.0
797 271982592.0
798 271982592.0
799 272576512.0
800 272576512.0
801 273608704.0
802 274141184.0
803 274141184.0
804 274141184.0
805 274141184.0
806 238338048.0
807 238800896.0
808 238800896.0
809 238800896.0
810 240209920.0
811 240480256.0
812 240480256.0
813 240480256.0
814 240480256.0
815 240480256.0
816 241758208.0
817 242020352.0
818 242020352.0
819 242020352.0
820 243302400.0
821 243302400.0
822 239972352.0
823 239972352.0
824 239972352.0
825 239972352.0
826 241434624.0
827 241836032.0
828 241836032.0
829 241836032.0
830 243298304.0
831 243298304.0
832 243298304.0
833 243298304.0
834 243298304.0
835 243298304.0
836 243298304.0
837 241197056.0
838 241197056.0
839 241197056.0
840 242135040.0
841 242135040.0
842 242135040.0
843 242135040.0
844 242135040.0
845 242135040.0
846 242135040.0
847 242135040.0
848 242135040.0
849 242135040.0
850 242135040.0
851 242135040.0
852 242135040.0
853 276606976.0
854 276606976.0
855 276606976.0
856 276606976.0
857 276606976.0
858 276606976.0
859 276606976.0
860 276606976.0
861 276606976.0
862 276606976.0
863 276606976.0
864 276606976.0
865 276606976.0
866 276606976.0
867 276606976.0
868 276606976.0
869 276606976.0
870 276606976.0
871 276606976.0
872 276606976.0
873 276606976.0
874 276606976.0
875 276606976.0
876 276606976.0
877 276606976.0
878 276606976.0
879 276606976.0
880 276606976.0
881 276606976.0
882 276606976.0
883 276606976.0
884 276606976.0
885 276606976.0
886 276606976.0
887 276606976.0
888 276606976.0
889 276606976.0
890 276606976.0
891 276606976.0
892 276606976.0
893 276606976.0
894 276606976.0
895 276606976.0
896 276606976.0
897 276606976.0
898 276606976.0
899 276606976.0
900 276606976.0
901 276606976.0
902 276606976.0
903 276606976.0
904 276606976.0
905 276606976.0
906 277200896.0
907 277200896.0
908 277200896.0
909 277200896.0
910 277200896.0
911 277200896.0
912 277200896.0
913 277200896.0
914 277200896.0
915 277200896.0
916 277200896.0
917 241262592.0
918 241262592.0
919 241262592.0
920 241262592.0
921 241262592.0
922 243658752.0
923 243658752.0
924 243658752.0
925 243658752.0
926 243658752.0
927 244727808.0
928 244727808.0
929 244727808.0
930 244727808.0
931 244727808.0
932 244727808.0
933 244727808.0
934 244727808.0
935 244727808.0
936 244727808.0
937 245465088.0
938 245465088.0
939 245465088.0
940 245465088.0
941 245465088.0
942 245465088.0
943 245465088.0
944 245465088.0
945 245465088.0
946 245465088.0
947 245886976.0
948 246157312.0
949 246157312.0
950 246157312.0
951 246157312.0
952 244310016.0
953 244310016.0
954 244310016.0
955 244310016.0
956 244310016.0
957 245469184.0
958 245469184.0
959 245469184.0
960 245469184.0
961 245469184.0
962 245469184.0
963 245469184.0
964 245469184.0
965 245469184.0
966 245469184.0
967 246738944.0
968 247246848.0
969 247246848.0
970 247246848.0
971 247955456.0
972 248156160.0
973 282628096.0
974 282628096.0
975 282628096.0
976 282628096.0
977 282628096.0
978 283803648.0
979 283803648.0
980 283803648.0
981 283803648.0
982 283803648.0
983 247001088.0
984 247001088.0
985 247001088.0
986 247001088.0
987 247791616.0
988 249303040.0
989 249303040.0
990 249303040.0
991 249851904.0
992 249851904.0
993 249851904.0
994 249851904.0
995 249851904.0
996 249851904.0
997 250384384.0
998 251092992.0
999 251092992.0
1000 251092992.0
1001 251813888.0
1002 251813888.0
1003 248684544.0
1004 248684544.0
1005 248684544.0
1006 248684544.0
1007 249331712.0
1008 251002880.0
1009 251002880.0
1010 251002880.0
1011 251588608.0
1012 251588608.0
1013 251588608.0
1014 251588608.0
1015 251588608.0
1016 251588608.0
1017 252100608.0
1018 252641280.0
1019 252641280.0
1020 252641280.0
1021 253349888.0
1022 253349888.0
1023 249544704.0
1024 249544704.0
1025 249544704.0
1026 249544704.0
1027 250187776.0
1028 251576320.0
1029 251576320.0
1030 251576320.0
1031 252137472.0
1032 252137472.0
1033 288616448.0
1034 288616448.0
1035 288616448.0
1036 288616448.0
1037 289148928.0
1038 290295808.0
1039 290295808.0
1040 254406656.0
1041 255049728.0
1042 255049728.0
1043 255049728.0
1044 255049728.0
1045 255049728.0
1046 255049728.0
1047 255885312.0
1048 257712128.0
1049 257712128.0
1050 257712128.0
1051 258363392.0
1052 258875392.0
1053 255881216.0
1054 255881216.0
1055 255881216.0
1056 255881216.0
1057 257376256.0
1058 258748416.0
1059 258748416.0
1060 258748416.0
1061 259837952.0
1062 259837952.0
1063 259837952.0
1064 259837952.0
1065 259837952.0
1066 259837952.0
1067 260878336.0
1068 258416640.0
1069 258416640.0
1070 258416640.0
1071 260096000.0
1072 260096000.0
1073 260096000.0
1074 262885376.0
1075 262885376.0
1076 262885376.0
1077 263929856.0
1078 265338880.0
1079 265338880.0
1080 265338880.0
1081 265986048.0
1082 266465280.0
1083 262205440.0
1084 262205440.0
1085 262205440.0
1086 262205440.0
1087 263430144.0
1088 264921088.0
1089 264921088.0
1090 265183232.0
1091 265703424.0
1092 266493952.0
1093 296878080.0
1094 296878080.0
1095 296878080.0
1096 296878080.0
1097 297402368.0
1098 263467008.0
1099 263467008.0
1100 263467008.0
1101 263467008.0
1102 265031680.0
1103 265031680.0
1104 265031680.0
1105 265031680.0
1106 265031680.0
1107 265031680.0
1108 267583488.0
1109 267583488.0
1110 267583488.0
1111 267583488.0
1112 264265728.0
1113 264265728.0
1114 264265728.0
1115 264265728.0
1116 264265728.0
1117 264265728.0
1118 267137024.0
1119 267644928.0
1120 267644928.0
1121 267644928.0
1122 269426688.0
1123 269426688.0
1124 269426688.0
1125 269426688.0
1126 269426688.0
1127 269426688.0
1128 266801152.0
1129 269082624.0
1130 269082624.0
1131 269082624.0
1132 270651392.0
1133 270651392.0
1134 273195008.0
1135 273195008.0
1136 273195008.0
1137 273195008.0
1138 274792448.0
1139 271581184.0
1140 271581184.0
1141 271581184.0
1142 273412096.0
1143 273412096.0
1144 273944576.0
1145 273944576.0
1146 273944576.0
1147 273944576.0
1148 275517440.0
1149 273743872.0
1150 273743872.0
1151 274636800.0
1152 276090880.0
1153 310562816.0
1154 310562816.0
1155 310562816.0
1156 310562816.0
1157 310562816.0
1158 312115200.0
1159 276910080.0
1160 276910080.0
1161 276910080.0
1162 279257088.0
1163 279519232.0
1164 279789568.0
1165 279789568.0
1166 279789568.0
1167 279789568.0
1168 281493504.0
1169 281088000.0
1170 281088000.0
1171 281088000.0
1172 283381760.0
1173 283381760.0
1174 283381760.0
1175 283381760.0
1176 283381760.0
1177 283381760.0
1178 285487104.0
1179 284061696.0
1180 284061696.0
1181 284061696.0
1182 286691328.0
1183 286691328.0
1184 287199232.0
1185 287199232.0
1186 287199232.0
1187 287199232.0
1188 288792576.0
1189 287293440.0
1190 287813632.0
1191 287813632.0
1192 288346112.0
1193 292855808.0
1194 293367808.0
1195 293367808.0
1196 293367808.0
1197 293367808.0
1198 290951168.0
1199 292990976.0
1200 292990976.0
1201 292990976.0
1202 294035456.0
1203 295620608.0
1204 295620608.0
1205 295620608.0
1206 295620608.0
1207 295620608.0
1208 296402944.0
1209 295706624.0
1210 295706624.0
1211 295706624.0
1212 295706624.0
1213 332918784.0
1214 335060992.0
1215 335060992.0
1216 335060992.0
1217 335060992.0
1218 336093184.0
1219 300773376.0
1220 301019136.0
1221 301019136.0
1222 301019136.0
1223 304140288.0
1224 304140288.0
1225 304140288.0
1226 304140288.0
1227 304140288.0
1228 304140288.0
1229 308195328.0
1230 303386624.0
1231 303386624.0
1232 303386624.0
1233 306737152.0
1234 306737152.0
1235 306737152.0
1236 306737152.0
1237 306737152.0
1238 306737152.0
1239 309342208.0
1240 308502528.0
1241 308502528.0
1242 308502528.0
1243 311132160.0
1244 311132160.0
1245 311664640.0
1246 311664640.0
1247 311664640.0
1248 311664640.0
1249 309239808.0
1250 311992320.0
1251 311992320.0
1252 312909824.0
1253 315547648.0
1254 315547648.0
1255 315547648.0
1256 317796352.0
1257 317796352.0
1258 317796352.0
1259 314744832.0
1260 318099456.0
1261 318099456.0
1262 318099456.0
1263 320770048.0
1264 321302528.0
1265 316928000.0
1266 316928000.0
1267 316928000.0
1268 316928000.0
1269 320978944.0
1270 323588096.0
1271 323588096.0
1272 323588096.0
1273 361291776.0
1274 361291776.0
1275 322576384.0
1276 322576384.0
1277 322576384.0
1278 322576384.0
1279 325996544.0
1280 328552448.0
1281 328552448.0
1282 328552448.0
1283 330067968.0
1284 326496256.0
1285 326496256.0
1286 326496256.0
1287 326496256.0
1288 326496256.0
1289 330588160.0
1290 333127680.0
1291 333127680.0
1292 333127680.0
1293 335626240.0
1294 331444224.0
1295 331444224.0
1296 331444224.0
1297 331444224.0
1298 331444224.0
1299 332070912.0
1300 337674240.0
1301 337674240.0
1302 337674240.0
1303 337674240.0
1304 337002496.0
1305 337002496.0
1306 337002496.0
1307 337002496.0
1308 337002496.0
1309 337948672.0
1310 338972672.0
1311 340324352.0
1312 340324352.0
1313 340324352.0
1314 345686016.0
1315 341315584.0
1316 341315584.0
1317 341315584.0
1318 341315584.0
1319 342003712.0
1320 347332608.0
1321 348082176.0
1322 348082176.0
1323 348082176.0
1324 346972160.0
1325 346972160.0
1326 346972160.0
1327 346972160.0
1328 346972160.0
1329 346972160.0
1330 349237248.0
1331 349745152.0
1332 349745152.0
1333 379891712.0
1334 383352832.0
1335 383885312.0
1336 383885312.0
1337 383885312.0
1338 383885312.0
1339 383885312.0
1340 350474240.0
1341 352362496.0
1342 352362496.0
1343 352362496.0
1344 355786752.0
1345 356319232.0
1346 350760960.0
1347 350760960.0
1348 350760960.0
1349 350760960.0
1350 354951168.0
1351 356786176.0
1352 356786176.0
1353 356786176.0
1354 355110912.0
1355 356036608.0
1356 356036608.0
1357 356036608.0
1358 356036608.0
1359 356036608.0
1360 359436288.0
1361 358473728.0
1362 358473728.0
1363 358473728.0
1364 361766912.0
1365 362299392.0
1366 362299392.0
1367 362299392.0
1368 362299392.0
1369 362299392.0
1370 365436928.0
1371 363163648.0
1372 363163648.0
1373 363163648.0
1374 365899776.0
1375 366415872.0
1376 366415872.0
1377 366415872.0
1378 366415872.0
1379 366956544.0
1380 368267264.0
1381 368267264.0
1382 366407680.0
1383 366407680.0
1384 369340416.0
1385 369340416.0
1386 371683328.0
1387 371683328.0
1388 371683328.0
1389 371683328.0
1390 373080064.0
1391 371404800.0
1392 371675136.0
1393 406147072.0
1394 406147072.0
1395 409169920.0
1396 409681920.0
1397 409681920.0
1398 409681920.0
1399 409681920.0
1400 409681920.0
1401 412995584.0
1402 375996416.0
1403 375996416.0
1404 375996416.0
1405 379269120.0
1406 379269120.0
1407 379269120.0
1408 379269120.0
1409 379269120.0
1410 379269120.0
1411 382300160.0
1412 384548864.0
1413 384548864.0
1414 384548864.0
1415 380964864.0
1416 380964864.0
1417 381366272.0
1418 381366272.0
1419 381366272.0
1420 381366272.0
1421 384135168.0
1422 386281472.0
1423 386281472.0
1424 386281472.0
1425 383320064.0
1426 383320064.0
1427 383320064.0
1428 383320064.0
1429 383320064.0
1430 383320064.0
1431 386449408.0
1432 389074944.0
1433 389074944.0
1434 389074944.0
1435 386572288.0
1436 387485696.0
1437 387485696.0
1438 387485696.0
1439 387932160.0
1440 389251072.0
1441 391331840.0
1442 392396800.0
1443 392396800.0
1444 388784128.0
1445 391438336.0
1446 391438336.0
1447 393572352.0
1448 393572352.0
1449 393572352.0
1450 394067968.0
1451 396312576.0
1452 398495744.0
1453 395124736.0
1454 395124736.0
1455 397840384.0
1456 397840384.0
1457 398360576.0
1458 398360576.0
1459 398360576.0
1460 398848000.0
1461 400977920.0
1462 402501632.0
1463 402501632.0
1464 402993152.0
1465 399306752.0
1466 399306752.0
1467 399306752.0
1468 399306752.0
1469 399306752.0
1470 400060416.0
1471 402497536.0
1472 404328448.0
1473 404328448.0
1474 404992000.0
1475 402419712.0
1476 402419712.0
1477 402419712.0
1478 402419712.0
1479 402419712.0
1480 403042304.0
1481 405610496.0
1482 407359488.0
1483 407359488.0
1484 407863296.0
1485 405258240.0
1486 405258240.0
1487 405258240.0
1488 405258240.0
1489 405258240.0
1490 405880832.0
1491 408449024.0
1492 410349568.0
1493 410349568.0
1494 410882048.0
1495 407969792.0
1496 408240128.0
1497 408240128.0
1498 408240128.0
1499 409083904.0
1500 409083904.0
1501 411521024.0
1502 412585984.0
1503 412585984.0
1504 412585984.0
1505 410447872.0
1506 410447872.0
1507 412409856.0
1508 412409856.0
1509 412409856.0
1510 412409856.0
1511 415068160.0
1512 416395264.0
1513 450867200.0
1514 450867200.0
1515 453103616.0
1516 453103616.0
1517 453103616.0
1518 453103616.0
1519 453103616.0
1520 453103616.0
1521 416808960.0
1522 418635776.0
1523 418635776.0
1524 418635776.0
1525 421036032.0
1526 421036032.0
1527 421036032.0
1528 421036032.0
1529 421036032.0
1530 421036032.0
1531 423215104.0
1532 424312832.0
1533 424312832.0
1534 424312832.0
1535 422133760.0
1536 422133760.0
1537 422133760.0
1538 422133760.0
1539 422133760.0
1540 422133760.0
1541 424226816.0
1542 425480192.0
1543 425480192.0
1544 425480192.0
1545 426426368.0
1546 427761664.0
1547 427761664.0
1548 427761664.0
1549 427761664.0
1550 427761664.0
1551 428388352.0
1552 426598400.0
1553 426598400.0
1554 426598400.0
1555 426598400.0
1556 427692032.0
1557 427692032.0
1558 427692032.0
1559 427962368.0
1560 427962368.0
1561 427962368.0
1562 429666304.0
1563 430469120.0
1564 430469120.0
1565 430469120.0
1566 426446848.0
1567 426446848.0
1568 426446848.0
1569 426446848.0
1570 426446848.0
1571 426446848.0
1572 429121536.0
1573 464404480.0
1574 464404480.0
1575 464404480.0
1576 465862656.0
1577 466382848.0
1578 466382848.0
1579 466382848.0
1580 466382848.0
1581 466382848.0
1582 468008960.0
1583 468279296.0
1584 468279296.0
1585 468279296.0
1586 431104000.0
1587 431886336.0
1588 431886336.0
1589 431886336.0
1590 431886336.0
1591 431886336.0
1592 433963008.0
1593 434233344.0
1594 434233344.0
1595 434233344.0
1596 435798016.0
1597 436330496.0
1598 436330496.0
1599 436330496.0
1600 436330496.0
1601 436330496.0
1602 434171904.0
1603 435441664.0
1604 435441664.0
1605 435441664.0
1606 436531200.0
1607 437063680.0
1608 439144448.0
1609 439144448.0
1610 439144448.0
1611 439144448.0
1612 440717312.0
1613 437530624.0
1614 437530624.0
1615 437530624.0
1616 438648832.0
1617 438648832.0
1618 438648832.0
1619 438898688.0
1620 438898688.0
1621 438898688.0
1622 438898688.0
1623 439775232.0
1624 439775232.0
1625 439775232.0
1626 440516608.0
1627 440516608.0
1628 440516608.0
1629 440516608.0
1630 440516608.0
1631 440516608.0
1632 440516608.0
1633 470982656.0
1634 470982656.0
1635 470982656.0
1636 470982656.0
1637 470982656.0
1638 435027968.0
1639 435027968.0
1640 435027968.0
1641 436744192.0
1642 437276672.0
1643 437276672.0
1644 437276672.0
1645 438398976.0
1646 438931456.0
1647 438931456.0
1648 438931456.0
1649 438931456.0
1650 438931456.0
1651 438931456.0
1652 437071872.0
1653 438714368.0
1654 438714368.0
1655 438714368.0
1656 439832576.0
1657 439832576.0
1658 439832576.0
1659 439832576.0
1660 439832576.0
1661 439832576.0
1662 441036800.0
1663 438026240.0
1664 438026240.0
1665 438874112.0
1666 439799808.0
1667 439799808.0
1668 439799808.0
1669 439799808.0
1670 439799808.0
1671 439799808.0
1672 440803328.0
1673 441909248.0
1674 441909248.0
1675 441909248.0
1676 441909248.0
1677 441909248.0
1678 441909248.0
1679 439181312.0
1680 439181312.0
1681 439181312.0
1682 439181312.0
1683 439181312.0
1684 439181312.0
1685 439181312.0
1686 439181312.0
1687 439181312.0
1688 439181312.0
1689 439181312.0
1690 439181312.0
1691 439181312.0
1692 439181312.0
1693 473653248.0
1694 473653248.0
1695 473653248.0
1696 473653248.0
1697 473653248.0
1698 473653248.0
1699 473653248.0
1700 473653248.0
1701 473653248.0
1702 473653248.0
1703 473653248.0
1704 473653248.0
1705 473653248.0
1706 473653248.0
1707 473653248.0
1708 473653248.0
1709 473653248.0
1710 473653248.0
1711 473653248.0
1712 473653248.0
1713 473653248.0
1714 473653248.0
1715 473653248.0
1716 473653248.0
1717 473653248.0
1718 473653248.0
1719 473653248.0
1720 473653248.0
1721 473653248.0
1722 473653248.0
1723 473653248.0
1724 473653248.0
1725 473653248.0
1726 473653248.0
1727 473653248.0
1728 473653248.0
1729 473653248.0
1730 473653248.0
1731 473653248.0
1732 473653248.0
1733 473653248.0
1734 473653248.0
1735 473653248.0
1736 473653248.0
1737 473653248.0
1738 473653248.0
1739 473653248.0
1740 473653248.0
1741 473653248.0
1742 473653248.0
