0 802816.0
1 802816.0
2 802816.0
3 802816.0
4 802816.0
5 1589248.0
6 1589248.0
7 1589248.0
8 1589248.0
9 1589248.0
10 1589248.0
11 1589248.0
12 1589248.0
13 1589248.0
14 1589248.0
15 1589248.0
16 1589248.0
17 1589248.0
18 1589248.0
19 1589248.0
20 1589248.0
21 1589248.0
22 1589248.0
23 1589248.0
24 1589248.0
25 1589248.0
26 1589248.0
27 1589248.0
28 1589248.0
29 1589248.0
30 1589248.0
31 1589248.0
32 1589248.0
33 1589248.0
34 1589248.0
35 1589248.0
36 1589248.0
37 1589248.0
38 1589248.0
39 1589248.0
40 1589248.0
41 1589248.0
42 1589248.0
43 1589248.0
44 1589248.0
45 1589248.0
46 1589248.0
47 1589248.0
48 1589248.0
49 1589248.0
50 1589248.0
51 1589248.0
52 1589248.0
53 1589248.0
54 1589248.0
55 1589248.0
56 1589248.0
57 1589248.0
58 1589248.0
59 1589248.0
60 1589248.0
61 1589248.0
62 1589248.0
63 1589248.0
64 1589248.0
65 1589248.0
66 1589248.0
67 1589248.0
68 1589248.0
69 1589248.0
70 1589248.0
71 1589248.0
72 1589248.0
73 1589248.0
74 1589248.0
75 1589248.0
76 1589248.0
77 1589248.0
78 1589248.0
79 1589248.0
80 1589248.0
81 1589248.0
82 1589248.0
83 1589248.0
84 1589248.0
85 1589248.0
86 1589248.0
87 1589248.0
88 1589248.0
89 1589248.0
90 1589248.0
91 1589248.0
92 1589248.0
93 1589248.0
94 1589248.0
95 1589248.0
96 1589248.0
97 1589248.0
98 1589248.0
99 1589248.0
100 1589248.0
101 1589248.0
102 1589248.0
103 1589248.0
104 1589248.0
105 1589248.0
106 1589248.0
107 1589248.0
108 1589248.0
109 1589248.0
110 1589248.0
111 1589248.0
112 1589248.0
113 1589248.0
114 1589248.0
115 1589248.0
116 1589248.0
117 1589248.0
118 1589248.0
119 1589248.0
120 1589248.0
121 1589248.0
122 1589248.0
123 1589248.0
124 1589248.0
125 1589248.0
126 1589248.0
127 1589248.0
128 1589248.0
129 1589248.0
130 1589248.0
131 1589248.0
132 1589248.0
133 1589248.0
134 1589248.0
135 1589248.0
136 1589248.0
137 1589248.0
138 1589248.0
139 1589248.0
140 1589248.0
141 1589248.0
142 1589248.0
143 1589248.0
144 1589248.0
145 1589248.0
146 1589248.0
147 1589248.0
148 1589248.0
149 1589248.0
150 1589248.0
151 1589248.0
152 1589248.0
153 1589248.0
154 1589248.0
155 1589248.0
156 1589248.0
157 1589248.0
158 1589248.0
159 1589248.0
160 1589248.0
161 1589248.0
162 1589248.0
163 1589248.0
164 1589248.0
165 1589248.0
166 1589248.0
167 1589248.0
168 1589248.0
169 1589248.0
170 1589248.0
171 1589248.0
172 1589248.0
173 1589248.0
174 1589248.0
175 1589248.0
176 1589248.0
177 1589248.0
178 1589248.0
179 1589248.0
180 1589248.0
181 1589248.0
182 1589248.0
183 1589248.0
184 1589248.0
185 1589248.0
186 1589248.0
187 1589248.0
188 1589248.0
189 1589248.0
190 1589248.0
191 1589248.0
192 1589248.0
193 1589248.0
194 1589248.0
195 1589248.0
196 1589248.0
197 1589248.0
198 1589248.0
199 1589248.0
200 1589248.0
201 1589248.0
202 1589248.0
203 1589248.0
204 1589248.0
205 1589248.0
206 1589248.0
207 1589248.0
208 1589248.0
209 1589248.0
210 1589248.0
211 1589248.0
212 1589248.0
213 1589248.0
214 1589248.0
215 1589248.0
216 1589248.0
217 1589248.0
218 1589248.0
219 1589248.0
220 1589248.0
221 1589248.0
222 1589248.0
223 1589248.0
224 1589248.0
225 1589248.0
226 1589248.0
227 1589248.0
228 1589248.0
229 1589248.0
230 1589248.0
231 1589248.0
232 1589248.0
233 1589248.0
234 1589248.0
235 1589248.0
236 1589248.0
237 1589248.0
238 1589248.0
239 1589248.0
240 1589248.0
241 1589248.0
242 1589248.0
243 1589248.0
244 1589248.0
245 1589248.0
246 1589248.0
247 1589248.0
248 1589248.0
249 1589248.0
250 1589248.0
251 1589248.0
252 1589248.0
253 1589248.0
254 1589248.0
255 1589248.0
256 1589248.0
257 1589248.0
258 1589248.0
259 1589248.0
260 1589248.0
261 1589248.0
262 1589248.0
263 1589248.0
264 1589248.0
265 1589248.0
266 1589248.0
267 1589248.0
268 1589248.0
269 1589248.0
270 1589248.0
271 1589248.0
272 1589248.0
273 1589248.0
274 1589248.0
275 1589248.0
276 1589248.0
277 1589248.0
278 1589248.0
279 1589248.0
280 1589248.0
281 1589248.0
282 1589248.0
283 1589248.0
284 1589248.0
285 1589248.0
286 1589248.0
287 1589248.0
288 1589248.0
289 1589248.0
290 1589248.0
291 1589248.0
292 1589248.0
293 1589248.0
294 1589248.0
295 1589248.0
296 1589248.0
297 1589248.0
298 1589248.0
299 1589248.0
300 1589248.0
301 1589248.0
302 1589248.0
303 1589248.0
304 1589248.0
305 1589248.0
306 1589248.0
307 1589248.0
308 1589248.0
309 1589248.0
310 1589248.0
311 1589248.0
312 1589248.0
313 1589248.0
314 1589248.0
315 1589248.0
316 1589248.0
317 1589248.0
318 1589248.0
319 1589248.0
320 1589248.0
321 1589248.0
322 1589248.0
323 1589248.0
324 1589248.0
325 1589248.0
326 1589248.0
327 1589248.0
328 1589248.0
329 1589248.0
330 1589248.0
331 1589248.0
332 1589248.0
333 1589248.0
334 1589248.0
335 1589248.0
336 1589248.0
337 1589248.0
338 1589248.0
339 1589248.0
340 1589248.0
341 1589248.0
342 1589248.0
343 1589248.0
344 1589248.0
345 1589248.0
346 1589248.0
347 1589248.0
348 1589248.0
349 1589248.0
350 1589248.0
351 1589248.0
352 1589248.0
353 1589248.0
354 1589248.0
355 1589248.0
356 1589248.0
357 1589248.0
358 1589248.0
359 1589248.0
360 1589248.0
361 1589248.0
362 1589248.0
363 1589248.0
364 1589248.0
365 1589248.0
366 1589248.0
367 1589248.0
368 1589248.0
369 1589248.0
370 1589248.0
371 1589248.0
372 1589248.0
373 1589248.0
374 1589248.0
375 1589248.0
376 1589248.0
377 1589248.0
378 1589248.0
379 1589248.0
380 1589248.0
381 1589248.0
382 1589248.0
383 1589248.0
384 1589248.0
385 1589248.0
386 1589248.0
387 1589248.0
388 1589248.0
389 1589248.0
390 1589248.0
391 1589248.0
392 1589248.0
393 1589248.0
394 1589248.0
395 1589248.0
396 1589248.0
397 1589248.0
398 1589248.0
399 1589248.0
400 1589248.0
401 1589248.0
402 1589248.0
403 1589248.0
404 1589248.0
405 1589248.0
406 1589248.0
407 1589248.0
408 1589248.0
409 1589248.0
410 1589248.0
411 1589248.0
412 1589248.0
413 1589248.0
414 1589248.0
415 1589248.0
416 1589248.0
417 1589248.0
418 1589248.0
419 1589248.0
420 1589248.0
421 1589248.0
422 1589248.0
423 1589248.0
424 1589248.0
425 1589248.0
426 1589248.0
427 1589248.0
428 1589248.0
429 1589248.0
430 1589248.0
431 1589248.0
432 1589248.0
433 1589248.0
434 1589248.0
435 1589248.0
436 1589248.0
437 1589248.0
438 1589248.0
439 1589248.0
440 1589248.0
441 1589248.0
442 1589248.0
443 1589248.0
444 1589248.0
445 1589248.0
446 1589248.0
447 1589248.0
448 1589248.0
449 1589248.0
450 1589248.0
451 1589248.0
452 1589248.0
453 1589248.0
454 1589248.0
455 1589248.0
456 1589248.0
457 1589248.0
458 1589248.0
459 1589248.0
460 1589248.0
461 1589248.0
462 1589248.0
463 1589248.0
464 1589248.0
465 1589248.0
466 1589248.0
467 1589248.0
468 1589248.0
469 1589248.0
470 1589248.0
471 1589248.0
472 1589248.0
473 1589248.0
474 1589248.0
475 1589248.0
476 1589248.0
477 1589248.0
478 1589248.0
479 1589248.0
480 1589248.0
481 1589248.0
482 1589248.0
483 1589248.0
484 1589248.0
485 1589248.0
486 1589248.0
487 1589248.0
488 1589248.0
489 1589248.0
490 1589248.0
491 1589248.0
492 1589248.0
493 1589248.0
494 1589248.0
495 1589248.0
496 1589248.0
497 1589248.0
498 1589248.0
499 1589248.0
500 1589248.0
501 1589248.0
502 1589248.0
503 1589248.0
504 1589248.0
505 1589248.0
506 1589248.0
507 1589248.0
508 1589248.0
509 1589248.0
510 1589248.0
511 1589248.0
512 1589248.0
513 1589248.0
514 1589248.0
515 1589248.0
516 1589248.0
517 1589248.0
518 1589248.0
519 1589248.0
520 1589248.0
521 1589248.0
522 1589248.0
523 1589248.0
524 1589248.0
525 1589248.0
526 1589248.0
527 1589248.0
528 1589248.0
529 1589248.0
530 1589248.0
531 1589248.0
532 1589248.0
533 1589248.0
534 1589248.0
535 1589248.0
536 1589248.0
537 1589248.0
538 1589248.0
539 1589248.0
540 1589248.0
541 1589248.0
542 1589248.0
543 1589248.0
544 1589248.0
545 1589248.0
546 1589248.0
547 1589248.0
548 1589248.0
549 1589248.0
550 1589248.0
551 1589248.0
552 1589248.0
553 1589248.0
554 1589248.0
555 1589248.0
556 1589248.0
557 1589248.0
558 1589248.0
559 1589248.0
560 1589248.0
561 1589248.0
562 1589248.0
563 1589248.0
564 1589248.0
565 1589248.0
566 1589248.0
567 1589248.0
568 1589248.0
569 1589248.0
570 1589248.0
571 1589248.0
572 1589248.0
573 1589248.0
574 1589248.0
575 1589248.0
576 1589248.0
577 1589248.0
578 1589248.0
579 1589248.0
580 1589248.0
581 1589248.0
582 1589248.0
583 1589248.0
584 1589248.0
585 1589248.0
586 1589248.0
587 1589248.0
588 1589248.0
589 1589248.0
590 1589248.0
591 1589248.0
592 1589248.0
593 1589248.0
594 1589248.0
595 1589248.0
596 1589248.0
597 1589248.0
598 1589248.0
599 1589248.0
600 1589248.0
601 1589248.0
602 1589248.0
603 1589248.0
604 1589248.0
605 1589248.0
606 1589248.0
607 1589248.0
608 1589248.0
609 1589248.0
610 1589248.0
611 1589248.0
612 1589248.0
613 1589248.0
614 1589248.0
615 1589248.0
616 1589248.0
617 1589248.0
618 1589248.0
619 1589248.0
620 1589248.0
621 1589248.0
622 1589248.0
623 1589248.0
624 1589248.0
625 1589248.0
626 1589248.0
627 1589248.0
628 1589248.0
629 1589248.0
630 1589248.0
631 1589248.0
632 1589248.0
633 1589248.0
634 1589248.0
635 1589248.0
636 1589248.0
637 1589248.0
638 1589248.0
639 1589248.0
640 1589248.0
641 1589248.0
642 1589248.0
643 1589248.0
644 1589248.0
645 1589248.0
646 1589248.0
647 1589248.0
648 1589248.0
649 1589248.0
650 1589248.0
651 1589248.0
652 1589248.0
653 1589248.0
654 1589248.0
655 1589248.0
656 1589248.0
657 1589248.0
658 1589248.0
659 1589248.0
660 1589248.0
661 1589248.0
662 1589248.0
663 1589248.0
664 1589248.0
665 1589248.0
666 1589248.0
667 1589248.0
668 1589248.0
669 1589248.0
670 1589248.0
671 1589248.0
672 1589248.0
673 1589248.0
674 1589248.0
675 1589248.0
676 1589248.0
677 1589248.0
678 1589248.0
679 1589248.0
680 1589248.0
681 1589248.0
682 1589248.0
683 1589248.0
684 1589248.0
685 1589248.0
686 1589248.0
687 1589248.0
688 1589248.0
689 1589248.0
690 1589248.0
691 1589248.0
692 1589248.0
693 1589248.0
694 1589248.0
695 1589248.0
696 1589248.0
697 1589248.0
698 1589248.0
699 1589248.0
700 1589248.0
701 1589248.0
702 1589248.0
703 1589248.0
704 1589248.0
705 1589248.0
706 1589248.0
707 1589248.0
708 1589248.0
709 1589248.0
710 1589248.0
711 1589248.0
712 1589248.0
713 1589248.0
714 1589248.0
715 1589248.0
716 1589248.0
717 1589248.0
718 1589248.0
719 1589248.0
720 1589248.0
721 1589248.0
722 1589248.0
723 1589248.0
724 1589248.0
725 1589248.0
726 1589248.0
727 1589248.0
728 1589248.0
729 1589248.0
730 1589248.0
731 1589248.0
732 1589248.0
733 1589248.0
734 1589248.0
735 1589248.0
736 1589248.0
737 1589248.0
738 1589248.0
739 1589248.0
740 1589248.0
741 1589248.0
742 1589248.0
743 1589248.0
744 1589248.0
745 1589248.0
746 1589248.0
747 1589248.0
748 1589248.0
749 1589248.0
750 1589248.0
751 1589248.0
752 1589248.0
753 1589248.0
754 1589248.0
755 1589248.0
756 1589248.0
757 1589248.0
758 1589248.0
759 1589248.0
760 1589248.0
761 1589248.0
762 1589248.0
763 1589248.0
764 1589248.0
765 1589248.0
766 1589248.0
767 1589248.0
768 1589248.0
769 1589248.0
770 1589248.0
771 1589248.0
772 1589248.0
773 1589248.0
774 1589248.0
775 1589248.0
776 1589248.0
777 1589248.0
778 1589248.0
779 1589248.0
780 1589248.0
781 1589248.0
782 1589248.0
783 1589248.0
784 1589248.0
785 1589248.0
786 1589248.0
787 1589248.0
788 1589248.0
789 1589248.0
790 1589248.0
791 1589248.0
792 1589248.0
793 1589248.0
794 1589248.0
795 1589248.0
796 1589248.0
797 1589248.0
798 1589248.0
799 1589248.0
800 1589248.0
801 1589248.0
802 1589248.0
803 1589248.0
804 1589248.0
805 1589248.0
806 1589248.0
807 1589248.0
808 1589248.0
809 1589248.0
810 1589248.0
811 1589248.0
812 1589248.0
813 1589248.0
814 1589248.0
815 1589248.0
816 1589248.0
817 1589248.0
818 1589248.0
819 1589248.0
820 1589248.0
821 1589248.0
822 1589248.0
823 1589248.0
824 1589248.0
825 1589248.0
826 1589248.0
827 1589248.0
828 1589248.0
829 1589248.0
830 1589248.0
831 1589248.0
832 1589248.0
833 1589248.0
834 1589248.0
835 1589248.0
836 1589248.0
837 1589248.0
838 1589248.0
839 1589248.0
840 1589248.0
841 1589248.0
842 1589248.0
843 1589248.0
844 1589248.0
845 1589248.0
846 1589248.0
847 1589248.0
848 1589248.0
849 1589248.0
850 1589248.0
851 1589248.0
852 1589248.0
853 1589248.0
854 1589248.0
855 1589248.0
856 1589248.0
857 1589248.0
858 1589248.0
859 1589248.0
860 1589248.0
861 1589248.0
862 1589248.0
863 1589248.0
864 1589248.0
865 1589248.0
866 1589248.0
867 1589248.0
868 1589248.0
869 1589248.0
870 1589248.0
871 1589248.0
872 1589248.0
873 1589248.0
874 1589248.0
875 1589248.0
876 1589248.0
877 1589248.0
878 1589248.0
879 1589248.0
880 1589248.0
881 1589248.0
882 1589248.0
883 1589248.0
884 1589248.0
885 1589248.0
886 1589248.0
887 1589248.0
888 1589248.0
889 1589248.0
890 1589248.0
891 1589248.0
892 1589248.0
893 1589248.0
894 1589248.0
895 1589248.0
896 1589248.0
897 1589248.0
898 1589248.0
899 1589248.0
900 1589248.0
901 1589248.0
902 1589248.0
903 1589248.0
904 1589248.0
905 1589248.0
906 1589248.0
907 1589248.0
908 1589248.0
909 1589248.0
910 1589248.0
911 1589248.0
912 1589248.0
913 1589248.0
914 1589248.0
915 1589248.0
916 1589248.0
917 1589248.0
918 1589248.0
919 1589248.0
920 1589248.0
921 1589248.0
922 1589248.0
923 1589248.0
924 1589248.0
925 1589248.0
926 1589248.0
927 1589248.0
928 1589248.0
929 1589248.0
930 1589248.0
931 1589248.0
932 1589248.0
933 1589248.0
934 1589248.0
935 1589248.0
936 1589248.0
937 1589248.0
938 1589248.0
939 1589248.0
940 1589248.0
941 1589248.0
942 1589248.0
943 1589248.0
944 1589248.0
945 1589248.0
946 1589248.0
947 1589248.0
948 1589248.0
949 1589248.0
950 1589248.0
951 1589248.0
952 1589248.0
953 1589248.0
954 1589248.0
955 1589248.0
956 1589248.0
957 1589248.0
958 1589248.0
959 1589248.0
960 1589248.0
961 1589248.0
962 1589248.0
963 1589248.0
964 1589248.0
965 1589248.0
966 1589248.0
967 1589248.0
968 1589248.0
969 1589248.0
970 1589248.0
971 1589248.0
972 1589248.0
973 1589248.0
974 1589248.0
975 1589248.0
976 1589248.0
977 1589248.0
978 1589248.0
979 1589248.0
980 1589248.0
981 1589248.0
982 1589248.0
983 1589248.0
984 1589248.0
985 1589248.0
986 1589248.0
987 1589248.0
988 1589248.0
989 1589248.0
990 1589248.0
991 1589248.0
992 1589248.0
993 1589248.0
994 1589248.0
995 1589248.0
996 1589248.0
997 1589248.0
998 1589248.0
999 1589248.0
1000 1589248.0
1001 1589248.0
1002 1589248.0
1003 1589248.0
1004 1589248.0
1005 1589248.0
1006 1589248.0
1007 1589248.0
1008 1589248.0
1009 1589248.0
1010 1589248.0
1011 1589248.0
1012 1589248.0
1013 1589248.0
1014 1589248.0
1015 1589248.0
1016 1589248.0
1017 1589248.0
1018 1589248.0
1019 1589248.0
1020 1589248.0
1021 1589248.0
1022 1589248.0
1023 1589248.0
1024 1589248.0
1025 1589248.0
1026 1589248.0
1027 1589248.0
1028 1589248.0
1029 1589248.0
1030 1589248.0
1031 1589248.0
1032 1589248.0
1033 1589248.0
1034 1589248.0
1035 1589248.0
1036 1589248.0
1037 1589248.0
1038 1589248.0
1039 1589248.0
1040 1589248.0
1041 1589248.0
1042 1589248.0
1043 1589248.0
1044 1589248.0
1045 1589248.0
1046 1589248.0
1047 1589248.0
1048 1589248.0
1049 1589248.0
1050 1589248.0
1051 1589248.0
1052 1589248.0
1053 1589248.0
1054 1589248.0
1055 1589248.0
1056 1589248.0
1057 1589248.0
1058 1589248.0
1059 1589248.0
1060 1589248.0
1061 1589248.0
1062 1589248.0
1063 1589248.0
1064 1589248.0
1065 1589248.0
1066 1589248.0
1067 1589248.0
1068 1589248.0
1069 1589248.0
1070 1589248.0
1071 1589248.0
1072 1589248.0
1073 1589248.0
1074 1589248.0
1075 1589248.0
1076 1589248.0
1077 1589248.0
1078 1589248.0
1079 1589248.0
1080 1589248.0
1081 1589248.0
1082 1589248.0
1083 1589248.0
1084 1589248.0
1085 1589248.0
1086 1589248.0
1087 1589248.0
1088 1589248.0
1089 1589248.0
1090 1589248.0
1091 1589248.0
1092 1589248.0
1093 1589248.0
1094 1589248.0
1095 1589248.0
1096 1589248.0
1097 1589248.0
1098 1589248.0
1099 1589248.0
1100 1589248.0
1101 1589248.0
1102 1589248.0
1103 1589248.0
1104 1589248.0
1105 1589248.0
1106 1589248.0
1107 1589248.0
1108 1589248.0
1109 1589248.0
1110 1589248.0
1111 1589248.0
1112 1589248.0
1113 1589248.0
1114 1589248.0
1115 1589248.0
1116 1589248.0
1117 1589248.0
1118 1589248.0
1119 1589248.0
1120 1589248.0
1121 1589248.0
1122 1589248.0
1123 1589248.0
1124 1589248.0
1125 1589248.0
1126 1589248.0
1127 1589248.0
1128 1589248.0
1129 1589248.0
1130 1589248.0
1131 1589248.0
1132 1589248.0
1133 1589248.0
1134 1589248.0
1135 1589248.0
1136 1589248.0
1137 1589248.0
1138 1589248.0
1139 1589248.0
1140 1589248.0
1141 1589248.0
1142 1589248.0
1143 1589248.0
1144 1589248.0
1145 1589248.0
1146 1589248.0
1147 1589248.0
1148 1589248.0
1149 1589248.0
1150 1589248.0
1151 1589248.0
1152 1589248.0
1153 1589248.0
1154 1589248.0
1155 1589248.0
1156 1589248.0
1157 1589248.0
1158 1589248.0
1159 1589248.0
1160 1589248.0
1161 1589248.0
1162 1589248.0
1163 1589248.0
1164 1589248.0
1165 1589248.0
1166 1589248.0
1167 1589248.0
1168 1589248.0
1169 1589248.0
1170 1589248.0
1171 1589248.0
1172 1589248.0
1173 1589248.0
1174 1589248.0
1175 1589248.0
1176 1589248.0
1177 1589248.0
1178 1589248.0
1179 1589248.0
1180 1589248.0
1181 1589248.0
1182 1589248.0
1183 1589248.0
1184 1589248.0
1185 1589248.0
1186 1589248.0
1187 1589248.0
1188 1589248.0
1189 1589248.0
1190 1589248.0
1191 1589248.0
1192 1589248.0
1193 1589248.0
1194 1589248.0
1195 1589248.0
1196 1589248.0
1197 1589248.0
1198 1589248.0
1199 1589248.0
1200 1589248.0
1201 1589248.0
1202 1589248.0
1203 1589248.0
1204 1589248.0
1205 1589248.0
1206 1589248.0
1207 1589248.0
1208 1589248.0
1209 1589248.0
1210 1589248.0
1211 1589248.0
1212 1589248.0
1213 1589248.0
1214 1589248.0
1215 1589248.0
1216 1589248.0
1217 1589248.0
1218 1589248.0
1219 1589248.0
1220 1589248.0
1221 1589248.0
1222 1589248.0
1223 1589248.0
1224 1589248.0
1225 1589248.0
1226 1589248.0
1227 1589248.0
1228 1589248.0
1229 1589248.0
1230 1589248.0
1231 1589248.0
1232 1589248.0
1233 1589248.0
1234 1589248.0
1235 1589248.0
1236 1589248.0
1237 1589248.0
1238 1589248.0
1239 1589248.0
1240 1589248.0
1241 1589248.0
1242 1589248.0
1243 1589248.0
1244 1589248.0
1245 1589248.0
1246 1589248.0
1247 1589248.0
1248 1589248.0
1249 1589248.0
1250 1589248.0
1251 1589248.0
1252 1589248.0
1253 1589248.0
1254 1589248.0
1255 1589248.0
1256 1589248.0
1257 1589248.0
1258 1589248.0
1259 1589248.0
1260 1589248.0
1261 1589248.0
1262 1589248.0
1263 1589248.0
1264 1589248.0
1265 1589248.0
1266 1589248.0
1267 1589248.0
1268 1589248.0
1269 1589248.0
1270 1589248.0
1271 1589248.0
1272 1589248.0
1273 1589248.0
1274 1589248.0
1275 1589248.0
1276 1589248.0
1277 1589248.0
1278 1589248.0
1279 1589248.0
1280 1589248.0
1281 1589248.0
1282 1589248.0
1283 1589248.0
1284 1589248.0
1285 1589248.0
1286 1589248.0
1287 1589248.0
1288 1589248.0
1289 1589248.0
1290 1589248.0
1291 1589248.0
1292 1589248.0
1293 1589248.0
1294 1589248.0
1295 1589248.0
1296 1589248.0
1297 1589248.0
1298 1589248.0
1299 1589248.0
1300 1589248.0
1301 1589248.0
1302 1589248.0
1303 1589248.0
1304 1589248.0
1305 1589248.0
1306 1589248.0
1307 1589248.0
1308 1589248.0
1309 1589248.0
1310 1589248.0
1311 1589248.0
1312 1589248.0
1313 1589248.0
1314 1589248.0
1315 1589248.0
1316 1589248.0
1317 1589248.0
1318 1589248.0
1319 1589248.0
1320 1589248.0
1321 1589248.0
1322 1589248.0
1323 1589248.0
1324 1589248.0
1325 1589248.0
1326 1589248.0
1327 1589248.0
1328 1589248.0
1329 1589248.0
1330 1589248.0
1331 1589248.0
1332 1589248.0
1333 1589248.0
1334 1589248.0
1335 1589248.0
1336 1589248.0
1337 1589248.0
1338 1589248.0
1339 1589248.0
1340 1589248.0
1341 1589248.0
1342 1589248.0
1343 1589248.0
1344 1589248.0
1345 1589248.0
1346 1589248.0
1347 1589248.0
1348 1589248.0
1349 1589248.0
1350 1589248.0
1351 1589248.0
1352 1589248.0
1353 1589248.0
1354 1589248.0
1355 1589248.0
1356 1589248.0
1357 1589248.0
1358 1589248.0
1359 1589248.0
1360 1589248.0
1361 1589248.0
1362 1589248.0
1363 1589248.0
1364 1589248.0
1365 1589248.0
1366 1589248.0
1367 1589248.0
1368 1589248.0
1369 1589248.0
1370 1589248.0
1371 1589248.0
1372 1589248.0
1373 1589248.0
1374 1589248.0
1375 1589248.0
1376 1589248.0
1377 1589248.0
1378 1589248.0
1379 1589248.0
1380 1589248.0
1381 1589248.0
1382 1589248.0
1383 1589248.0
1384 1589248.0
1385 1589248.0
1386 1589248.0
1387 1589248.0
1388 1589248.0
1389 1589248.0
1390 1589248.0
1391 1589248.0
1392 1589248.0
1393 1589248.0
1394 1589248.0
1395 1589248.0
1396 1589248.0
1397 1589248.0
1398 1589248.0
1399 1589248.0
1400 1589248.0
1401 1589248.0
1402 1589248.0
1403 1589248.0
1404 1589248.0
1405 1589248.0
1406 1589248.0
1407 1589248.0
1408 1589248.0
1409 1589248.0
1410 1589248.0
1411 1589248.0
1412 1589248.0
1413 1589248.0
1414 1589248.0
1415 1589248.0
1416 1589248.0
1417 1589248.0
1418 1589248.0
1419 1589248.0
1420 1589248.0
1421 1589248.0
1422 1589248.0
1423 1589248.0
1424 1589248.0
1425 1589248.0
1426 1589248.0
1427 1589248.0
1428 1589248.0
1429 1589248.0
1430 1589248.0
1431 1589248.0
1432 1589248.0
1433 1589248.0
1434 1589248.0
1435 1589248.0
1436 1589248.0
1437 1589248.0
1438 1589248.0
1439 1589248.0
1440 1589248.0
1441 1589248.0
1442 1589248.0
1443 1589248.0
1444 1589248.0
1445 1589248.0
1446 1589248.0
1447 1589248.0
1448 1589248.0
1449 1589248.0
1450 1589248.0
1451 1589248.0
1452 1589248.0
1453 1589248.0
1454 1589248.0
1455 1589248.0
1456 1589248.0
1457 1589248.0
1458 1589248.0
1459 1589248.0
1460 1589248.0
1461 1589248.0
1462 1589248.0
1463 1589248.0
1464 1589248.0
1465 1589248.0
1466 1589248.0
1467 1589248.0
1468 1589248.0
1469 1589248.0
1470 1589248.0
1471 1589248.0
1472 1589248.0
1473 1589248.0
1474 1589248.0
1475 1589248.0
1476 1589248.0
1477 1589248.0
1478 1589248.0
1479 1589248.0
1480 1589248.0
1481 1589248.0
1482 1589248.0
1483 1589248.0
1484 1589248.0
1485 1589248.0
1486 1589248.0
1487 1589248.0
1488 1589248.0
1489 1589248.0
1490 1589248.0
1491 1589248.0
1492 1589248.0
1493 1589248.0
1494 1589248.0
1495 1589248.0
1496 1589248.0
1497 1589248.0
1498 1589248.0
1499 1589248.0
1500 1589248.0
1501 1589248.0
1502 1589248.0
1503 1589248.0
1504 1589248.0
1505 1589248.0
1506 1589248.0
1507 1589248.0
1508 1589248.0
1509 1589248.0
1510 1589248.0
1511 1589248.0
1512 1589248.0
1513 1589248.0
1514 1589248.0
1515 1589248.0
1516 1589248.0
1517 1589248.0
1518 1589248.0
1519 1589248.0
1520 1589248.0
1521 1589248.0
1522 1589248.0
1523 1589248.0
1524 1589248.0
1525 1589248.0
1526 1589248.0
1527 1589248.0
1528 1589248.0
1529 1589248.0
1530 1589248.0
1531 1589248.0
1532 1589248.0
1533 1589248.0
1534 1589248.0
1535 1589248.0
1536 1589248.0
1537 1589248.0
1538 1589248.0
1539 1589248.0
1540 1589248.0
1541 1589248.0
1542 1589248.0
1543 1589248.0
1544 1589248.0
1545 1589248.0
1546 1589248.0
1547 1589248.0
1548 1589248.0
1549 1589248.0
1550 1589248.0
1551 1589248.0
1552 1589248.0
1553 1589248.0
1554 1589248.0
1555 1589248.0
1556 1589248.0
1557 1589248.0
1558 1589248.0
1559 1589248.0
1560 1589248.0
1561 1589248.0
1562 1589248.0
1563 1589248.0
1564 1589248.0
1565 1589248.0
1566 1589248.0
1567 1589248.0
1568 1589248.0
1569 1589248.0
1570 1589248.0
1571 1589248.0
1572 1589248.0
1573 1589248.0
1574 1589248.0
1575 1589248.0
1576 1589248.0
1577 1589248.0
1578 1589248.0
1579 1589248.0
1580 1589248.0
1581 1589248.0
1582 1589248.0
1583 1589248.0
1584 1589248.0
1585 1589248.0
1586 1589248.0
1587 1589248.0
1588 1589248.0
1589 1589248.0
1590 1589248.0
1591 1589248.0
1592 1589248.0
1593 1589248.0
1594 1589248.0
1595 1589248.0
1596 1589248.0
1597 1589248.0
1598 1589248.0
1599 1589248.0
1600 1589248.0
1601 1589248.0
1602 1589248.0
1603 1589248.0
1604 1589248.0
1605 1589248.0
1606 1589248.0
1607 1589248.0
1608 1589248.0
1609 1589248.0
1610 1589248.0
1611 1589248.0
1612 1589248.0
1613 1589248.0
1614 1589248.0
1615 1589248.0
1616 1589248.0
1617 1589248.0
1618 1589248.0
1619 1589248.0
1620 1589248.0
1621 1589248.0
1622 1589248.0
1623 1589248.0
1624 1589248.0
1625 1589248.0
1626 1589248.0
1627 1589248.0
1628 1589248.0
1629 1589248.0
1630 1589248.0
1631 1589248.0
1632 1589248.0
1633 1589248.0
1634 1589248.0
1635 1589248.0
1636 1589248.0
1637 1589248.0
1638 1589248.0
1639 1589248.0
1640 1589248.0
1641 1589248.0
1642 1589248.0
1643 1589248.0
1644 1589248.0
1645 1589248.0
1646 1589248.0
1647 1589248.0
1648 1589248.0
1649 1589248.0
1650 1589248.0
1651 1589248.0
1652 1589248.0
1653 1589248.0
1654 1589248.0
1655 1589248.0
1656 1589248.0
1657 1589248.0
1658 1589248.0
1659 1589248.0
1660 1589248.0
1661 1589248.0
1662 1589248.0
1663 1589248.0
1664 1589248.0
1665 1589248.0
1666 1589248.0
1667 1589248.0
1668 1589248.0
1669 1589248.0
1670 1589248.0
1671 1589248.0
1672 1589248.0
1673 1589248.0
1674 1589248.0
1675 1589248.0
1676 1589248.0
1677 1589248.0
1678 1589248.0
1679 1589248.0
1680 1589248.0
1681 1589248.0
1682 1589248.0
1683 1589248.0
1684 1589248.0
1685 1589248.0
1686 1589248.0
1687 1589248.0
1688 1589248.0
1689 1589248.0
1690 1589248.0
1691 1589248.0
1692 1589248.0
1693 1589248.0
1694 1589248.0
1695 1589248.0
1696 1589248.0
1697 1589248.0
1698 1589248.0
1699 1589248.0
1700 1589248.0
1701 1589248.0
1702 1589248.0
1703 1589248.0
1704 1589248.0
1705 1589248.0
1706 1589248.0
1707 1589248.0
1708 1589248.0
1709 1589248.0
1710 1589248.0
1711 1589248.0
1712 1589248.0
1713 1589248.0
1714 1589248.0
1715 1589248.0
1716 1589248.0
1717 1589248.0
1718 1589248.0
1719 1589248.0
1720 1589248.0
1721 1589248.0
1722 1589248.0
1723 1589248.0
1724 1589248.0
1725 1589248.0
1726 1589248.0
1727 1589248.0
1728 1589248.0
1729 1589248.0
1730 1589248.0
1731 1589248.0
1732 1589248.0
1733 1589248.0
1734 1589248.0
1735 1589248.0
1736 1589248.0
1737 1589248.0
1738 1589248.0
1739 1589248.0
1740 1589248.0
1741 1589248.0
1742 1589248.0
1743 1589248.0
