0 0.0
1 0.0
2 0.0
3 0.0
4 0.0
5 0.0
6 200.0
7 200.0
8 300.0
9 400.0
10 400.0
11 400.0
12 400.0
13 8776.0
14 3034.0
15 72334.0
16 0.0
17 0.0
18 408.0
19 0.0
20 0.0
21 0.0
22 0.0
23 816.0
24 0.0
25 0.0
26 862.0
27 14788.0
28 408.0
29 0.0
30 0.0
31 0.0
32 0.0
33 816.0
34 0.0
35 0.0
36 0.0
37 0.0
38 408.0
39 0.0
40 0.0
41 0.0
42 0.0
43 816.0
44 0.0
45 0.0
46 0.0
47 0.0
48 408.0
49 0.0
50 0.0
51 0.0
52 0.0
53 816.0
54 7214.0
55 22989.0
56 65632.0
57 38342.0
58 39117.0
59 39809.0
60 39581.0
61 39224.0
62 39039.0
63 41048.0
64 41788.0
65 38868.0
66 55794.0
67 42515.0
68 42239.0
69 42244.0
70 44323.0
71 193834.0
72 44067.0
73 43954.0
74 45377.0
75 44256.0
76 59203.0
77 37793.0
78 40422.0
79 47410.0
80 46808.0
81 212624.0
82 43222.0
83 41312.0
84 38854.0
85 38081.0
86 62372.0
87 48160.0
88 43792.0
89 41227.0
90 38940.0
91 219912.0
92 47344.0
93 47454.0
94 48183.0
95 47558.0
96 61050.0
97 44057.0
98 46872.0
99 44240.0
100 45737.0
101 231264.0
102 46925.0
103 48874.0
104 49804.0
105 51007.0
106 63133.0
107 47798.0
108 46177.0
109 48854.0
110 47195.0
111 241209.0
112 46680.0
113 46317.0
114 56958.0
115 47889.0
116 119150.0
117 76564.0
118 76532.0
119 75455.0
120 72565.0
121 294447.0
122 75261.0
123 70617.0
124 74909.0
125 80179.0
126 90115.0
127 91381.0
128 87421.0
129 87606.0
130 87810.0
131 425513.0
132 84608.0
133 89852.0
134 93129.0
135 94861.0
136 101639.0
137 96365.0
138 90631.0
139 82451.0
140 90060.0
141 521186.0
142 100273.0
143 89285.0
144 92475.0
145 357281.0
146 96155.0
147 119733.0
148 104924.0
149 108383.0
150 108672.0
151 113660.0
152 386087.0
153 374012.0
154 123503.0
155 114020.0
156 122459.0
157 145956.0
158 131902.0
159 131075.0
160 127344.0
161 398797.0
162 559190.0
163 127162.0
164 130881.0
165 389936.0
166 135194.0
167 143401.0
168 128341.0
169 127632.0
170 127823.0
171 393354.0
172 444635.0
173 126937.0
174 131999.0
175 390187.0
176 187691.0
177 139763.0
178 160910.0
179 151001.0
180 143919.0
181 411094.0
182 488199.0
183 149226.0
184 149599.0
185 415408.0
186 151628.0
187 176809.0
188 153558.0
189 152301.0
190 151530.0
191 416176.0
192 515985.0
193 151163.0
194 152176.0
195 416462.0
196 147291.0
197 163621.0
198 157107.0
199 156547.0
200 152637.0
201 412994.0
202 541824.0
203 152186.0
204 154023.0
205 421031.0
206 151498.0
207 179284.0
208 157081.0
209 161173.0
210 155775.0
211 421523.0
212 554950.0
213 153191.0
214 155669.0
215 419887.0
216 160547.0
217 186076.0
218 152105.0
219 150958.0
220 150635.0
221 415918.0
222 586520.0
223 162944.0
224 165846.0
225 428504.0
226 163139.0
227 179396.0
228 168792.0
229 166869.0
230 170273.0
231 433641.0
232 641639.0
233 173883.0
234 174488.0
235 451765.0
236 227852.0
237 214495.0
238 200624.0
239 198531.0
240 203099.0
241 467348.0
242 771086.0
243 209376.0
244 211562.0
245 739941.0
246 213029.0
247 244496.0
248 215131.0
249 214856.0
250 223187.0
251 482034.0
252 689886.0
253 480323.0
254 220906.0
255 497653.0
256 241031.0
257 486380.0
258 242484.0
259 241418.0
260 243377.0
261 762432.0
262 642719.0
263 236590.0
264 239875.0
265 236704.0
266 763482.0
267 271870.0
268 238705.0
269 237876.0
270 231943.0
271 236888.0
272 1338126.0
273 251679.0
274 250049.0
275 254579.0
276 771290.0
277 227676.0
278 249892.0
279 235766.0
280 256591.0
281 789754.0
282 876970.0
283 253472.0
284 245009.0
285 245696.0
286 779630.0
287 245035.0
288 258546.0
289 263688.0
290 265735.0
291 262123.0
292 1270772.0
293 470282.0
294 268415.0
295 544498.0
296 803507.0
297 332132.0
298 328492.0
299 310156.0
300 324823.0
301 318564.0
302 847423.0
303 1165265.0
304 327999.0
305 325194.0
306 863949.0
307 588554.0
308 363591.0
309 330972.0
310 332171.0
311 333872.0
312 1122684.0
313 1033008.0
314 332213.0
315 334955.0
316 1131282.0
317 342550.0
318 333354.0
319 343385.0
320 344244.0
321 348688.0
322 1133909.0
323 1152418.0
324 355597.0
325 612935.0
326 1146770.0
327 350849.0
328 375753.0
329 353828.0
330 372689.0
331 362800.0
332 1160551.0
333 1331705.0
334 377922.0
335 377458.0
336 1166627.0
337 646517.0
338 333587.0
339 377220.0
340 374282.0
341 373854.0
342 1428487.0
343 1039978.0
344 383322.0
345 378180.0
346 1430323.0
347 378812.0
348 426168.0
349 388903.0
350 385234.0
351 370822.0
352 1441205.0
353 1101333.0
354 389810.0
355 387161.0
356 1479747.0
357 374542.0
358 295236.0
359 328071.0
360 343831.0
361 378532.0
362 434380.0
363 2256033.0
364 453591.0
365 421352.0
366 1471724.0
367 413045.0
368 430126.0
369 413807.0
370 414566.0
371 410594.0
372 1200916.0
373 1573828.0
374 415750.0
375 420084.0
376 948008.0
377 936656.0
378 458786.0
379 422076.0
380 412652.0
381 422720.0
382 1218655.0
383 1623930.0
384 434370.0
385 433398.0
386 694946.0
387 1486319.0
388 444782.0
389 444241.0
390 439990.0
391 440727.0
392 708873.0
393 2044057.0
394 711420.0
395 455275.0
396 456814.0
397 1505123.0
398 738597.0
399 463935.0
400 459515.0
401 463565.0
402 458117.0
403 2402996.0
404 614627.0
405 484979.0
406 473021.0
407 1818562.0
408 754050.0
409 441341.0
410 479772.0
411 421960.0
412 367296.0
413 1634141.0
414 1187537.0
415 402618.0
416 462103.0
417 435642.0
418 1792623.0
419 383053.0
420 432166.0
421 364937.0
422 443187.0
423 420232.0
424 2403083.0
425 396798.0
426 469112.0
427 522823.0
428 1706280.0
429 459544.0
430 469378.0
431 563608.0
432 532829.0
433 1819767.0
434 1150467.0
435 771243.0
436 424321.0
437 1509917.0
438 763342.0
439 529522.0
440 507367.0
441 520017.0
442 496222.0
443 1784317.0
444 1570225.0
445 472141.0
446 457840.0
447 517871.0
448 2039450.0
449 375393.0
450 466676.0
451 479970.0
452 472233.0
453 545283.0
454 2633779.0
455 551650.0
456 520014.0
457 530223.0
458 2078188.0
459 828150.0
460 468751.0
461 557339.0
462 571180.0
463 1728879.0
464 1656247.0
465 727735.0
466 512795.0
467 471528.0
468 2195272.0
469 775380.0
470 603013.0
471 620352.0
472 587645.0
473 556679.0
474 3057160.0
475 529412.0
476 518818.0
477 771828.0
478 2094248.0
479 504596.0
480 484474.0
481 501225.0
482 582969.0
483 2211109.0
484 1318282.0
485 561141.0
486 542680.0
487 2032293.0
488 704942.0
489 464709.0
490 463307.0
491 483738.0
492 487358.0
493 497027.0
494 2506092.0
495 861421.0
496 502322.0
497 615092.0
498 2489639.0
499 643548.0
500 508582.0
501 547659.0
502 507264.0
503 422500.0
504 2329769.0
505 1016886.0
506 484635.0
507 750835.0
508 492285.0
509 2073760.0
510 497575.0
511 495092.0
512 519957.0
513 1442687.0
514 1411058.0
515 979548.0
516 526415.0
517 2109017.0
518 748045.0
519 417537.0
520 411016.0
521 466341.0
522 475637.0
523 494996.0
524 2065492.0
525 1341449.0
526 520249.0
527 498306.0
528 1608753.0
529 1171174.0
530 857635.0
531 555871.0
532 556801.0
533 501457.0
534 2024949.0
535 1169282.0
536 483043.0
537 458419.0
538 2029061.0
539 488267.0
540 441278.0
541 446201.0
542 459039.0
543 457473.0
544 1755665.0
545 1229284.0
546 722857.0
547 455971.0
548 1777571.0
549 456827.0
550 404637.0
551 449475.0
552 446807.0
553 459531.0
554 1766974.0
555 1185173.0
556 442600.0
557 717528.0
558 1773532.0
559 441305.0
560 481217.0
561 445422.0
562 466964.0
563 460378.0
564 1779275.0
565 1154550.0
566 720862.0
567 468407.0
568 1775823.0
569 460475.0
570 456257.0
571 459433.0
572 450833.0
573 470473.0
574 1776416.0
575 1230528.0
576 440630.0
577 714107.0
578 1503173.0
579 723646.0
580 401318.0
581 449821.0
582 454675.0
583 463523.0
584 979805.0
585 1979368.0
586 722396.0
587 465670.0
588 464257.0
589 1769172.0
590 497210.0
591 451479.0
592 455332.0
593 455728.0
594 1213218.0
595 1415060.0
596 653397.0
597 405502.0
598 401127.0
599 1655777.0
600 380042.0
601 380827.0
602 396870.0
603 398870.0
604 379262.0
605 2413691.0
606 406770.0
607 405139.0
608 406198.0
609 1714713.0
610 385743.0
611 353998.0
612 378924.0
613 395269.0
614 401417.0
615 2161832.0
616 493704.0
617 400805.0
618 376048.0
619 1453869.0
620 663466.0
621 342909.0
622 380749.0
623 411204.0
624 405958.0
625 1715570.0
626 919178.0
627 403015.0
628 406865.0
629 1716986.0
630 407779.0
631 385390.0
632 381421.0
633 402081.0
634 403653.0
635 1717916.0
636 978785.0
637 402777.0
638 402875.0
639 1709401.0
640 386338.0
641 397258.0
642 388986.0
643 394483.0
644 401935.0
645 1718744.0
646 938318.0
647 402527.0
648 396343.0
649 1432713.0
650 667242.0
651 409739.0
652 377860.0
653 390014.0
654 349560.0
655 1097931.0
656 1095527.0
657 301155.0
658 311175.0
659 1295840.0
660 313593.0
661 580569.0
662 300157.0
663 288989.0
664 321751.0
665 1102798.0
666 953764.0
667 316301.0
668 310308.0
669 1101368.0
670 578115.0
671 297566.0
672 285712.0
673 319337.0
674 313123.0
675 1106234.0
676 967530.0
677 317187.0
678 315278.0
679 1096660.0
680 569192.0
681 314040.0
682 301026.0
683 309405.0
684 298080.0
685 1096974.0
686 959071.0
687 311211.0
688 312045.0
689 1104113.0
690 306323.0
691 578265.0
692 299805.0
693 307780.0
694 314616.0
695 1091567.0
696 962645.0
697 315291.0
698 309352.0
699 1099669.0
700 316280.0
701 562378.0
702 299228.0
703 313548.0
704 311373.0
705 1101579.0
706 956500.0
707 314080.0
708 312853.0
709 577026.0
710 1092639.0
711 321240.0
712 305570.0
713 318502.0
714 197628.0
715 679366.0
716 492931.0
717 84120.0
718 408031.0
719 905208.0
720 482769.0
721 219424.0
722 226781.0
723 214016.0
724 222815.0
725 744382.0
726 512177.0
727 480085.0
728 220540.0
729 220174.0
730 750587.0
731 242296.0
732 220026.0
733 216464.0
734 217885.0
735 744535.0
736 664025.0
737 481313.0
738 224424.0
739 224538.0
740 753001.0
741 227378.0
742 231932.0
743 228055.0
744 227426.0
745 486480.0
746 955420.0
747 487179.0
748 223481.0
749 215454.0
750 745349.0
751 219775.0
752 235929.0
753 223623.0
754 224160.0
755 224449.0
756 1508659.0
757 223520.0
758 219358.0
759 219319.0
760 741908.0
761 226403.0
762 227631.0
763 222453.0
764 230975.0
765 229229.0
766 1246644.0
767 487470.0
768 228800.0
769 221355.0
770 748299.0
771 224701.0
772 223935.0
773 226989.0
774 156654.0
775 80881.0
776 327388.0
777 537163.0
778 46608.0
779 200232.0
780 44546.0
781 49167.0
782 187053.0
783 720.0
784 408.0
785 0.0
786 44925.0
787 476318.0
788 45178.0
789 49493.0
790 46520.0
791 46275.0
792 224654.0
793 44082.0
794 40272.0
795 42369.0
796 39312.0
797 368923.0
798 42047.0
799 301491.0
800 41914.0
801 1355040.0
802 529466.0
803 149841.0
804 153785.0
805 149866.0
806 679663.0
807 267233.0
808 143378.0
809 157505.0
810 678127.0
811 158504.0
812 165621.0
813 155411.0
814 159329.0
815 157561.0
816 683602.0
817 369635.0
818 152369.0
819 157604.0
820 691279.0
821 161925.0
822 165268.0
823 158127.0
824 154870.0
825 151796.0
826 677940.0
827 400450.0
828 156206.0
829 153104.0
830 686105.0
831 161452.0
832 158362.0
833 148751.0
834 155705.0
835 23765.0
836 0.0
837 230181.0
838 408.0
839 0.0
840 334446.0
841 0.0
842 416.0
843 512.0
844 408.0
845 0.0
846 0.0
847 0.0
848 408.0
849 0.0
850 0.0
851 0.0
852 208.0
853 408.0
854 408.0
855 0.0
856 0.0
857 0.0
858 408.0
859 0.0
860 0.0
861 0.0
862 208.0
863 408.0
864 408.0
865 0.0
866 0.0
867 0.0
868 408.0
869 0.0
870 0.0
871 0.0
872 208.0
873 408.0
874 408.0
875 0.0
876 0.0
877 0.0
878 408.0
879 0.0
880 0.0
881 0.0
882 208.0
883 408.0
884 408.0
885 0.0
886 0.0
887 0.0
888 408.0
889 0.0
890 0.0
891 0.0
892 208.0
893 408.0
894 7151.0
895 62501.0
896 29146.0
897 22304.0
898 23232.0
899 22720.0
900 23188.0
901 18952.0
902 79489.0
903 33193.0
904 46906.0
905 46360.0
906 100332.0
907 47076.0
908 46955.0
909 46412.0
910 48865.0
911 47182.0
912 57754.0
913 49694.0
914 46578.0
915 44397.0
916 48697.0
917 201356.0
918 40560.0
919 41400.0
920 48574.0
921 51067.0
922 64894.0
923 48368.0
924 42493.0
925 38011.0
926 39740.0
927 224598.0
928 39782.0
929 42758.0
930 48471.0
931 49054.0
932 63297.0
933 53096.0
934 55139.0
935 52732.0
936 45169.0
937 245316.0
938 52855.0
939 56242.0
940 60950.0
941 60244.0
942 65553.0
943 60299.0
944 60330.0
945 56758.0
946 56395.0
947 314731.0
948 58549.0
949 55563.0
950 65340.0
951 68711.0
952 76170.0
953 77844.0
954 81181.0
955 120393.0
956 66050.0
957 397342.0
958 69619.0
959 72925.0
960 80822.0
961 72873.0
962 76522.0
963 103936.0
964 90149.0
965 92790.0
966 98500.0
967 512905.0
968 108915.0
969 100940.0
970 100647.0
971 366845.0
972 103598.0
973 121810.0
974 102736.0
975 103203.0
976 103396.0
977 109243.0
978 642689.0
979 111166.0
980 110485.0
981 112255.0
982 117103.0
983 139501.0
984 123465.0
985 122015.0
986 118425.0
987 387456.0
988 565933.0
989 130929.0
990 133418.0
991 397692.0
992 138085.0
993 158423.0
994 132599.0
995 136529.0
996 133096.0
997 391742.0
998 490121.0
999 135020.0
1000 134607.0
1001 395100.0
1002 137737.0
1003 145209.0
1004 132982.0
1005 123999.0
1006 125026.0
1007 402870.0
1008 513114.0
1009 145113.0
1010 142129.0
1011 411361.0
1012 132881.0
1013 152153.0
1014 145361.0
1015 177443.0
1016 159604.0
1017 401013.0
1018 543404.0
1019 145294.0
1020 141015.0
1021 405600.0
1022 141752.0
1023 164416.0
1024 164725.0
1025 165151.0
1026 168303.0
1027 432235.0
1028 594438.0
1029 168192.0
1030 175553.0
1031 439582.0
1032 179699.0
1033 196410.0
1034 184071.0
1035 187015.0
1036 181824.0
1037 451436.0
1038 750425.0
1039 184011.0
1040 451367.0
1041 454842.0
1042 199237.0
1043 225808.0
1044 200464.0
1045 197280.0
1046 203735.0
1047 464689.0
1048 937986.0
1049 208239.0
1050 215956.0
1051 493828.0
1052 507123.0
1053 242937.0
1054 219289.0
1055 221464.0
1056 217886.0
1057 746557.0
1058 691914.0
1059 218596.0
1060 221759.0
1061 750049.0
1062 216888.0
1063 234207.0
1064 223973.0
1065 226002.0
1066 227372.0
1067 740816.0
1068 750576.0
1069 230567.0
1070 226717.0
1071 751076.0
1072 221691.0
1073 238711.0
1074 244326.0
1075 280937.0
1076 227870.0
1077 760368.0
1078 817976.0
1079 232274.0
1080 232151.0
1081 762114.0
1082 234864.0
1083 535868.0
1084 266607.0
1085 263771.0
1086 265647.0
1087 794383.0
1088 670081.0
1089 273840.0
1090 539962.0
1091 536801.0
1092 539137.0
1093 290881.0
1094 283165.0
1095 283233.0
1096 281628.0
1097 803433.0
1098 1123626.0
1099 290258.0
1100 294147.0
1101 294067.0
1102 1096800.0
1103 294614.0
1104 301564.0
1105 298067.0
1106 295181.0
1107 297088.0
1108 1612047.0
1109 297350.0
1110 297305.0
1111 293098.0
1112 1089169.0
1113 294464.0
1114 287661.0
1115 294636.0
1116 299046.0
1117 293733.0
1118 1411546.0
1119 570034.0
1120 301764.0
1121 298287.0
1122 1086400.0
1123 296032.0
1124 320230.0
1125 306632.0
1126 300250.0
1127 300564.0
1128 1090544.0
1129 904675.0
1130 308641.0
1131 298975.0
1132 1096656.0
1133 315442.0
1134 312484.0
1135 308934.0
1136 362562.0
1137 314834.0
1138 1098705.0
1139 1000141.0
1140 319115.0
1141 318009.0
1142 1115851.0
1143 312942.0
1144 605567.0
1145 356376.0
1146 351788.0
1147 352325.0
1148 1147421.0
1149 876933.0
1150 385681.0
1151 631391.0
1152 1155696.0
1153 358089.0
1154 333411.0
1155 367128.0
1156 370920.0
1157 373818.0
1158 1170103.0
1159 1452208.0
1160 384390.0
1161 394771.0
1162 1172023.0
1163 651927.0
1164 409982.0
1165 391811.0
1166 386484.0
1167 398091.0
1168 1451701.0
1169 1134282.0
1170 397534.0
1171 402635.0
1172 1453607.0
1173 390040.0
1174 416204.0
1175 407614.0
1176 407686.0
1177 417673.0
1178 1462503.0
1179 1317565.0
1180 411181.0
1181 420319.0
1182 1738643.0
1183 426310.0
1184 656219.0
1185 429340.0
1186 431581.0
1187 440599.0
1188 1246358.0
1189 1280819.0
1190 699636.0
1191 447569.0
1192 672524.0
1193 1478303.0
1194 767866.0
1195 497990.0
1196 449674.0
1197 434394.0
1198 1747846.0
1199 1002327.0
1200 432333.0
1201 435729.0
1202 1217969.0
1203 960152.0
1204 434403.0
1205 464002.0
1206 452399.0
1207 453683.0
1208 1248126.0
1209 1776084.0
1210 461427.0
1211 464524.0
1212 462788.0
1213 1780815.0
1214 474216.0
1215 479670.0
1216 455871.0
1217 463017.0
1218 1248312.0
1219 1826295.0
1220 465165.0
1221 465310.0
1222 479661.0
1223 1776965.0
1224 447632.0
1225 406981.0
1226 462504.0
1227 467496.0
1228 463057.0
1229 2678314.0
1230 466287.0
1231 478414.0
1232 463933.0
1233 1788856.0
1234 470980.0
1235 422162.0
1236 483037.0
1237 478476.0
1238 462902.0
1239 1793806.0
1240 1407363.0
1241 483312.0
1242 481488.0
1243 1811166.0
1244 493006.0
1245 751361.0
1246 486784.0
1247 479141.0
1248 496742.0
1249 1820182.0
1250 1305969.0
1251 506424.0
1252 759514.0
1253 1810762.0
1254 510239.0
1255 462203.0
1256 566252.0
1257 502376.0
1258 506470.0
1259 1854212.0
1260 1771786.0
1261 538009.0
1262 534849.0
1263 1826062.0
1264 783861.0
1265 542854.0
1266 538014.0
1267 539567.0
1268 538855.0
1269 2115302.0
1270 1454016.0
1271 540525.0
1272 533859.0
1273 2114033.0
1274 535842.0
1275 513934.0
1276 542579.0
1277 538303.0
1278 540133.0
1279 2120389.0
1280 1490245.0
1281 561551.0
1282 548614.0
1283 1852690.0
1284 804268.0
1285 559081.0
1286 549654.0
1287 547792.0
1288 543392.0
1289 2122480.0
1290 1546253.0
1291 542300.0
1292 545471.0
1293 1865184.0
1294 829000.0
1295 499104.0
1296 548981.0
1297 543640.0
1298 549573.0
1299 807573.0
1300 2901059.0
1301 546955.0
1302 556964.0
1303 545713.0
1304 2128792.0
1305 588126.0
1306 557038.0
1307 563488.0
1308 560234.0
1309 1085986.0
1310 2242134.0
1311 986795.0
1312 560417.0
1313 571302.0
1314 2122381.0
1315 573336.0
1316 578516.0
1317 560319.0
1318 562085.0
1319 778436.0
1320 2968685.0
1321 910954.0
1322 561982.0
1323 561688.0
1324 2398924.0
1325 548737.0
1326 473171.0
1327 549353.0
1328 555881.0
1329 559970.0
1330 2979844.0
1331 755365.0
1332 550389.0
1333 556385.0
1334 2136168.0
1335 825528.0
1336 571061.0
1337 553037.0
1338 561387.0
1339 557848.0
1340 2385605.0
1341 1323302.0
1342 564362.0
1343 557870.0
1344 2130750.0
1345 814662.0
1346 523027.0
1347 551396.0
1348 560969.0
1349 560449.0
1350 2396842.0
1351 1315216.0
1352 559041.0
1353 561825.0
1354 2137516.0
1355 822516.0
1356 543445.0
1357 559916.0
1358 550943.0
1359 557128.0
1360 2399875.0
1361 1329832.0
1362 562784.0
1363 556788.0
1364 2137560.0
1365 815201.0
1366 574046.0
1367 550175.0
1368 556263.0
1369 551733.0
1370 2131671.0
1371 1576801.0
1372 557467.0
1373 556241.0
1374 1806985.0
1375 726244.0
1376 417552.0
1377 467377.0
1378 464125.0
1379 708203.0
1380 1775265.0
1381 845602.0
1382 982175.0
1383 466645.0
1384 1786433.0
1385 472708.0
1386 371533.0
1387 487521.0
1388 461439.0
1389 470579.0
1390 1253353.0
1391 2104719.0
1392 464907.0
1393 472088.0
1394 477555.0
1395 1782946.0
1396 715825.0
1397 456894.0
1398 464652.0
1399 466736.0
1400 470432.0
1401 2269124.0
1402 838657.0
1403 474029.0
1404 468567.0
1405 1782654.0
1406 468804.0
1407 471106.0
1408 470414.0
1409 474628.0
1410 469811.0
1411 2017661.0
1412 1349397.0
1413 471612.0
1414 472402.0
1415 1778936.0
1416 471027.0
1417 721701.0
1418 463782.0
1419 465605.0
1420 465993.0
1421 1780698.0
1422 1322723.0
1423 470176.0
1424 471420.0
1425 1780801.0
1426 464936.0
1427 495169.0
1428 476086.0
1429 462154.0
1430 473771.0
1431 1785962.0
1432 1577164.0
1433 479040.0
1434 446369.0
1435 1460881.0
1436 689371.0
1437 408290.0
1438 411936.0
1439 614965.0
1440 671030.0
1441 1465142.0
1442 953091.0
1443 413369.0
1444 671199.0
1445 1455373.0
1446 408823.0
1447 432163.0
1448 410498.0
1449 415807.0
1450 665256.0
1451 1463289.0
1452 1131497.0
1453 683896.0
1454 417896.0
1455 1470510.0
1456 417713.0
1457 680715.0
1458 412567.0
1459 418325.0
1460 680132.0
1461 1462374.0
1462 887167.0
1463 406300.0
1464 682963.0
1465 1467765.0
1466 419152.0
1467 406122.0
1468 420850.0
1469 411132.0
1470 677422.0
1471 1462671.0
1472 1142240.0
1473 414143.0
1474 675024.0
1475 1457899.0
1476 413397.0
1477 414924.0
1478 410659.0
1479 411283.0
1480 685063.0
1481 1460489.0
1482 1148327.0
1483 421874.0
1484 674545.0
1485 1469464.0
1486 414732.0
1487 413076.0
1488 414080.0
1489 411021.0
1490 678117.0
1491 1460803.0
1492 1143152.0
1493 412992.0
1494 620171.0
1495 1111535.0
1496 321903.0
1497 327573.0
1498 322472.0
1499 498154.0
1500 320115.0
1501 1370918.0
1502 906837.0
1503 325057.0
1504 328042.0
1505 1370810.0
1506 329265.0
1507 349023.0
1508 318843.0
1509 322753.0
1510 326027.0
1511 1367960.0
1512 852791.0
1513 322058.0
1514 321843.0
1515 1374663.0
1516 328031.0
1517 315136.0
1518 320684.0
1519 316402.0
1520 320702.0
1521 1372213.0
1522 828881.0
1523 321435.0
1524 329133.0
1525 1368830.0
1526 330300.0
1527 322059.0
1528 326893.0
1529 316472.0
1530 318631.0
1531 1364291.0
1532 816528.0
1533 320657.0
1534 326016.0
1535 1376386.0
1536 319519.0
1537 306285.0
1538 321565.0
1539 321566.0
1540 321774.0
1541 1370154.0
1542 812229.0
1543 321545.0
1544 316415.0
1545 849131.0
1546 859751.0
1547 304896.0
1548 323706.0
1549 324202.0
1550 321540.0
1551 858446.0
1552 1335103.0
1553 324705.0
1554 245373.0
1555 157158.0
1556 636292.0
1557 181008.0
1558 181715.0
1559 381918.0
1560 232058.0
1561 233554.0
1562 1124913.0
1563 491773.0
1564 222405.0
1565 234899.0
1566 758130.0
1567 235227.0
1568 235240.0
1569 226974.0
1570 227630.0
1571 232070.0
1572 1500300.0
1573 236930.0
1574 231324.0
1575 227076.0
1576 760738.0
1577 501161.0
1578 237802.0
1579 226259.0
1580 225071.0
1581 225539.0
1582 1267059.0
1583 234597.0
1584 230353.0
1585 233846.0
1586 760876.0
1587 495548.0
1588 228535.0
1589 233072.0
1590 230656.0
1591 231063.0
1592 1132449.0
1593 387323.0
1594 238191.0
1595 234065.0
1596 760464.0
1597 493253.0
1598 231837.0
1599 235115.0
1600 226802.0
1601 234768.0
1602 1022830.0
1603 527818.0
1604 235638.0
1605 234927.0
1606 766573.0
1607 497930.0
1608 235089.0
1609 225089.0
1610 231481.0
1611 236945.0
1612 1025748.0
1613 527358.0
1614 167274.0
1615 81220.0
1616 327526.0
1617 48247.0
1618 103731.0
1619 162479.0
1620 46717.0
1621 45345.0
1622 50245.0
1623 263156.0
1624 48068.0
1625 46351.0
1626 310983.0
1627 46613.0
1628 179633.0
1629 512.0
1630 0.0
1631 0.0
1632 0.0
1633 165702.0
1634 816.0
1635 0.0
1636 16625.0
1637 42314.0
1638 224925.0
1639 43286.0
1640 38219.0
1641 1219487.0
1642 576013.0
1643 334901.0
1644 168767.0
1645 435328.0
1646 422871.0
1647 149741.0
1648 146481.0
1649 155774.0
1650 160909.0
1651 154537.0
1652 674418.0
1653 512162.0
1654 165023.0
1655 164337.0
1656 685625.0
1657 173870.0
1658 177649.0
1659 169997.0
1660 171554.0
1661 167998.0
1662 697150.0
1663 442258.0
1664 170781.0
1665 431538.0
1666 432871.0
1667 167950.0
1668 163871.0
1669 160306.0
1670 165183.0
1671 160260.0
1672 684364.0
1673 503485.0
1674 86053.0
1675 104.0
1676 0.0
1677 0.0
1678 208.0
1679 261548.0
1680 0.0
1681 0.0
1682 0.0
1683 0.0
1684 816.0
1685 0.0
1686 0.0
1687 0.0
1688 208.0
1689 408.0
1690 0.0
1691 0.0
1692 0.0
1693 0.0
1694 1139.0
1695 0.0
1696 0.0
1697 0.0
1698 104.0
1699 512.0
1700 0.0
1701 0.0
1702 0.0
1703 0.0
1704 816.0
1705 0.0
1706 0.0
1707 0.0
1708 104.0
1709 512.0
1710 0.0
1711 0.0
1712 0.0
1713 0.0
1714 816.0
1715 0.0
1716 0.0
1717 0.0
1718 0.0
1719 616.0
1720 0.0
1721 0.0
1722 0.0
1723 0.0
1724 816.0
1725 0.0
1726 0.0
1727 0.0
1728 0.0
1729 616.0
1730 0.0
1731 0.0
1732 0.0
1733 0.0
1734 1024.0
1735 0.0
1736 0.0
1737 0.0
1738 0.0
1739 408.0
1740 0.0
1741 0.0
1742 0.0
1743 0.0
