0 4554752.0
1 36487671808.0
2 38116450304.0
3 38190465024.0
4 38195892224.0
5 38265008128.0
6 38539751424.0
7 38539751424.0
8 38539751424.0
9 38539751424.0
10 38539751424.0
11 38539751424.0
12 38539751424.0
13 38539751424.0
14 38814494720.0
15 38814494720.0
16 38814494720.0
17 38814494720.0
18 38814494720.0
19 38814494720.0
20 38814494720.0
21 38814494720.0
22 38814494720.0
23 38814494720.0
24 38814494720.0
25 38814494720.0
26 38814494720.0
27 38814494720.0
28 38814494720.0
29 38814494720.0
30 38814494720.0
31 38814494720.0
32 38814494720.0
33 38814494720.0
34 38814494720.0
35 38814494720.0
36 38814494720.0
37 38814494720.0
38 38814494720.0
39 38814494720.0
40 38814494720.0
41 38814494720.0
42 38814494720.0
43 38814494720.0
44 38814494720.0
45 38814494720.0
46 38814494720.0
47 38814494720.0
48 38814494720.0
49 38814494720.0
50 38814494720.0
51 38814494720.0
52 38814494720.0
53 38814494720.0
54 38814494720.0
55 38814494720.0
56 38816591872.0
57 38884753408.0
58 38884753408.0
59 38884753408.0
60 38884753408.0
61 38884753408.0
62 38884753408.0
63 38884753408.0
64 38884753408.0
65 38884753408.0
66 39361884160.0
67 39361884160.0
68 39361884160.0
69 39361884160.0
70 39361884160.0
71 39361884160.0
72 39361884160.0
73 39361884160.0
74 39361884160.0
75 39361884160.0
76 39361884160.0
77 39361884160.0
78 39361884160.0
79 39361884160.0
80 39361884160.0
81 39361884160.0
82 39361884160.0
83 39361884160.0
84 39361884160.0
85 39361884160.0
86 39361884160.0
87 39361884160.0
88 39361884160.0
89 39361884160.0
90 39361884160.0
91 39361884160.0
92 39361884160.0
93 39361884160.0
94 39361884160.0
95 39361884160.0
96 39361884160.0
97 39361884160.0
98 39361884160.0
99 39361884160.0
100 39361884160.0
101 39361884160.0
102 39361884160.0
103 39361884160.0
104 39361884160.0
105 39361884160.0
106 39361884160.0
107 39361884160.0
108 39361884160.0
109 39361884160.0
110 39361884160.0
111 39361884160.0
112 39361884160.0
113 39361884160.0
114 39361884160.0
115 39361884160.0
116 39361884160.0
117 39361884160.0
118 39361884160.0
119 39361884160.0
120 39361884160.0
121 39361884160.0
122 39361884160.0
123 39361884160.0
124 39361884160.0
125 39361884160.0
126 39361884160.0
127 39361884160.0
128 39361884160.0
129 39361884160.0
130 39361884160.0
131 39361884160.0
132 39361884160.0
133 39361884160.0
134 39361884160.0
135 39361884160.0
136 39361884160.0
137 39361884160.0
138 39361884160.0
139 39361884160.0
140 39361884160.0
141 39361884160.0
142 39361884160.0
143 39361884160.0
144 39361884160.0
145 39361884160.0
146 39361884160.0
147 39361884160.0
148 39361884160.0
149 39361884160.0
150 39361884160.0
151 39361884160.0
152 39361884160.0
153 39361884160.0
154 39361884160.0
155 39361884160.0
156 39361884160.0
157 39361884160.0
158 39361884160.0
159 39361884160.0
160 39361884160.0
161 39361884160.0
162 39361884160.0
163 39361884160.0
164 39361884160.0
165 39361884160.0
166 39361884160.0
167 39361884160.0
168 39361884160.0
169 39361884160.0
170 39361884160.0
171 39361884160.0
172 39361884160.0
173 39361884160.0
174 39361884160.0
175 39361884160.0
176 39361884160.0
177 39361884160.0
178 39361884160.0
179 39361884160.0
180 39361884160.0
181 39361884160.0
182 39361884160.0
183 39361884160.0
184 39361884160.0
185 39361884160.0
186 39361884160.0
187 39361884160.0
188 39361884160.0
189 39361884160.0
190 39361884160.0
191 39361884160.0
192 39361884160.0
193 39361884160.0
194 39361884160.0
195 39361884160.0
196 39361884160.0
197 39361884160.0
198 39361884160.0
199 39361884160.0
200 39361884160.0
201 39361884160.0
202 39361884160.0
203 39361884160.0
204 39361884160.0
205 39361884160.0
206 39361884160.0
207 39361884160.0
208 39361884160.0
209 39361884160.0
210 39361884160.0
211 39361884160.0
212 39361884160.0
213 39361884160.0
214 39361884160.0
215 39361884160.0
216 39361884160.0
217 39361884160.0
218 39361884160.0
219 39361884160.0
220 39361884160.0
221 39361884160.0
222 39361884160.0
223 39361884160.0
224 39361884160.0
225 39361884160.0
226 39361884160.0
227 39361884160.0
228 39361884160.0
229 39361884160.0
230 39361884160.0
231 39361884160.0
232 39361884160.0
233 39361884160.0
234 39361884160.0
235 39361884160.0
236 39361884160.0
237 39361884160.0
238 39361884160.0
239 39361884160.0
240 39361884160.0
241 39361884160.0
242 39361884160.0
243 39361884160.0
244 39361884160.0
245 39361884160.0
246 39361884160.0
247 39361884160.0
248 39361884160.0
249 39361884160.0
250 39361884160.0
251 39361884160.0
252 39361884160.0
253 39361884160.0
254 39361884160.0
255 39361884160.0
256 39361884160.0
257 39363981312.0
258 39363981312.0
259 39363981312.0
260 39363981312.0
261 39363981312.0
262 39363981312.0
263 39363981312.0
264 39363981312.0
265 39363981312.0
266 39363981312.0
267 39363981312.0
268 39363981312.0
269 39363981312.0
270 39363981312.0
271 39363981312.0
272 39363981312.0
273 39363981312.0
274 39363981312.0
275 39363981312.0
276 39363981312.0
277 39363981312.0
278 39363981312.0
279 39363981312.0
280 39363981312.0
281 39363981312.0
282 39363981312.0
283 39363981312.0
284 39363981312.0
285 39363981312.0
286 39363981312.0
287 39363981312.0
288 39363981312.0
289 39363981312.0
290 39363981312.0
291 39363981312.0
292 39363981312.0
293 39363981312.0
294 39363981312.0
295 39363981312.0
296 39363981312.0
297 39363981312.0
298 39363981312.0
299 39363981312.0
300 39363981312.0
301 39363981312.0
302 39363981312.0
303 39363981312.0
304 39363981312.0
305 39363981312.0
306 39363981312.0
307 39363981312.0
308 39500304384.0
309 39500304384.0
310 39500304384.0
311 39500304384.0
312 39500304384.0
313 39500304384.0
314 39500304384.0
315 39500304384.0
316 39500304384.0
317 39500304384.0
318 39500304384.0
319 39500304384.0
320 39500304384.0
321 39500304384.0
322 39500304384.0
323 39500304384.0
324 39500304384.0
325 39500304384.0
326 39500304384.0
327 39500304384.0
328 39500304384.0
329 39500304384.0
330 39500304384.0
331 39500304384.0
332 39500304384.0
333 39500304384.0
334 39500304384.0
335 39500304384.0
336 39500304384.0
337 39500304384.0
338 39500304384.0
339 39500304384.0
340 39500304384.0
341 39500304384.0
342 39500304384.0
343 39500304384.0
344 39500304384.0
345 39500304384.0
346 39500304384.0
347 39500304384.0
348 39500304384.0
349 39500304384.0
350 39500304384.0
351 39500304384.0
352 39500304384.0
353 39500304384.0
354 39500304384.0
355 39500304384.0
356 39500304384.0
357 39500304384.0
358 39500304384.0
359 39500304384.0
360 39500304384.0
361 39500304384.0
362 39500304384.0
363 39500304384.0
364 39500304384.0
365 39500304384.0
366 39500304384.0
367 39500304384.0
368 39500304384.0
369 39500304384.0
370 39500304384.0
371 39500304384.0
372 39500304384.0
373 39500304384.0
374 39500304384.0
375 39500304384.0
376 39500304384.0
377 39500304384.0
378 39500304384.0
379 39500304384.0
380 39500304384.0
381 39500304384.0
382 39500304384.0
383 39500304384.0
384 39500304384.0
385 39500304384.0
386 39500304384.0
387 39500304384.0
388 39636627456.0
389 39636627456.0
390 39636627456.0
391 39636627456.0
392 39636627456.0
393 39636627456.0
394 39636627456.0
395 39636627456.0
396 39636627456.0
397 39636627456.0
398 39636627456.0
399 39636627456.0
400 39636627456.0
401 39636627456.0
402 39636627456.0
403 39636627456.0
404 39636627456.0
405 39636627456.0
406 39636627456.0
407 39636627456.0
408 39636627456.0
409 39636627456.0
410 39636627456.0
411 39636627456.0
412 39636627456.0
413 39636627456.0
414 39636627456.0
415 39636627456.0
416 39636627456.0
417 39636627456.0
418 39636627456.0
419 39636627456.0
420 39636627456.0
421 39636627456.0
422 39636627456.0
423 39636627456.0
424 39636627456.0
425 39636627456.0
426 39636627456.0
427 39636627456.0
428 39636627456.0
429 39636627456.0
430 39636627456.0
431 39636627456.0
432 39636627456.0
433 39636627456.0
434 39636627456.0
435 39636627456.0
436 39636627456.0
437 39636627456.0
438 39636627456.0
439 39772950528.0
440 39772950528.0
441 39772950528.0
442 39772950528.0
443 39772950528.0
444 39772950528.0
445 39772950528.0
446 39772950528.0
447 39772950528.0
448 39772950528.0
449 39772950528.0
450 39772950528.0
451 39772950528.0
452 39772950528.0
453 39772950528.0
454 39772950528.0
455 39772950528.0
456 39772950528.0
457 39772950528.0
458 39772950528.0
459 39772950528.0
460 39772950528.0
461 39772950528.0
462 39772950528.0
463 39772950528.0
464 39772950528.0
465 39772950528.0
466 39772950528.0
467 39772950528.0
468 39772950528.0
469 39772950528.0
470 39772950528.0
471 39772950528.0
472 39772950528.0
473 39772950528.0
474 39772950528.0
475 39772950528.0
476 39772950528.0
477 39772950528.0
478 39772950528.0
479 39772950528.0
480 39772950528.0
481 39772950528.0
482 39772950528.0
483 39772950528.0
484 39772950528.0
485 39772950528.0
486 39772950528.0
487 39772950528.0
488 39772950528.0
489 39772950528.0
490 39772950528.0
491 39772950528.0
492 39772950528.0
493 39772950528.0
494 39772950528.0
495 39772950528.0
496 39772950528.0
497 39772950528.0
498 39772950528.0
499 39772950528.0
500 39772950528.0
501 39772950528.0
502 39772950528.0
503 39772950528.0
504 39772950528.0
505 39772950528.0
506 39772950528.0
507 39772950528.0
508 39772950528.0
509 39772950528.0
510 39772950528.0
511 39772950528.0
512 39772950528.0
513 39772950528.0
514 39772950528.0
515 39772950528.0
516 39772950528.0
517 39772950528.0
518 39772950528.0
519 39772950528.0
520 39772950528.0
521 39772950528.0
522 39772950528.0
523 39772950528.0
524 39772950528.0
525 39772950528.0
526 39772950528.0
527 39772950528.0
528 39772950528.0
529 39772950528.0
530 39772950528.0
531 39772950528.0
532 39772950528.0
533 39772950528.0
534 39772950528.0
535 39772950528.0
536 39772950528.0
537 39772950528.0
538 39772950528.0
539 39772950528.0
540 39772950528.0
541 39772950528.0
542 39772950528.0
543 39772950528.0
544 39772950528.0
545 39772950528.0
546 39772950528.0
547 39772950528.0
548 39772950528.0
549 39772950528.0
550 39772950528.0
551 39772950528.0
552 39772950528.0
553 39772950528.0
554 39772950528.0
555 39772950528.0
556 39772950528.0
557 39772950528.0
558 39772950528.0
559 39772950528.0
560 39772950528.0
561 39772950528.0
562 39772950528.0
563 39772950528.0
564 39772950528.0
565 39772950528.0
566 39772950528.0
567 39772950528.0
568 39772950528.0
569 39772950528.0
570 39772950528.0
571 39772950528.0
572 39772950528.0
573 39772950528.0
574 39772950528.0
575 39772950528.0
576 39772950528.0
577 39772950528.0
578 39772950528.0
579 39772950528.0
580 39772950528.0
581 39772950528.0
582 39772950528.0
583 39772950528.0
584 39772950528.0
585 39772950528.0
586 39772950528.0
587 39772950528.0
588 39772950528.0
589 39772950528.0
590 39772950528.0
591 39772950528.0
592 39772950528.0
593 39772950528.0
594 39772950528.0
595 39772950528.0
596 39772950528.0
597 39772950528.0
598 39772950528.0
599 39772950528.0
600 39772950528.0
601 39772950528.0
602 39772950528.0
603 39772950528.0
604 39772950528.0
605 39772950528.0
606 39772950528.0
607 39772950528.0
608 39772950528.0
609 39772950528.0
610 39772950528.0
611 39772950528.0
612 39772950528.0
613 39772950528.0
614 39772950528.0
615 39772950528.0
616 39772950528.0
617 39772950528.0
618 39772950528.0
619 39772950528.0
620 39772950528.0
621 39772950528.0
622 39772950528.0
623 39772950528.0
624 39772950528.0
625 39772950528.0
626 39772950528.0
627 39772950528.0
628 39772950528.0
629 39772950528.0
630 39772950528.0
631 39772950528.0
632 39772950528.0
633 39772950528.0
634 39772950528.0
635 39772950528.0
636 39772950528.0
637 39772950528.0
638 39772950528.0
639 39772950528.0
640 39772950528.0
641 39772950528.0
642 39772950528.0
643 39772950528.0
644 39772950528.0
645 39772950528.0
646 39772950528.0
647 39772950528.0
648 39772950528.0
649 39772950528.0
650 39772950528.0
651 39772950528.0
652 39772950528.0
653 39772950528.0
654 39772950528.0
655 39772950528.0
656 39772950528.0
657 39772950528.0
658 39772950528.0
659 39772950528.0
660 39772950528.0
661 39772950528.0
662 39772950528.0
663 39772950528.0
664 39772950528.0
665 39772950528.0
666 39772950528.0
667 39772950528.0
668 39772950528.0
669 39772950528.0
670 39772950528.0
671 39772950528.0
672 39772950528.0
673 39772950528.0
674 39772950528.0
675 39772950528.0
676 39772950528.0
677 39772950528.0
678 39772950528.0
679 39772950528.0
680 39772950528.0
681 39772950528.0
682 39772950528.0
683 39772950528.0
684 39772950528.0
685 39772950528.0
686 39772950528.0
687 39772950528.0
688 39772950528.0
689 39772950528.0
690 39772950528.0
691 39772950528.0
692 39772950528.0
693 39772950528.0
694 39772950528.0
695 39772950528.0
696 39772950528.0
697 39772950528.0
698 39772950528.0
699 39772950528.0
700 39772950528.0
701 39772950528.0
702 39772950528.0
703 39772950528.0
704 39772950528.0
705 39772950528.0
706 39772950528.0
707 39772950528.0
708 39772950528.0
709 39772950528.0
710 39772950528.0
711 39772950528.0
712 39772950528.0
713 39772950528.0
714 39772950528.0
715 39772950528.0
716 39772950528.0
717 39772950528.0
718 39772950528.0
719 39772950528.0
720 39772950528.0
721 39772950528.0
722 39772950528.0
723 39772950528.0
724 39772950528.0
725 39772950528.0
726 39772950528.0
727 39772950528.0
728 39772950528.0
729 39772950528.0
730 39772950528.0
731 39772950528.0
732 39772950528.0
733 39772950528.0
734 39772950528.0
735 39772950528.0
736 39772950528.0
737 39772950528.0
738 39772950528.0
739 39772950528.0
740 39772950528.0
741 39772950528.0
742 39772950528.0
743 39772950528.0
744 39772950528.0
745 39772950528.0
746 39772950528.0
747 39772950528.0
748 39772950528.0
749 39772950528.0
750 39772950528.0
751 39772950528.0
752 39772950528.0
753 39772950528.0
754 39772950528.0
755 39772950528.0
756 39772950528.0
757 39772950528.0
758 39772950528.0
759 39772950528.0
760 39772950528.0
761 39772950528.0
762 39772950528.0
763 39772950528.0
764 39772950528.0
765 39772950528.0
766 39772950528.0
767 39772950528.0
768 39772950528.0
769 39772950528.0
770 39772950528.0
771 39772950528.0
772 39772950528.0
773 39772950528.0
774 39772950528.0
775 39772950528.0
776 39772950528.0
777 39772950528.0
778 39772950528.0
779 39772950528.0
780 39772950528.0
781 39772950528.0
782 39772950528.0
783 39772950528.0
784 39772950528.0
785 39772950528.0
786 39772950528.0
787 39772950528.0
788 39772950528.0
789 39772950528.0
790 39772950528.0
791 39772950528.0
792 39772950528.0
793 39772950528.0
794 39772950528.0
795 39772950528.0
796 39772950528.0
797 39772950528.0
798 39772950528.0
799 39772950528.0
800 39772950528.0
801 39772950528.0
802 39772950528.0
803 39772950528.0
804 39772950528.0
805 39772950528.0
806 39772950528.0
807 39772950528.0
808 39772950528.0
809 39772950528.0
810 39772950528.0
811 39772950528.0
812 39772950528.0
813 39772950528.0
814 39772950528.0
815 39772950528.0
816 39772950528.0
817 39772950528.0
818 39772950528.0
819 39772950528.0
820 39772950528.0
821 39772950528.0
822 39772950528.0
823 39772950528.0
824 39772950528.0
825 39772950528.0
826 39772950528.0
827 39772950528.0
828 39772950528.0
829 39772950528.0
830 39772950528.0
831 39772950528.0
832 39772950528.0
833 39772950528.0
834 39772950528.0
835 39772950528.0
836 39772950528.0
837 39772950528.0
838 39772950528.0
839 39772950528.0
840 39772950528.0
841 39772950528.0
842 39772950528.0
843 39772950528.0
844 39772950528.0
845 39772950528.0
846 39772950528.0
847 39772950528.0
848 39772950528.0
849 39772950528.0
850 39772950528.0
851 39772950528.0
852 39772950528.0
853 39772950528.0
854 39772950528.0
855 39772950528.0
856 39772950528.0
857 39772950528.0
858 39772950528.0
859 39772950528.0
860 39772950528.0
861 39772950528.0
862 39772950528.0
863 39772950528.0
864 39772950528.0
865 39772950528.0
866 39772950528.0
867 39772950528.0
868 39772950528.0
869 39772950528.0
870 39772950528.0
871 39772950528.0
872 39772950528.0
873 39772950528.0
874 39772950528.0
875 39772950528.0
876 39772950528.0
877 39772950528.0
878 39772950528.0
879 39772950528.0
880 39772950528.0
881 39772950528.0
882 39772950528.0
883 39772950528.0
884 39772950528.0
885 39772950528.0
886 39772950528.0
887 39772950528.0
888 39772950528.0
889 39772950528.0
890 39772950528.0
891 39772950528.0
892 39772950528.0
893 39772950528.0
894 39772950528.0
895 39772950528.0
896 39772950528.0
897 39772950528.0
898 39772950528.0
899 39772950528.0
900 39772950528.0
901 39772950528.0
902 39772950528.0
903 39772950528.0
904 39772950528.0
905 39772950528.0
906 39772950528.0
907 39772950528.0
908 39772950528.0
909 39772950528.0
910 39772950528.0
911 39772950528.0
912 39772950528.0
913 39772950528.0
914 39772950528.0
915 39772950528.0
916 39772950528.0
917 39772950528.0
918 39772950528.0
919 39772950528.0
920 39772950528.0
921 39772950528.0
922 39772950528.0
923 39772950528.0
924 39772950528.0
925 39772950528.0
926 39772950528.0
927 39772950528.0
928 39772950528.0
929 39772950528.0
930 39772950528.0
931 39772950528.0
932 39772950528.0
933 39772950528.0
934 39772950528.0
935 39772950528.0
936 39772950528.0
937 39772950528.0
938 39772950528.0
939 39772950528.0
940 39772950528.0
941 39772950528.0
942 39772950528.0
943 39772950528.0
944 39772950528.0
945 39772950528.0
946 39772950528.0
947 39772950528.0
948 39772950528.0
949 39772950528.0
950 39772950528.0
951 39772950528.0
952 39772950528.0
953 39772950528.0
954 39772950528.0
955 39772950528.0
956 39772950528.0
957 39772950528.0
958 39772950528.0
959 39772950528.0
960 39772950528.0
961 39772950528.0
962 39772950528.0
963 39772950528.0
964 39772950528.0
965 39772950528.0
966 39772950528.0
967 39772950528.0
968 39772950528.0
969 39772950528.0
970 39772950528.0
971 39772950528.0
972 39772950528.0
973 39772950528.0
974 39772950528.0
975 39772950528.0
976 39772950528.0
977 39772950528.0
978 39772950528.0
979 39772950528.0
980 39772950528.0
981 39772950528.0
982 39772950528.0
983 39772950528.0
984 39772950528.0
985 39772950528.0
986 39772950528.0
987 39772950528.0
988 39772950528.0
989 39772950528.0
990 39772950528.0
991 39772950528.0
992 39772950528.0
993 39772950528.0
994 39772950528.0
995 39772950528.0
996 39772950528.0
997 39772950528.0
998 39772950528.0
999 39772950528.0
1000 39772950528.0
1001 39772950528.0
1002 39772950528.0
1003 39772950528.0
1004 39772950528.0
1005 39772950528.0
1006 39772950528.0
1007 39772950528.0
1008 39772950528.0
1009 39772950528.0
1010 39772950528.0
1011 39772950528.0
1012 39772950528.0
1013 39772950528.0
1014 39772950528.0
1015 39772950528.0
1016 39772950528.0
1017 39772950528.0
1018 39772950528.0
1019 39772950528.0
1020 39772950528.0
1021 39772950528.0
1022 39772950528.0
1023 39772950528.0
1024 39772950528.0
1025 39772950528.0
1026 39772950528.0
1027 39772950528.0
1028 39772950528.0
1029 39772950528.0
1030 39772950528.0
1031 39772950528.0
1032 39772950528.0
1033 39772950528.0
1034 39772950528.0
1035 39772950528.0
1036 39772950528.0
1037 39772950528.0
1038 39772950528.0
1039 39772950528.0
1040 39772950528.0
1041 39772950528.0
1042 39772950528.0
1043 39772950528.0
1044 39772950528.0
1045 39772950528.0
1046 39772950528.0
1047 39772950528.0
1048 39772950528.0
1049 39772950528.0
1050 39772950528.0
1051 39772950528.0
1052 39772950528.0
1053 39772950528.0
1054 39772950528.0
1055 39772950528.0
1056 39772950528.0
1057 39772950528.0
1058 39772950528.0
1059 39772950528.0
1060 39772950528.0
1061 39772950528.0
1062 39772950528.0
1063 39772950528.0
1064 39772950528.0
1065 39772950528.0
1066 39772950528.0
1067 39772950528.0
1068 39772950528.0
1069 39772950528.0
1070 39772950528.0
1071 39772950528.0
1072 39772950528.0
1073 39772950528.0
1074 39772950528.0
1075 39772950528.0
1076 39772950528.0
1077 39772950528.0
1078 39772950528.0
1079 39772950528.0
1080 39772950528.0
1081 39772950528.0
1082 39772950528.0
1083 39772950528.0
1084 39772950528.0
1085 39772950528.0
1086 39772950528.0
1087 39772950528.0
1088 39772950528.0
1089 39772950528.0
1090 39772950528.0
1091 39772950528.0
1092 39772950528.0
1093 39772950528.0
1094 39772950528.0
1095 39772950528.0
1096 39772950528.0
1097 39772950528.0
1098 39772950528.0
1099 39772950528.0
1100 39772950528.0
1101 39772950528.0
1102 39772950528.0
1103 39772950528.0
1104 39772950528.0
1105 39772950528.0
1106 39772950528.0
1107 39772950528.0
1108 39772950528.0
1109 39772950528.0
1110 39772950528.0
1111 39772950528.0
1112 39772950528.0
1113 39772950528.0
1114 39772950528.0
1115 39772950528.0
1116 39772950528.0
1117 39772950528.0
1118 39772950528.0
1119 39772950528.0
1120 39772950528.0
1121 39772950528.0
1122 39772950528.0
1123 39772950528.0
1124 39772950528.0
1125 39772950528.0
1126 39772950528.0
1127 39772950528.0
1128 39772950528.0
1129 39772950528.0
1130 39772950528.0
1131 39772950528.0
1132 39772950528.0
1133 39772950528.0
1134 39772950528.0
1135 39772950528.0
1136 39772950528.0
1137 39772950528.0
1138 39772950528.0
1139 39772950528.0
1140 39772950528.0
1141 39772950528.0
1142 39772950528.0
1143 39772950528.0
1144 39772950528.0
1145 39772950528.0
1146 39772950528.0
1147 39772950528.0
1148 39772950528.0
1149 39772950528.0
1150 39772950528.0
1151 39772950528.0
1152 39772950528.0
1153 39772950528.0
1154 39772950528.0
1155 39772950528.0
1156 39772950528.0
1157 39772950528.0
1158 39772950528.0
1159 39772950528.0
1160 39772950528.0
1161 39772950528.0
1162 39772950528.0
1163 39772950528.0
1164 39772950528.0
1165 39772950528.0
1166 39772950528.0
1167 39772950528.0
1168 39772950528.0
1169 39772950528.0
1170 39772950528.0
1171 39772950528.0
1172 39772950528.0
1173 39772950528.0
1174 39772950528.0
1175 39772950528.0
1176 39772950528.0
1177 39772950528.0
1178 39772950528.0
1179 39772950528.0
1180 39772950528.0
1181 39772950528.0
1182 39772950528.0
1183 39772950528.0
1184 39772950528.0
1185 39772950528.0
1186 39772950528.0
1187 39772950528.0
1188 39772950528.0
1189 39772950528.0
1190 39772950528.0
1191 39772950528.0
1192 39772950528.0
1193 39772950528.0
1194 39772950528.0
1195 39772950528.0
1196 39772950528.0
1197 39772950528.0
1198 39772950528.0
1199 39772950528.0
1200 39772950528.0
1201 39772950528.0
1202 39772950528.0
1203 39772950528.0
1204 39772950528.0
1205 39772950528.0
1206 39772950528.0
1207 39772950528.0
1208 39772950528.0
1209 39772950528.0
1210 39772950528.0
1211 39772950528.0
1212 39772950528.0
1213 39772950528.0
1214 39772950528.0
1215 39772950528.0
1216 39772950528.0
1217 39772950528.0
1218 39772950528.0
1219 39772950528.0
1220 39772950528.0
1221 39772950528.0
1222 39772950528.0
1223 39772950528.0
1224 39772950528.0
1225 39772950528.0
1226 39772950528.0
1227 39772950528.0
1228 39772950528.0
1229 39772950528.0
1230 39772950528.0
1231 39772950528.0
1232 39772950528.0
1233 39772950528.0
1234 39772950528.0
1235 39772950528.0
1236 39772950528.0
1237 39772950528.0
1238 39772950528.0
1239 39772950528.0
1240 39772950528.0
1241 39772950528.0
1242 39772950528.0
1243 39772950528.0
1244 39772950528.0
1245 39772950528.0
1246 39772950528.0
1247 39772950528.0
1248 39772950528.0
1249 39772950528.0
1250 39772950528.0
1251 39772950528.0
1252 39772950528.0
1253 39772950528.0
1254 39772950528.0
1255 39772950528.0
1256 39772950528.0
1257 39772950528.0
1258 39772950528.0
1259 39772950528.0
1260 39772950528.0
1261 39772950528.0
1262 39772950528.0
1263 39772950528.0
1264 39772950528.0
1265 39772950528.0
1266 39772950528.0
1267 39772950528.0
1268 39772950528.0
1269 39772950528.0
1270 39772950528.0
1271 39772950528.0
1272 39772950528.0
1273 39772950528.0
1274 39772950528.0
1275 39772950528.0
1276 39772950528.0
1277 39772950528.0
1278 39772950528.0
1279 39772950528.0
1280 39772950528.0
1281 39772950528.0
1282 39772950528.0
1283 39772950528.0
1284 39772950528.0
1285 39772950528.0
1286 39772950528.0
1287 39772950528.0
1288 39772950528.0
1289 39772950528.0
1290 39772950528.0
1291 39772950528.0
1292 39772950528.0
1293 39772950528.0
1294 39772950528.0
1295 39772950528.0
1296 39772950528.0
1297 39772950528.0
1298 39772950528.0
1299 39772950528.0
1300 39772950528.0
1301 39772950528.0
1302 39772950528.0
1303 39772950528.0
1304 39772950528.0
1305 39772950528.0
1306 39772950528.0
1307 39772950528.0
1308 39772950528.0
1309 39772950528.0
1310 39772950528.0
1311 39772950528.0
1312 39772950528.0
1313 39772950528.0
1314 39772950528.0
1315 39772950528.0
1316 39772950528.0
1317 39772950528.0
1318 39772950528.0
1319 39772950528.0
1320 39772950528.0
1321 39772950528.0
1322 39772950528.0
1323 39772950528.0
1324 39772950528.0
1325 39772950528.0
1326 39772950528.0
1327 39772950528.0
1328 39772950528.0
1329 39772950528.0
1330 39772950528.0
1331 39772950528.0
1332 39772950528.0
1333 39772950528.0
1334 39772950528.0
1335 39772950528.0
1336 39772950528.0
1337 39772950528.0
1338 39772950528.0
1339 39772950528.0
1340 39772950528.0
1341 39772950528.0
1342 39772950528.0
1343 39772950528.0
1344 39772950528.0
1345 39772950528.0
1346 39772950528.0
1347 39772950528.0
1348 39772950528.0
1349 39772950528.0
1350 39772950528.0
1351 39772950528.0
1352 39772950528.0
1353 39772950528.0
1354 39772950528.0
1355 39772950528.0
1356 39772950528.0
1357 39772950528.0
1358 39772950528.0
1359 39772950528.0
1360 39772950528.0
1361 39772950528.0
1362 39772950528.0
1363 39772950528.0
1364 39772950528.0
1365 39772950528.0
1366 39772950528.0
1367 39772950528.0
1368 39772950528.0
1369 39772950528.0
1370 39772950528.0
1371 39772950528.0
1372 39772950528.0
1373 39772950528.0
1374 39772950528.0
1375 39772950528.0
1376 39772950528.0
1377 39772950528.0
1378 39772950528.0
1379 39772950528.0
1380 39772950528.0
1381 39772950528.0
1382 39772950528.0
1383 39772950528.0
1384 39772950528.0
1385 39772950528.0
1386 39772950528.0
1387 39772950528.0
1388 39772950528.0
1389 39772950528.0
1390 39772950528.0
1391 39772950528.0
1392 39772950528.0
1393 39772950528.0
1394 39772950528.0
1395 39772950528.0
1396 39772950528.0
1397 39772950528.0
1398 39772950528.0
1399 39772950528.0
1400 39772950528.0
1401 39772950528.0
1402 39772950528.0
1403 39772950528.0
1404 39772950528.0
1405 39772950528.0
1406 39772950528.0
1407 39772950528.0
1408 39772950528.0
1409 39772950528.0
1410 39772950528.0
1411 39772950528.0
1412 39772950528.0
1413 39772950528.0
1414 39772950528.0
1415 39772950528.0
1416 39772950528.0
1417 39772950528.0
1418 39772950528.0
1419 39772950528.0
1420 39772950528.0
1421 39772950528.0
1422 39772950528.0
1423 39772950528.0
1424 39772950528.0
1425 39772950528.0
1426 39772950528.0
1427 39772950528.0
1428 39772950528.0
1429 39772950528.0
1430 39772950528.0
1431 39772950528.0
1432 39772950528.0
1433 39772950528.0
1434 39772950528.0
1435 39772950528.0
1436 39772950528.0
1437 39772950528.0
1438 39772950528.0
1439 39772950528.0
1440 39772950528.0
1441 39772950528.0
1442 39772950528.0
1443 39772950528.0
1444 39772950528.0
1445 39772950528.0
1446 39772950528.0
1447 39772950528.0
1448 39772950528.0
1449 39772950528.0
1450 39772950528.0
1451 39772950528.0
1452 39772950528.0
1453 39772950528.0
1454 39772950528.0
1455 39772950528.0
1456 39772950528.0
1457 39772950528.0
1458 39772950528.0
1459 39772950528.0
1460 39772950528.0
1461 39772950528.0
1462 39772950528.0
1463 39772950528.0
1464 39772950528.0
1465 39772950528.0
1466 39772950528.0
1467 39772950528.0
1468 39772950528.0
1469 39772950528.0
1470 39772950528.0
1471 39772950528.0
1472 39772950528.0
1473 39772950528.0
1474 39772950528.0
1475 39772950528.0
1476 39772950528.0
1477 39772950528.0
1478 39772950528.0
1479 39772950528.0
1480 39772950528.0
1481 39772950528.0
1482 39772950528.0
1483 39772950528.0
1484 39772950528.0
1485 39772950528.0
1486 39772950528.0
1487 39772950528.0
1488 39772950528.0
1489 39772950528.0
1490 39772950528.0
1491 39772950528.0
1492 39772950528.0
1493 39772950528.0
1494 39772950528.0
1495 39772950528.0
1496 39772950528.0
1497 39772950528.0
1498 39772950528.0
1499 39772950528.0
1500 39772950528.0
1501 39772950528.0
1502 39772950528.0
1503 39772950528.0
1504 39772950528.0
1505 39772950528.0
1506 39772950528.0
1507 39772950528.0
1508 39772950528.0
1509 39772950528.0
1510 39772950528.0
1511 39772950528.0
1512 39772950528.0
1513 39772950528.0
1514 39772950528.0
1515 39772950528.0
1516 39772950528.0
1517 39772950528.0
1518 39772950528.0
1519 39772950528.0
1520 39772950528.0
1521 39772950528.0
1522 39772950528.0
1523 39772950528.0
1524 39772950528.0
1525 39772950528.0
1526 39772950528.0
1527 39772950528.0
1528 39772950528.0
1529 39772950528.0
1530 39772950528.0
1531 39772950528.0
1532 39772950528.0
1533 39772950528.0
1534 39772950528.0
1535 39772950528.0
1536 39772950528.0
1537 39772950528.0
1538 39772950528.0
1539 39772950528.0
1540 39772950528.0
1541 39772950528.0
1542 39772950528.0
1543 39772950528.0
1544 39772950528.0
1545 39772950528.0
1546 39772950528.0
1547 39772950528.0
1548 39772950528.0
1549 39772950528.0
1550 39772950528.0
1551 39772950528.0
1552 39772950528.0
1553 39772950528.0
1554 39772950528.0
1555 39772950528.0
1556 39772950528.0
1557 39772950528.0
1558 39772950528.0
1559 39772950528.0
1560 39772950528.0
1561 39772950528.0
1562 39772950528.0
1563 39772950528.0
1564 39772950528.0
1565 39772950528.0
1566 39772950528.0
1567 39772950528.0
1568 39772950528.0
1569 39772950528.0
1570 39772950528.0
1571 39772950528.0
1572 39772950528.0
1573 39772950528.0
1574 39772950528.0
1575 39772950528.0
1576 39772950528.0
1577 39772950528.0
1578 39772950528.0
1579 39772950528.0
1580 39772950528.0
1581 39772950528.0
1582 39772950528.0
1583 39772950528.0
1584 39772950528.0
1585 39772950528.0
1586 39772950528.0
1587 39772950528.0
1588 39772950528.0
1589 39772950528.0
1590 39772950528.0
1591 39772950528.0
1592 39772950528.0
1593 39772950528.0
1594 39772950528.0
1595 39772950528.0
1596 39772950528.0
1597 39772950528.0
1598 39772950528.0
1599 39772950528.0
1600 39772950528.0
1601 39772950528.0
1602 39772950528.0
1603 39772950528.0
1604 39772950528.0
1605 39772950528.0
1606 39772950528.0
1607 39772950528.0
1608 39772950528.0
1609 39772950528.0
1610 39772950528.0
1611 39772950528.0
1612 39772950528.0
1613 39772950528.0
1614 39772950528.0
1615 39772950528.0
1616 39772950528.0
1617 39772950528.0
1618 39772950528.0
1619 39772950528.0
1620 39772950528.0
1621 39772950528.0
1622 39772950528.0
1623 39772950528.0
1624 39772950528.0
1625 39772950528.0
1626 39772950528.0
1627 39772950528.0
1628 39772950528.0
1629 39772950528.0
1630 39772950528.0
1631 39772950528.0
1632 39772950528.0
1633 39772950528.0
1634 39772950528.0
1635 39772950528.0
1636 39772950528.0
1637 39772950528.0
1638 39772950528.0
1639 39772950528.0
1640 39772950528.0
1641 39772950528.0
1642 39772950528.0
1643 39772950528.0
1644 39772950528.0
1645 39772950528.0
1646 39772950528.0
1647 39772950528.0
1648 39772950528.0
1649 39772950528.0
1650 39772950528.0
1651 39772950528.0
1652 39772950528.0
1653 39772950528.0
1654 39772950528.0
1655 39772950528.0
1656 39772950528.0
1657 39772950528.0
1658 39772950528.0
1659 39772950528.0
1660 39772950528.0
1661 39772950528.0
1662 39772950528.0
1663 39772950528.0
1664 39772950528.0
1665 39772950528.0
1666 39772950528.0
1667 39772950528.0
1668 39772950528.0
1669 39772950528.0
1670 39772950528.0
1671 39772950528.0
1672 39772950528.0
1673 39772950528.0
1674 39772950528.0
1675 39772950528.0
1676 39772950528.0
1677 39772950528.0
1678 39772950528.0
1679 39772950528.0
1680 39772950528.0
1681 39772950528.0
1682 39772950528.0
1683 39772950528.0
1684 39772950528.0
1685 39772950528.0
1686 39772950528.0
1687 39772950528.0
1688 39772950528.0
1689 39772950528.0
1690 39772950528.0
1691 39772950528.0
1692 39772950528.0
1693 39772950528.0
1694 39772950528.0
1695 39772950528.0
1696 39772950528.0
1697 39772950528.0
1698 39772950528.0
1699 39772950528.0
1700 39772950528.0
1701 39772950528.0
1702 39772950528.0
1703 39772950528.0
1704 39772950528.0
1705 39772950528.0
1706 39772950528.0
1707 39772950528.0
1708 39772950528.0
1709 39772950528.0
1710 39772950528.0
1711 39772950528.0
1712 39772950528.0
1713 39772950528.0
1714 39772950528.0
1715 39772950528.0
1716 39772950528.0
1717 39772950528.0
1718 39772950528.0
1719 39772950528.0
1720 39772950528.0
1721 39772950528.0
1722 39772950528.0
1723 39772950528.0
1724 39772950528.0
1725 39772950528.0
1726 39772950528.0
1727 39772950528.0
1728 39772950528.0
1729 39772950528.0
1730 39772950528.0
1731 39772950528.0
1732 39772950528.0
1733 39772950528.0
1734 39772950528.0
1735 39772950528.0
1736 39772950528.0
1737 39772950528.0
1738 39772950528.0
1739 39772950528.0
1740 39772950528.0
1741 39772950528.0
1742 39772950528.0
