0 102428672.0
1 399544320.0
2 399544320.0
3 399544320.0
4 399544320.0
5 399544320.0
6 399544320.0
7 399544320.0
8 399544320.0
9 399544320.0
10 399544320.0
11 399544320.0
12 399544320.0
13 399544320.0
14 600870912.0
15 600870912.0
16 600870912.0
17 600870912.0
18 600870912.0
19 600870912.0
20 600870912.0
21 600870912.0
22 600870912.0
23 600870912.0
24 600870912.0
25 600870912.0
26 600870912.0
27 600870912.0
28 600870912.0
29 600870912.0
30 600870912.0
31 600870912.0
32 600870912.0
33 600870912.0
34 600870912.0
35 600870912.0
36 600870912.0
37 600870912.0
38 600870912.0
39 600870912.0
40 600870912.0
41 600870912.0
42 600870912.0
43 600870912.0
44 600870912.0
45 600870912.0
46 600870912.0
47 600870912.0
48 600870912.0
49 600870912.0
50 600870912.0
51 600870912.0
52 600870912.0
53 600870912.0
54 600870912.0
55 1949360128.0
56 3026055168.0
57 4619255808.0
58 4619255808.0
59 4619255808.0
60 4619255808.0
61 4619255808.0
62 4619255808.0
63 4619255808.0
64 4619255808.0
65 4619255808.0
66 4636041216.0
67 4636041216.0
68 4636041216.0
69 4636041216.0
70 4636041216.0
71 4636041216.0
72 4636041216.0
73 4636041216.0
74 4636041216.0
75 4636041216.0
76 4661219328.0
77 4652826624.0
78 4652826624.0
79 4652826624.0
80 4652826624.0
81 4652826624.0
82 4652826624.0
83 4652826624.0
84 4652826624.0
85 4652826624.0
86 4669612032.0
87 4669612032.0
88 4669612032.0
89 4669612032.0
90 4669612032.0
91 4669612032.0
92 4669612032.0
93 4669612032.0
94 4669612032.0
95 4669612032.0
96 4896116736.0
97 4887724032.0
98 4887724032.0
99 4887724032.0
100 4887724032.0
101 4887724032.0
102 4887724032.0
103 4887724032.0
104 4887724032.0
105 4887724032.0
106 5047119872.0
107 5038727168.0
108 5038727168.0
109 5038727168.0
110 5038727168.0
111 5038727168.0
112 5038727168.0
113 5038727168.0
114 5038727168.0
115 5038727168.0
116 6104141824.0
117 7765143552.0
118 7765143552.0
119 7765143552.0
120 7765143552.0
121 7765143552.0
122 7765143552.0
123 7765143552.0
124 7765143552.0
125 7765143552.0
126 7807107072.0
127 7790321664.0
128 7790321664.0
129 7790321664.0
130 7790321664.0
131 7790321664.0
132 7790321664.0
133 7790321664.0
134 7790321664.0
135 7790321664.0
136 7798714368.0
137 7815499776.0
138 7815499776.0
139 7815499776.0
140 7815499776.0
141 7815499776.0
142 7815499776.0
143 7815499776.0
144 7815499776.0
145 7815499776.0
146 7815499776.0
147 7974895616.0
148 7974895616.0
149 7974895616.0
150 7974895616.0
151 7974895616.0
152 7974895616.0
153 7974895616.0
154 7974895616.0
155 7974895616.0
156 7974895616.0
157 8201400320.0
158 8201400320.0
159 8201400320.0
160 8201400320.0
161 8201400320.0
162 8201400320.0
163 8201400320.0
164 8201400320.0
165 8201400320.0
166 8201400320.0
167 8696340480.0
168 8696340480.0
169 8696340480.0
170 8696340480.0
171 8696340480.0
172 8696340480.0
173 8696340480.0
174 8696340480.0
175 8696340480.0
176 9535250432.0
177 11624148992.0
178 11515043840.0
179 11515043840.0
180 11515043840.0
181 11515043840.0
182 11515043840.0
183 11515043840.0
184 11515043840.0
185 11515043840.0
186 11515043840.0
187 11548614656.0
188 11548614656.0
189 11548614656.0
190 11548614656.0
191 11548614656.0
192 11548614656.0
193 11548614656.0
194 11548614656.0
195 11548614656.0
196 11548614656.0
197 11607363584.0
198 11582185472.0
199 11582185472.0
200 11582185472.0
201 11582185472.0
202 11582185472.0
203 11582185472.0
204 11582185472.0
205 11582185472.0
206 11582185472.0
207 11934547968.0
208 11884191744.0
209 11884191744.0
210 11884191744.0
211 11884191744.0
212 11884191744.0
213 11884191744.0
214 11884191744.0
215 11884191744.0
216 11884191744.0
217 12236554240.0
218 12186198016.0
219 12186198016.0
220 12186198016.0
221 12186198016.0
222 12186198016.0
223 12186198016.0
224 12186198016.0
225 12186198016.0
226 12186198016.0
227 12387557376.0
228 12353986560.0
229 12353986560.0
230 12353986560.0
231 12353986560.0
232 12353986560.0
233 12353986560.0
234 12353986560.0
235 13369077760.0
236 13671051264.0
237 15776735232.0
238 15667630080.0
239 15667630080.0
240 15667630080.0
241 15667630080.0
242 15667630080.0
243 15667630080.0
244 15667630080.0
245 15667630080.0
246 15667630080.0
247 15759949824.0
248 15709593600.0
249 15709593600.0
250 15709593600.0
251 15709593600.0
252 15709593600.0
253 15709593600.0
254 15709593600.0
255 15709593600.0
256 15709593600.0
257 16003239936.0
258 15952883712.0
259 15952883712.0
260 15952883712.0
261 15952883712.0
262 15952883712.0
263 15952883712.0
264 15952883712.0
265 15952883712.0
266 15952883712.0
267 16758255616.0
268 16665935872.0
269 16665935872.0
270 16665935872.0
271 16665935872.0
272 16665935872.0
273 16665935872.0
274 16665935872.0
275 16665935872.0
276 16665935872.0
277 16733077504.0
278 16707899392.0
279 16707899392.0
280 16707899392.0
281 16707899392.0
282 16707899392.0
283 16707899392.0
284 16707899392.0
285 16707899392.0
286 16707899392.0
287 16716292096.0
288 17152516096.0
289 17152516096.0
290 17152516096.0
291 17152516096.0
292 17152516096.0
293 17152516096.0
294 17152516096.0
295 17152516096.0
296 17152516096.0
297 18477973504.0
298 19618922496.0
299 19618922496.0
300 19618922496.0
301 19618922496.0
302 19618922496.0
303 19618922496.0
304 19618922496.0
305 19618922496.0
306 19618922496.0
307 19618922496.0
308 19660886016.0
309 19660886016.0
310 19660886016.0
311 19660886016.0
312 19660886016.0
313 19660886016.0
314 19660886016.0
315 19660886016.0
316 19660886016.0
317 19660886016.0
318 19711242240.0
319 19711242240.0
320 19711242240.0
321 19711242240.0
322 19711242240.0
323 19711242240.0
324 19711242240.0
325 19711242240.0
326 19711242240.0
327 19711242240.0
328 19761598464.0
329 19761598464.0
330 19761598464.0
331 19761598464.0
332 19761598464.0
333 19761598464.0
334 19761598464.0
335 19761598464.0
336 19761598464.0
337 19761598464.0
338 19879096320.0
339 19811954688.0
340 19811954688.0
341 19811954688.0
342 19811954688.0
343 19811954688.0
344 19811954688.0
345 19811954688.0
346 19811954688.0
347 19811954688.0
348 19979808768.0
349 19862310912.0
350 19862310912.0
351 19862310912.0
352 19862310912.0
353 19862310912.0
354 19862310912.0
355 19862310912.0
356 19988201472.0
357 20114092032.0
358 20290338816.0
359 20206411776.0
360 20206411776.0
361 20206411776.0
362 20206411776.0
363 20206411776.0
364 20206411776.0
365 20206411776.0
366 20206411776.0
367 20206411776.0
368 20340695040.0
369 20265160704.0
370 20265160704.0
371 20265160704.0
372 20265160704.0
373 20265160704.0
374 20265160704.0
375 20265160704.0
376 20265160704.0
377 20265160704.0
378 20441407488.0
379 20323909632.0
380 20323909632.0
381 20323909632.0
382 20323909632.0
383 20323909632.0
384 20323909632.0
385 20323909632.0
386 20323909632.0
387 20323909632.0
388 20449800192.0
389 20382658560.0
390 20382658560.0
391 20382658560.0
392 20382658560.0
393 20382658560.0
394 20382658560.0
395 20382658560.0
396 20382658560.0
397 20382658560.0
398 20466585600.0
399 20441407488.0
400 20441407488.0
401 20441407488.0
402 20441407488.0
403 20441407488.0
404 20441407488.0
405 20441407488.0
406 20441407488.0
407 20441407488.0
408 20466585600.0
409 20500156416.0
410 20500156416.0
411 20500156416.0
412 20500156416.0
413 20500156416.0
414 20500156416.0
415 20500156416.0
416 20634439680.0
417 20835864576.0
418 20768722944.0
419 20869435392.0
420 20869435392.0
421 20869435392.0
422 20869435392.0
423 20869435392.0
424 20869435392.0
425 20869435392.0
426 20869435392.0
427 20869435392.0
428 20869435392.0
429 20961755136.0
430 20936577024.0
431 20936577024.0
432 20936577024.0
433 20936577024.0
434 20936577024.0
435 20936577024.0
436 20936577024.0
437 20936577024.0
438 20936577024.0
439 21054074880.0
440 21003718656.0
441 21003718656.0
442 21070827520.0
443 21070827520.0
444 21070827520.0
445 21070827520.0
446 21070827520.0
447 21070827520.0
448 21070827520.0
449 21238681600.0
450 21137969152.0
451 21137969152.0
452 21137969152.0
453 21137969152.0
454 21137969152.0
455 21137969152.0
456 21137969152.0
457 21137969152.0
458 21137969152.0
459 21356179456.0
460 21205110784.0
461 21205110784.0
462 21205110784.0
463 21205110784.0
464 21205110784.0
465 21205110784.0
466 21205110784.0
467 21205110784.0
468 21205110784.0
469 21347786752.0
470 21272252416.0
471 21272252416.0
472 21272252416.0
473 21272252416.0
474 21339426816.0
475 20903006208.0
476 20903006208.0
477 20903006208.0
478 20903006208.0
479 20995325952.0
480 20961755136.0
481 20961755136.0
482 20961755136.0
483 20961755136.0
484 20961755136.0
485 20961755136.0
486 20961755136.0
487 20961755136.0
488 20961755136.0
489 21020504064.0
490 21020504064.0
491 21020504064.0
492 21020504064.0
493 21020504064.0
494 21020504064.0
495 21020504064.0
496 21020504064.0
497 21020504064.0
498 21020504064.0
499 21028896768.0
500 21079252992.0
501 21079252992.0
502 21079252992.0
503 21079252992.0
504 21079252992.0
505 21079252992.0
506 21079252992.0
507 21079252992.0
508 21079252992.0
509 21079252992.0
510 21138001920.0
511 21138001920.0
512 21138001920.0
513 21138001920.0
514 21138001920.0
515 21138001920.0
516 21138001920.0
517 21138001920.0
518 21138001920.0
519 21138001920.0
520 21196750848.0
521 21196750848.0
522 21196750848.0
523 21196750848.0
524 21196750848.0
525 21196750848.0
526 21196750848.0
527 21196750848.0
528 21196750848.0
529 21196750848.0
530 21255499776.0
531 21255499776.0
532 21255499776.0
533 21255499776.0
534 21356212224.0
535 20961755136.0
536 20961755136.0
537 20961755136.0
538 20961755136.0
539 20961755136.0
540 21012111360.0
541 21012111360.0
542 21012111360.0
543 21012111360.0
544 21012111360.0
545 21012111360.0
546 21012111360.0
547 21012111360.0
548 21012111360.0
549 21012111360.0
550 21146394624.0
551 21062467584.0
552 21062467584.0
553 21062467584.0
554 21062467584.0
555 21062467584.0
556 21062467584.0
557 21062467584.0
558 21062467584.0
559 21062467584.0
560 21213536256.0
561 21112823808.0
562 21112823808.0
563 21112823808.0
564 21112823808.0
565 21112823808.0
566 21112823808.0
567 21112823808.0
568 21112823808.0
569 21112823808.0
570 21238714368.0
571 21163180032.0
572 21163180032.0
573 21163180032.0
574 21163180032.0
575 21163180032.0
576 21163180032.0
577 21163180032.0
578 21163180032.0
579 21163180032.0
580 21272285184.0
581 21213536256.0
582 21213536256.0
583 21213536256.0
584 21213536256.0
585 21213536256.0
586 21213536256.0
587 21213536256.0
588 21213536256.0
589 21213536256.0
590 21398175744.0
591 21263892480.0
592 21263892480.0
593 21263892480.0
594 20995325952.0
595 20995325952.0
596 20995325952.0
597 20995325952.0
598 20995325952.0
599 20995325952.0
600 21070860288.0
601 21037289472.0
602 21037289472.0
603 21037289472.0
604 21037289472.0
605 21037289472.0
606 21037289472.0
607 21037289472.0
608 21037289472.0
609 21037289472.0
610 21062467584.0
611 21079252992.0
612 21079252992.0
613 21079252992.0
614 21079252992.0
615 21079252992.0
616 21079252992.0
617 21079252992.0
618 21079252992.0
619 21079252992.0
620 21079252992.0
621 21121216512.0
622 21121216512.0
623 21121216512.0
624 21121216512.0
625 21121216512.0
626 21121216512.0
627 21121216512.0
628 21121216512.0
629 21121216512.0
630 21121216512.0
631 21163180032.0
632 21163180032.0
633 21163180032.0
634 21163180032.0
635 21163180032.0
636 21163180032.0
637 21163180032.0
638 21163180032.0
639 21163180032.0
640 21163180032.0
641 21205143552.0
642 21205143552.0
643 21205143552.0
644 21205143552.0
645 21205143552.0
646 21205143552.0
647 21205143552.0
648 21205143552.0
649 21205143552.0
650 21205143552.0
651 21247107072.0
652 21247107072.0
653 21247107072.0
654 20995325952.0
655 20995325952.0
656 20995325952.0
657 20995325952.0
658 20995325952.0
659 20995325952.0
660 20995325952.0
661 21028896768.0
662 21028896768.0
663 21028896768.0
664 21028896768.0
665 21028896768.0
666 21028896768.0
667 21028896768.0
668 21028896768.0
669 21028896768.0
670 21028896768.0
671 21096038400.0
672 21062467584.0
673 21062467584.0
674 21062467584.0
675 21062467584.0
676 21062467584.0
677 21062467584.0
678 21062467584.0
679 21062467584.0
680 21062467584.0
681 21179965440.0
682 21096038400.0
683 21096038400.0
684 21096038400.0
685 21096038400.0
686 21096038400.0
687 21096038400.0
688 21096038400.0
689 21096038400.0
690 21096038400.0
691 21163180032.0
692 21129609216.0
693 21129609216.0
694 21129609216.0
695 21129609216.0
696 21129609216.0
697 21129609216.0
698 21129609216.0
699 21129609216.0
700 21129609216.0
701 21196750848.0
702 21163180032.0
703 21163180032.0
704 21163180032.0
705 21163180032.0
706 21163180032.0
707 21163180032.0
708 21163180032.0
709 21163180032.0
710 21163180032.0
711 21263892480.0
712 21196750848.0
713 21196750848.0
714 20961755136.0
715 20961755136.0
716 20961755136.0
717 20961755136.0
718 20961755136.0
719 20961755136.0
720 20961755136.0
721 21003718656.0
722 20986933248.0
723 20986933248.0
724 20986933248.0
725 20986933248.0
726 20986933248.0
727 20986933248.0
728 20986933248.0
729 20986933248.0
730 20986933248.0
731 21070860288.0
732 21012111360.0
733 21012111360.0
734 21012111360.0
735 21012111360.0
736 21012111360.0
737 21012111360.0
738 21012111360.0
739 21012111360.0
740 21012111360.0
741 21054074880.0
742 21037289472.0
743 21037289472.0
744 21037289472.0
745 21037289472.0
746 21037289472.0
747 21037289472.0
748 21037289472.0
749 21037289472.0
750 21037289472.0
751 21070860288.0
752 21062467584.0
753 21062467584.0
754 21062467584.0
755 21062467584.0
756 21062467584.0
757 21062467584.0
758 21062467584.0
759 21062467584.0
760 21062467584.0
761 21070860288.0
762 21087645696.0
763 21087645696.0
764 21087645696.0
765 21087645696.0
766 21087645696.0
767 21087645696.0
768 21087645696.0
769 21087645696.0
770 21087645696.0
771 21087645696.0
772 21112823808.0
773 21112823808.0
774 20894613504.0
775 20894613504.0
776 20894613504.0
777 20894613504.0
778 20894613504.0
779 20894613504.0
780 20894613504.0
781 20894613504.0
782 20894613504.0
783 20894613504.0
784 20894613504.0
785 20894613504.0
786 20894613504.0
787 20894613504.0
788 20894613504.0
789 20894613504.0
790 20894613504.0
791 20894613504.0
792 20919791616.0
793 20919791616.0
794 20919791616.0
795 20919791616.0
796 20919791616.0
797 20919791616.0
798 20919791616.0
799 20919791616.0
800 20919791616.0
801 20919791616.0
802 20944969728.0
803 20944969728.0
804 20944969728.0
805 20944969728.0
806 20944969728.0
807 20944969728.0
808 20944969728.0
809 20944969728.0
810 20944969728.0
811 20944969728.0
812 20961755136.0
813 20961755136.0
814 20961755136.0
815 20961755136.0
816 20961755136.0
817 20961755136.0
818 20961755136.0
819 20961755136.0
820 20961755136.0
821 20961755136.0
822 20978540544.0
823 20978540544.0
824 20978540544.0
825 20978540544.0
826 20978540544.0
827 20978540544.0
828 20978540544.0
829 20978540544.0
830 20978540544.0
831 20978540544.0
832 20995325952.0
833 20995325952.0
834 20995325952.0
835 20700139520.0
836 20700139520.0
837 20700139520.0
838 20700139520.0
839 20700139520.0
840 20700139520.0
841 20700139520.0
842 20700139520.0
843 20700139520.0
844 20700139520.0
845 20700139520.0
846 20700139520.0
847 20700139520.0
848 20700139520.0
849 20700139520.0
850 20691746816.0
851 20691746816.0
852 20691746816.0
853 20691746816.0
854 20691746816.0
855 20691746816.0
856 20691746816.0
857 20691746816.0
858 20691746816.0
859 20691746816.0
860 20691746816.0
861 20691746816.0
862 20691746816.0
863 20691746816.0
864 20691746816.0
865 20691746816.0
866 20691746816.0
867 20691746816.0
868 20691746816.0
869 20691746816.0
870 20691746816.0
871 20691746816.0
872 20691746816.0
873 20691746816.0
874 20691746816.0
875 20691746816.0
876 20691746816.0
877 20691746816.0
878 20691746816.0
879 20691746816.0
880 20691746816.0
881 20691746816.0
882 20691746816.0
883 20691746816.0
884 20691746816.0
885 20691746816.0
886 20691746816.0
887 20691746816.0
888 20691746816.0
889 20691746816.0
890 20691746816.0
891 20691746816.0
892 20691746816.0
893 20691746816.0
894 20691746816.0
895 20901564416.0
896 20901564416.0
897 20901564416.0
898 20901564416.0
899 20901564416.0
900 20901564416.0
901 20708532224.0
902 20926742528.0
903 21086203904.0
904 21019062272.0
905 21019062272.0
906 21019062272.0
907 21019062272.0
908 21019062272.0
909 21019062272.0
910 21019062272.0
911 21019062272.0
912 21035847680.0
913 21035847680.0
914 21035847680.0
915 21035847680.0
916 21035847680.0
917 21035847680.0
918 21035847680.0
919 21035847680.0
920 21035847680.0
921 21035847680.0
922 21052633088.0
923 21052633088.0
924 21052633088.0
925 21052633088.0
926 21052633088.0
927 21052633088.0
928 21052633088.0
929 21052633088.0
930 21052633088.0
931 21052633088.0
932 21069418496.0
933 21069418496.0
934 21069418496.0
935 21069418496.0
936 21069418496.0
937 21069418496.0
938 21069418496.0
939 21069418496.0
940 21069418496.0
941 21069418496.0
942 21086203904.0
943 21086203904.0
944 21086203904.0
945 21086203904.0
946 21086203904.0
947 21086203904.0
948 21086203904.0
949 21086203904.0
950 21086203904.0
951 21086203904.0
952 21086203904.0
953 21102989312.0
954 21178523648.0
955 21195309056.0
956 21287628800.0
957 21287628800.0
958 21287628800.0
959 21287628800.0
960 21287628800.0
961 21287628800.0
962 21287628800.0
963 21346377728.0
964 21346377728.0
965 21346377728.0
966 21346377728.0
967 21346377728.0
968 21346377728.0
969 21346377728.0
970 21346377728.0
971 21346377728.0
972 21346377728.0
973 21371555840.0
974 21371555840.0
975 21371555840.0
976 21371555840.0
977 21371555840.0
978 21371555840.0
979 21371555840.0
980 21371555840.0
981 21371555840.0
982 21371555840.0
983 21396733952.0
984 21396733952.0
985 21396733952.0
986 21396733952.0
987 21396733952.0
988 21396733952.0
989 21396733952.0
990 21396733952.0
991 21396733952.0
992 21396733952.0
993 21421912064.0
994 21421912064.0
995 21421912064.0
996 21421912064.0
997 21421912064.0
998 21421912064.0
999 21421912064.0
1000 21421912064.0
1001 21421912064.0
1002 21421912064.0
1003 21447090176.0
1004 21447090176.0
1005 21447090176.0
1006 21447090176.0
1007 21447090176.0
1008 21447090176.0
1009 21447090176.0
1010 21447090176.0
1011 21447090176.0
1012 21447090176.0
1013 21472268288.0
1014 21472268288.0
1015 21614944256.0
1016 21589766144.0
1017 21740802048.0
1018 21740802048.0
1019 21740802048.0
1020 21740802048.0
1021 21740802048.0
1022 21740802048.0
1023 21807943680.0
1024 21807943680.0
1025 21807943680.0
1026 21807943680.0
1027 21807943680.0
1028 21807943680.0
1029 21807943680.0
1030 21807943680.0
1031 21807943680.0
1032 21807943680.0
1033 21866692608.0
1034 21841514496.0
1035 21841514496.0
1036 21841514496.0
1037 21841514496.0
1038 21841514496.0
1039 21841514496.0
1040 21841514496.0
1041 21841514496.0
1042 21841514496.0
1043 21959012352.0
1044 21875085312.0
1045 21875085312.0
1046 21875085312.0
1047 21875085312.0
1048 21875085312.0
1049 21875085312.0
1050 21875085312.0
1051 21875085312.0
1052 21875085312.0
1053 21942226944.0
1054 21908656128.0
1055 21908656128.0
1056 21908656128.0
1057 21908656128.0
1058 21908656128.0
1059 21908656128.0
1060 21908656128.0
1061 21908656128.0
1062 21908656128.0
1063 21975797760.0
1064 21942226944.0
1065 21942226944.0
1066 21942226944.0
1067 21942226944.0
1068 21942226944.0
1069 21942226944.0
1070 21942226944.0
1071 21942226944.0
1072 21942226944.0
1073 22009368576.0
1074 21975797760.0
1075 22152044544.0
1076 22261149696.0
1077 22194008064.0
1078 22194008064.0
1079 22194008064.0
1080 22194008064.0
1081 22194008064.0
1082 22194008064.0
1083 22361862144.0
1084 22269542400.0
1085 22269542400.0
1086 22269542400.0
1087 22269542400.0
1088 22269542400.0
1089 22269542400.0
1090 22269542400.0
1091 22269542400.0
1092 22269542400.0
1093 22361862144.0
1094 22311505920.0
1095 22311505920.0
1096 22311505920.0
1097 22311505920.0
1098 22311505920.0
1099 22311505920.0
1100 22311505920.0
1101 22311505920.0
1102 22311505920.0
1103 22370254848.0
1104 22353469440.0
1105 22353469440.0
1106 22353469440.0
1107 22353469440.0
1108 22353469440.0
1109 22353469440.0
1110 22353469440.0
1111 22353469440.0
1112 22353469440.0
1113 22361862144.0
1114 22395432960.0
1115 22395432960.0
1116 22395432960.0
1117 22395432960.0
1118 22395432960.0
1119 22395432960.0
1120 22395432960.0
1121 22395432960.0
1122 22395432960.0
1123 22395432960.0
1124 22437396480.0
1125 22437396480.0
1126 22437396480.0
1127 22437396480.0
1128 22437396480.0
1129 22437396480.0
1130 22437396480.0
1131 22437396480.0
1132 22437396480.0
1133 22437396480.0
1134 22479360000.0
1135 22479360000.0
1136 22596857856.0
1137 22781464576.0
1138 22781464576.0
1139 22781464576.0
1140 22781464576.0
1141 22781464576.0
1142 22781464576.0
1143 22781464576.0
1144 22865391616.0
1145 22865391616.0
1146 22865391616.0
1147 22865391616.0
1148 22865391616.0
1149 22865391616.0
1150 22865391616.0
1151 22865391616.0
1152 22865391616.0
1153 22865391616.0
1154 22974496768.0
1155 22915747840.0
1156 22915747840.0
1157 22915747840.0
1158 22915747840.0
1159 22915747840.0
1160 22915747840.0
1161 22915747840.0
1162 22915747840.0
1163 22915747840.0
1164 23033245696.0
1165 22966104064.0
1166 22966104064.0
1167 22966104064.0
1168 22966104064.0
1169 22966104064.0
1170 22966104064.0
1171 22966104064.0
1172 22966104064.0
1173 22966104064.0
1174 23083601920.0
1175 23016460288.0
1176 23016460288.0
1177 23016460288.0
1178 23016460288.0
1179 23016460288.0
1180 23016460288.0
1181 23016460288.0
1182 23016460288.0
1183 23016460288.0
1184 23133958144.0
1185 23066816512.0
1186 23066816512.0
1187 23066816512.0
1188 23066816512.0
1189 23066816512.0
1190 23066816512.0
1191 23066816512.0
1192 23066816512.0
1193 23066816512.0
1194 23251456000.0
1195 23243063296.0
1196 23436095488.0
1197 23368953856.0
1198 23368953856.0
1199 23368953856.0
1200 23368953856.0
1201 23368953856.0
1202 23368953856.0
1203 23368953856.0
1204 23536807936.0
1205 23461273600.0
1206 23461273600.0
1207 23461273600.0
1208 23461273600.0
1209 23461273600.0
1210 23461273600.0
1211 23461273600.0
1212 23473000448.0
1213 23473000448.0
1214 23598891008.0
1215 23531749376.0
1216 23531749376.0
1217 23531749376.0
1218 23531749376.0
1219 23531749376.0
1220 23598858240.0
1221 23598858240.0
1222 23598858240.0
1223 23598858240.0
1224 23674392576.0
1225 23657607168.0
1226 23657607168.0
1227 23590498304.0
1228 23590498304.0
1229 23590498304.0
1230 23590498304.0
1231 23590498304.0
1232 23590498304.0
1233 23590498304.0
1234 23590498304.0
1235 23649247232.0
1236 23649247232.0
1237 23649247232.0
1238 23649247232.0
1239 23649247232.0
1240 23649247232.0
1241 23649247232.0
1242 23649247232.0
1243 23649247232.0
1244 23649247232.0
1245 23741566976.0
1246 23707996160.0
1247 23707996160.0
1248 23707996160.0
1249 23707996160.0
1250 23707996160.0
1251 23707996160.0
1252 23707996160.0
1253 23707996160.0
1254 23707996160.0
1255 23850672128.0
1256 23988236288.0
1257 24117407744.0
1258 24157855744.0
1259 24157855744.0
1260 24157855744.0
1261 24157855744.0
1262 24157855744.0
1263 24157855744.0
1264 24157855744.0
1265 24376066048.0
1266 24258568192.0
1267 24258568192.0
1268 24258568192.0
1269 24258568192.0
1270 24258568192.0
1271 24258568192.0
1272 24258568192.0
1273 24258568192.0
1274 24258568192.0
1275 24426422272.0
1276 24325709824.0
1277 24325709824.0
1278 24325709824.0
1279 24325709824.0
1280 24325709824.0
1281 24325709824.0
1282 24325709824.0
1283 24325709824.0
1284 24325709824.0
1285 24535527424.0
1286 24392851456.0
1287 24392851456.0
1288 24392851456.0
1289 24392851456.0
1290 24392851456.0
1291 24392851456.0
1292 24392851456.0
1293 24392851456.0
1294 24392851456.0
1295 24527134720.0
1296 24459993088.0
1297 24459993088.0
1298 24459993088.0
1299 24459993088.0
1300 24459993088.0
1301 24459993088.0
1302 24459993088.0
1303 24459993088.0
1304 24459993088.0
1305 24661417984.0
1306 24527134720.0
1307 24527134720.0
1308 24527134720.0
1309 24527134720.0
1310 24527134720.0
1311 24527134720.0
1312 24527134720.0
1313 24527134720.0
1314 24653025280.0
1315 24359280640.0
1316 24283746304.0
1317 24283746304.0
1318 24283746304.0
1319 24283746304.0
1320 24283746304.0
1321 24283746304.0
1322 24283746304.0
1323 24283746304.0
1324 24283746304.0
1325 24325709824.0
1326 24342495232.0
1327 24342495232.0
1328 24342495232.0
1329 24342495232.0
1330 24342495232.0
1331 24342495232.0
1332 24342495232.0
1333 24342495232.0
1334 24342495232.0
1335 24342495232.0
1336 24401244160.0
1337 24401244160.0
1338 24401244160.0
1339 24401244160.0
1340 24401244160.0
1341 24401244160.0
1342 24401244160.0
1343 24401244160.0
1344 24401244160.0
1345 24401244160.0
1346 24459993088.0
1347 24459993088.0
1348 24459993088.0
1349 24459993088.0
1350 24459993088.0
1351 24459993088.0
1352 24459993088.0
1353 24459993088.0
1354 24459993088.0
1355 24459993088.0
1356 24543920128.0
1357 24518742016.0
1358 24518742016.0
1359 24518742016.0
1360 24518742016.0
1361 24518742016.0
1362 24518742016.0
1363 24518742016.0
1364 24518742016.0
1365 24518742016.0
1366 24636239872.0
1367 24577490944.0
1368 24577490944.0
1369 24577490944.0
1370 24577490944.0
1371 24577490944.0
1372 24577490944.0
1373 24577490944.0
1374 24292139008.0
1375 24292139008.0
1376 24426422272.0
1377 24342495232.0
1378 24342495232.0
1379 24342495232.0
1380 24342495232.0
1381 24342495232.0
1382 24342495232.0
1383 24342495232.0
1384 24342495232.0
1385 24342495232.0
1386 24459993088.0
1387 24392851456.0
1388 24392851456.0
1389 24392851456.0
1390 24392851456.0
1391 24392851456.0
1392 24392851456.0
1393 24392851456.0
1394 24392851456.0
1395 24392851456.0
1396 24451600384.0
1397 24443207680.0
1398 24443207680.0
1399 24443207680.0
1400 24443207680.0
1401 24443207680.0
1402 24443207680.0
1403 24443207680.0
1404 24443207680.0
1405 24443207680.0
1406 24451600384.0
1407 24493563904.0
1408 24493563904.0
1409 24493563904.0
1410 24493563904.0
1411 24493563904.0
1412 24493563904.0
1413 24493563904.0
1414 24493563904.0
1415 24493563904.0
1416 24493563904.0
1417 24543920128.0
1418 24543920128.0
1419 24543920128.0
1420 24543920128.0
1421 24543920128.0
1422 24543920128.0
1423 24543920128.0
1424 24543920128.0
1425 24543920128.0
1426 24543920128.0
1427 24594276352.0
1428 24594276352.0
1429 24594276352.0
1430 24594276352.0
1431 24594276352.0
1432 24594276352.0
1433 24594276352.0
1434 24325709824.0
1435 24325709824.0
1436 24325709824.0
1437 24367673344.0
1438 24367673344.0
1439 24367673344.0
1440 24367673344.0
1441 24367673344.0
1442 24367673344.0
1443 24367673344.0
1444 24367673344.0
1445 24367673344.0
1446 24367673344.0
1447 24409636864.0
1448 24409636864.0
1449 24409636864.0
1450 24409636864.0
1451 24409636864.0
1452 24409636864.0
1453 24409636864.0
1454 24409636864.0
1455 24409636864.0
1456 24409636864.0
1457 24451600384.0
1458 24451600384.0
1459 24451600384.0
1460 24451600384.0
1461 24451600384.0
1462 24451600384.0
1463 24451600384.0
1464 24451600384.0
1465 24451600384.0
1466 24451600384.0
1467 24493563904.0
1468 24493563904.0
1469 24493563904.0
1470 24493563904.0
1471 24493563904.0
1472 24493563904.0
1473 24493563904.0
1474 24493563904.0
1475 24493563904.0
1476 24493563904.0
1477 24535527424.0
1478 24535527424.0
1479 24535527424.0
1480 24535527424.0
1481 24535527424.0
1482 24535527424.0
1483 24535527424.0
1484 24535527424.0
1485 24535527424.0
1486 24535527424.0
1487 24627847168.0
1488 24577490944.0
1489 24577490944.0
1490 24577490944.0
1491 24577490944.0
1492 24577490944.0
1493 24577490944.0
1494 24325709824.0
1495 24325709824.0
1496 24325709824.0
1497 24426422272.0
1498 24359280640.0
1499 24359280640.0
1500 24359280640.0
1501 24359280640.0
1502 24359280640.0
1503 24359280640.0
1504 24359280640.0
1505 24359280640.0
1506 24359280640.0
1507 24459993088.0
1508 24392851456.0
1509 24392851456.0
1510 24392851456.0
1511 24392851456.0
1512 24392851456.0
1513 24392851456.0
1514 24392851456.0
1515 24392851456.0
1516 24392851456.0
1517 24459993088.0
1518 24426422272.0
1519 24426422272.0
1520 24426422272.0
1521 24426422272.0
1522 24426422272.0
1523 24426422272.0
1524 24426422272.0
1525 24426422272.0
1526 24426422272.0
1527 24493563904.0
1528 24459993088.0
1529 24459993088.0
1530 24459993088.0
1531 24459993088.0
1532 24459993088.0
1533 24459993088.0
1534 24459993088.0
1535 24459993088.0
1536 24459993088.0
1537 24535527424.0
1538 24493563904.0
1539 24493563904.0
1540 24493563904.0
1541 24493563904.0
1542 24493563904.0
1543 24493563904.0
1544 24493563904.0
1545 24493563904.0
1546 24493563904.0
1547 24560705536.0
1548 24527134720.0
1549 24527134720.0
1550 24527134720.0
1551 24527134720.0
1552 24527134720.0
1553 24527134720.0
1554 24292139008.0
1555 24292139008.0
1556 24292139008.0
1557 24350887936.0
1558 24308924416.0
1559 24308924416.0
1560 24308924416.0
1561 24308924416.0
1562 24308924416.0
1563 24308924416.0
1564 24308924416.0
1565 24308924416.0
1566 24308924416.0
1567 24392851456.0
1568 24342495232.0
1569 24342495232.0
1570 24342495232.0
1571 24342495232.0
1572 24342495232.0
1573 24342495232.0
1574 24342495232.0
1575 24342495232.0
1576 24342495232.0
1577 24367673344.0
1578 24367673344.0
1579 24367673344.0
1580 24367673344.0
1581 24367673344.0
1582 24367673344.0
1583 24367673344.0
1584 24367673344.0
1585 24367673344.0
1586 24367673344.0
1587 24367673344.0
1588 24392851456.0
1589 24392851456.0
1590 24392851456.0
1591 24392851456.0
1592 24392851456.0
1593 24392851456.0
1594 24392851456.0
1595 24392851456.0
1596 24392851456.0
1597 24392851456.0
1598 24418029568.0
1599 24418029568.0
1600 24418029568.0
1601 24418029568.0
1602 24418029568.0
1603 24418029568.0
1604 24418029568.0
1605 24418029568.0
1606 24418029568.0
1607 24418029568.0
1608 24443207680.0
1609 24443207680.0
1610 24443207680.0
1611 24443207680.0
1612 24443207680.0
1613 24443207680.0
1614 24451600384.0
1615 24224997376.0
1616 24224997376.0
1617 24224997376.0
1618 24224997376.0
1619 24224997376.0
1620 24224997376.0
1621 24224997376.0
1622 24224997376.0
1623 24224997376.0
1624 24224997376.0
1625 24224997376.0
1626 24224997376.0
1627 24224997376.0
1628 24241782784.0
1629 24241782784.0
1630 24241782784.0
1631 24241782784.0
1632 24241782784.0
1633 24241782784.0
1634 24241782784.0
1635 24241782784.0
1636 24241782784.0
1637 24241782784.0
1638 24266960896.0
1639 24266960896.0
1640 24266960896.0
1641 24266960896.0
1642 24266960896.0
1643 24266960896.0
1644 24266960896.0
1645 24266960896.0
1646 24266960896.0
1647 24266960896.0
1648 24325709824.0
1649 24292139008.0
1650 24292139008.0
1651 24292139008.0
1652 24292139008.0
1653 24292139008.0
1654 24292139008.0
1655 24292139008.0
1656 24292139008.0
1657 24292139008.0
1658 24325709824.0
1659 24308924416.0
1660 24308924416.0
1661 24308924416.0
1662 24308924416.0
1663 24308924416.0
1664 24308924416.0
1665 24308924416.0
1666 24308924416.0
1667 24308924416.0
1668 24325709824.0
1669 24325709824.0
1670 24325709824.0
1671 24325709824.0
1672 24325709824.0
1673 24325709824.0
1674 24031965184.0
1675 24031965184.0
1676 24031965184.0
1677 24031965184.0
1678 24031965184.0
1679 24031965184.0
1680 24031965184.0
1681 24031965184.0
1682 24031965184.0
1683 24031965184.0
1684 24031965184.0
1685 24031965184.0
1686 24031965184.0
1687 24031965184.0
1688 24031965184.0
1689 24023572480.0
1690 24023572480.0
1691 24023572480.0
1692 24023572480.0
1693 24023572480.0
1694 24023572480.0
1695 24023572480.0
1696 24023572480.0
1697 24023572480.0
1698 24023572480.0
1699 24023572480.0
1700 24023572480.0
1701 24023572480.0
1702 24023572480.0
1703 24023572480.0
1704 24023572480.0
1705 24023572480.0
1706 24023572480.0
1707 24023572480.0
1708 24023572480.0
1709 24023572480.0
1710 24023572480.0
1711 24023572480.0
1712 24023572480.0
1713 24023572480.0
1714 24023572480.0
1715 24023572480.0
1716 24023572480.0
1717 24023572480.0
1718 24023572480.0
1719 24023572480.0
1720 24023572480.0
1721 24023572480.0
1722 24023572480.0
1723 24023572480.0
1724 24023572480.0
1725 24023572480.0
1726 24023572480.0
1727 24023572480.0
1728 24023572480.0
1729 24023572480.0
1730 24023572480.0
1731 24023572480.0
1732 24023572480.0
1733 24023572480.0
1734 24023572480.0
1735 24023572480.0
1736 24023572480.0
1737 24023572480.0
1738 24023572480.0
1739 24023572480.0
1740 24023572480.0
1741 24023572480.0
1742 24023572480.0
