5 0.0
6 244.2
7 250.0
8 387.0
9 122.8
10 6.0
11 1.0
12 107.1
13 226.9
14 2.0
15 2.0
16 2.0
17 2.0
18 2.0
19 4.0
20 1.0
21 2.0
22 5.0
23 71.9
24 2.0
25 2.0
26 2.0
27 1.0
28 2.0
29 15.0
30 11.0
31 2.0
32 1.0
33 3.0
34 1.0
35 2.0
36 0.0
37 2.0
38 1.0
39 2.0
40 1.0
41 2.0
42 1.0
43 2.0
44 1.0
45 1.0
46 2.0
47 1.0
48 2.0
49 2.0
50 1.0
51 1.0
52 2.0
53 1.0
54 1.0
55 1.0
56 2.0
57 2.0
58 2.0
59 1.0
60 1.0
61 3.0
62 2.0
63 1.0
64 1.0
65 2.0
66 2.0
67 1.0
68 2.0
69 2.0
70 20.0
71 55.0
72 94.9
73 2.0
74 1.0
75 1.0
76 2.0
77 1.0
78 1.0
79 2.0
80 1.0
81 1.0
82 7.0
83 2.0
84 1.0
85 2.0
86 1.0
87 1.0
88 2.0
89 2.0
90 1.0
91 1.0
92 9.0
93 2.0
94 1.0
95 1.0
96 2.0
97 0.0
98 2.0
99 1.0
100 2.0
101 1.0
102 10.0
103 1.0
104 2.0
105 1.0
106 1.0
107 2.0
108 2.0
109 1.0
110 2.0
111 1.0
112 8.0
113 2.0
114 0.0
115 2.0
116 2.0
117 1.0
118 2.0
119 1.0
120 2.0
121 1.0
122 7.0
123 1.0
124 2.0
125 1.0
126 1.0
127 1.0
128 1.0
129 1.0
130 88.0
131 19.0
132 73.0
133 1.0
134 2.0
135 1.0
136 1.0
137 1.0
138 1.0
139 1.0
140 2.0
141 0.0
142 10.0
143 1.0
144 1.0
145 1.0
146 1.0
147 1.0
148 1.0
149 4.0
150 2.0
151 0.0
152 9.0
153 2.0
154 1.0
155 0.0
156 2.0
157 0.0
158 2.0
159 2.0
160 1.0
161 1.0
162 6.0
163 2.0
164 1.0
165 2.0
166 1.0
167 1.0
168 1.0
169 1.0
170 1.0
171 1.0
172 4.0
173 7.0
174 1.0
175 1.0
176 2.0
177 0.0
178 2.0
179 2.0
180 2.0
181 0.0
182 2.0
183 7.0
184 1.0
185 1.0
186 1.0
187 1.0
188 1.0
189 24.0
190 46.0
191 86.0
192 1.0
193 15.0
194 0.0
195 1.0
196 1.0
197 0.0
198 2.0
199 1.0
200 1.0
201 1.0
202 1.0
203 7.0
204 1.0
205 0.0
206 2.0
207 0.0
208 2.0
209 0.0
210 1.0
211 1.0
212 1.0
213 9.0
214 1.0
215 1.0
216 1.0
217 1.0
218 1.0
219 1.0
220 1.0
221 0.0
222 1.0
223 11.0
224 1.0
225 1.0
226 1.0
227 1.0
228 1.0
229 1.0
230 1.0
231 1.0
232 1.0
233 7.0
234 1.0
235 1.0
236 1.0
237 1.0
238 1.0
239 1.0
240 0.0
241 2.0
242 1.0
243 15.0
244 1.0
245 0.0
246 2.0
247 1.0
248 1.0
249 1.0
250 55.0
251 10.0
252 42.0
253 9.0
254 0.0
255 1.0
256 1.0
257 2.0
258 1.0
259 1.0
260 2.0
261 0.0
262 1.0
263 9.0
264 1.0
265 1.0
266 1.0
267 2.0
268 0.0
269 1.0
270 1.0
271 1.0
272 1.0
273 8.0
274 1.0
275 1.0
276 1.0
277 1.0
278 1.0
279 0.0
280 1.0
281 1.0
282 1.0
283 8.0
284 1.0
285 1.0
286 1.0
287 1.0
288 1.0
289 1.0
290 0.0
291 1.0
292 1.0
293 8.0
294 2.0
295 0.0
296 1.0
297 1.0
298 1.0
299 0.0
300 1.0
301 2.0
302 1.0
303 6.0
304 1.0
305 1.0
306 1.0
307 1.0
308 1.0
309 1.0
310 36.0
311 9.0
312 48.0
313 12.0
314 2.0
315 2.0
316 1.0
317 0.0
318 2.0
319 1.0
320 0.0
321 1.0
322 0.0
323 3.0
324 7.0
325 1.0
326 0.0
327 2.0
328 1.0
329 1.0
330 0.0
331 1.0
332 1.0
333 0.0
334 25.0
335 1.0
336 1.0
337 1.0
338 1.0
339 1.0
340 1.0
341 1.0
342 0.0
343 1.0
344 20.0
345 1.0
346 0.0
347 2.0
348 1.0
349 0.0
350 1.0
351 1.0
352 0.0
353 1.0
354 9.0
355 1.0
356 0.0
357 1.0
358 1.0
359 1.0
360 1.0
361 1.0
362 1.0
363 0.0
364 11.0
365 1.0
366 0.0
367 1.0
368 0.0
369 48.0
370 18.0
371 52.0
372 23.0
373 0.0
374 12.0
375 0.0
376 0.0
377 1.0
378 1.0
379 1.0
380 1.0
381 1.0
382 1.0
383 1.0
384 8.0
385 1.0
386 0.0
387 1.0
388 1.0
389 1.0
390 1.0
391 1.0
392 0.0
393 1.0
394 8.0
395 1.0
396 1.0
397 0.0
398 1.0
399 1.0
400 0.0
401 1.0
402 1.0
403 1.0
404 8.0
405 0.0
406 1.0
407 1.0
408 1.0
409 1.0
410 1.0
411 1.0
412 0.0
413 1.0
414 14.0
415 1.0
416 0.0
417 1.0
418 1.0
419 0.0
420 1.0
421 1.0
422 1.0
423 1.0
424 6.0
425 1.0
426 1.0
427 1.0
428 2.0
429 0.0
430 51.0
431 17.0
432 60.9
433 1.0
434 7.0
435 1.0
436 1.0
437 1.0
438 2.0
439 0.0
440 1.0
441 0.0
442 1.0
443 1.0
444 6.0
445 2.0
446 1.0
447 1.0
448 1.0
449 1.0
450 0.0
451 1.0
452 1.0
453 1.0
454 4.0
455 7.0
456 1.0
457 1.0
458 1.0
459 1.0
460 0.0
461 1.0
462 1.0
463 0.0
464 1.0
465 9.0
466 1.0
467 1.0
468 1.0
469 1.0
470 0.0
471 1.0
472 1.0
473 1.0
474 0.0
475 10.0
476 1.0
477 1.0
478 1.0
479 0.0
480 1.0
481 2.0
482 0.0
483 1.0
484 1.0
485 12.0
486 1.0
487 0.0
488 2.0
489 1.0
490 3.0
491 1.0
492 1.0
493 0.0
494 2.0
495 9.0
496 1.0
497 1.0
498 0.0
499 1.0
500 1.0
501 1.0
502 1.0
503 0.0
504 1.0
505 12.0
506 1.0
507 0.0
508 1.0
509 1.0
510 0.0
511 2.0
512 1.0
513 0.0
514 3.0
515 11.0
516 1.0
517 1.0
518 1.0
519 0.0
520 1.0
521 1.0
522 1.0
523 1.0
524 0.0
525 18.0
526 1.0
527 0.0
528 1.0
529 1.0
530 0.0
531 2.0
532 1.0
533 0.0
534 1.0
535 14.0
536 1.0
537 0.0
538 2.0
539 0.0
540 1.0
541 1.0
542 1.0
543 1.0
544 1.0
545 6.0
546 2.0
547 0.0
548 2.0
549 0.0
550 5.0
551 1.0
552 1.0
553 0.0
554 1.0
555 10.0
556 3.0
557 1.0
558 1.0
559 1.0
560 1.0
561 1.0
562 1.0
563 0.0
564 0.0
565 2.0
566 15.0
567 1.0
568 0.0
569 1.0
570 1.0
571 1.0
572 0.0
573 1.0
574 1.0
575 0.0
576 9.0
577 2.0
578 0.0
579 2.0
580 0.0
581 1.0
582 1.0
583 0.0
584 1.0
585 1.0
586 10.0
587 1.0
588 1.0
589 0.0
590 1.0
591 1.0
592 1.0
593 0.0
594 2.0
595 0.0
596 7.0
597 1.0
598 0.0
599 1.0
600 1.0
601 1.0
602 1.0
603 1.0
604 0.0
605 1.0
606 8.0
607 1.0
608 1.0
609 1.0
610 3.0
611 0.0
612 1.0
613 1.0
614 1.0
615 1.0
616 12.0
617 1.0
618 0.0
619 2.0
620 1.0
621 1.0
622 1.0
623 0.0
624 1.0
625 0.0
626 11.0
627 1.0
628 1.0
629 1.0
630 1.0
631 18.0
632 0.0
633 1.0
634 2.0
635 0.0
636 4.0
637 1.0
638 2.0
639 0.0
640 1.0
641 1.0
642 0.0
643 1.0
644 2.0
645 0.0
646 5.0
647 1.0
648 1.0
649 1.0
650 1.0
651 1.0
652 0.0
653 1.0
654 1.0
655 0.0
656 2.0
657 5.0
658 1.0
659 0.0
660 1.0
661 1.0
662 1.0
663 0.0
664 1.0
665 1.0
666 1.0
667 8.0
668 1.0
669 1.0
670 2.0
671 0.0
672 2.0
673 1.0
674 1.0
675 0.0
676 1.0
677 5.0
678 1.0
679 1.0
680 1.0
681 1.0
682 1.0
683 1.0
684 1.0
685 1.0
686 1.0
687 5.0
688 1.0
689 0.0
690 2.0
691 0.0
692 2.0
693 0.0
694 1.0
695 1.0
696 1.0
697 6.0
698 0.0
699 2.0
700 1.0
701 0.0
702 1.0
703 1.0
704 1.0
705 0.0
706 1.0
707 4.0
708 1.0
709 1.0
710 0.0
711 2.0
712 1.0
713 1.0
714 0.0
715 1.0
716 1.0
717 4.0
718 1.0
719 0.0
720 1.0
721 1.0
722 1.0
723 1.0
724 1.0
725 0.0
726 2.0
727 7.0
728 0.0
729 1.0
730 1.0
731 1.0
732 2.0
733 1.0
734 1.0
735 1.0
736 1.0
737 3.0
738 1.0
739 0.0
740 2.0
741 0.0
742 2.0
743 1.0
744 0.0
745 1.0
746 2.0
747 3.0
748 2.0
749 0.0
750 1.0
751 1.0
752 1.0
753 1.0
754 1.0
755 1.0
756 1.0
757 3.0
758 1.0
759 1.0
760 1.0
761 0.0
762 2.0
763 1.0
764 0.0
765 2.0
766 0.0
767 4.0
768 1.0
769 1.0
770 1.0
771 1.0
772 0.0
773 22.0
774 116.0
775 1.0
776 1.0
777 12.0
778 1.0
779 1.0
780 2.0
781 0.0
782 1.0
783 1.0
784 1.0
785 1.0
786 1.0
787 6.0
788 1.0
789 1.0
790 49.0
791 101.0
792 6.0
793 1.0
794 1.0
795 1.0
796 1.0
797 3.0
798 2.0
799 0.0
800 2.0
801 1.0
802 1.0
803 1.0
804 1.0
805 1.0
806 1.0
807 4.0
808 1.0
809 1.0
810 1.0
811 1.0
812 0.0
813 1.0
814 2.0
815 1.0
816 1.0
817 5.0
818 1.0
819 1.0
820 2.0
821 0.0
822 2.0
823 1.0
824 0.0
825 2.0
826 1.0
827 3.0
828 2.0
829 1.0
830 2.0
831 0.0
832 1.0
833 1.0
834 2.0
835 0.0
836 2.0
837 8.0
838 4.0
839 1.0
840 2.0
841 0.0
842 2.0
843 0.0
844 1.0
845 2.0
846 1.0
847 0.0
848 4.0
849 1.0
850 2.0
851 2.0
852 1.0
853 2.0
854 0.0
855 2.0
856 1.0
857 1.0
858 2.0
859 2.0
860 0.0
861 2.0
862 0.0
863 1.0
864 2.0
865 1.0
866 1.0
867 1.0
868 2.0
869 1.0
870 0.0
871 2.0
872 2.0
873 0.0
874 2.0
875 1.0
876 1.0
877 1.0
878 1.0
879 1.0
880 2.0
881 1.0
882 1.0
883 1.0
884 1.0
885 2.0
886 1.0
887 0.0
888 2.0
889 1.0
890 2.0
891 1.0
892 1.0
893 1.0
894 2.0
895 0.0
