0 0.0
1 4.0
2 0.0
3 1.0
4 0.0
5 3.0
6 1.0
7 0.0
8 2.0
9 0.0
10 0.0
11 1.0
12 4.0
13 4.0
14 1.0
15 0.0
16 0.0
17 1.0
18 0.0
19 1.0
20 0.0
21 0.0
22 0.0
23 2.0
24 1.0
25 0.0
26 0.0
27 0.0
28 1.0
29 1.0
30 0.0
31 0.0
32 0.0
33 1.0
34 0.0
35 1.0
36 1.0
37 0.0
38 0.0
39 0.0
40 0.0
41 1.0
42 0.0
43 1.0
44 0.0
45 0.0
46 1.0
47 0.0
48 1.0
49 0.0
50 0.0
51 1.0
52 0.0
53 1.0
54 0.0
55 0.0
56 1.0
57 1.0
58 0.0
59 1.0
60 0.0
61 1.0
62 0.0
63 1.0
64 0.0
65 0.0
66 1.0
67 1.0
68 0.0
69 1.0
70 0.0
71 1.0
72 0.0
73 1.0
74 0.0
75 0.0
76 1.0
77 0.0
78 1.0
79 0.0
80 0.0
81 0.0
82 1.0
83 0.0
84 1.0
85 0.0
86 1.0
87 1.0
88 0.0
89 0.0
90 1.0
91 1.0
92 0.0
93 0.0
94 0.0
95 0.0
96 1.0
97 2.0
98 0.0
99 0.0
100 0.0
101 1.0
102 1.0
103 0.0
104 1.0
105 0.0
106 0.0
107 1.0
108 1.0
109 0.0
110 1.0
111 0.0
112 0.0
113 1.0
114 1.0
115 0.0
116 0.0
117 1.0
118 0.0
119 1.0
120 0.0
121 2.0
122 1.0
123 0.0
124 1.0
125 0.0
126 1.0
127 1.0
128 0.0
129 0.0
130 0.0
131 1.0
132 1.0
133 1.0
134 0.0
135 0.0
136 0.0
137 1.0
138 0.0
139 1.0
140 0.0
141 0.0
142 1.0
143 0.0
144 1.0
145 0.0
146 1.0
147 0.0
148 1.0
149 0.0
150 0.0
151 1.0
152 1.0
153 0.0
154 0.0
155 0.0
156 1.0
157 1.0
158 0.0
159 1.0
160 0.0
161 1.0
162 0.0
163 0.0
164 1.0
165 0.0
166 0.0
167 2.0
168 0.0
169 1.0
170 0.0
171 1.0
172 0.0
173 1.0
174 0.0
175 0.0
176 0.0
177 2.0
178 0.0
179 0.0
180 1.0
181 1.0
182 1.0
183 1.0
184 0.0
185 0.0
186 0.0
187 1.0
188 1.0
189 1.0
190 0.0
191 1.0
192 0.0
193 1.0
194 0.0
195 1.0
196 0.0
197 1.0
198 1.0
199 0.0
200 0.0
201 1.0
202 0.0
203 0.0
204 0.0
205 0.0
206 0.0
207 2.0
208 0.0
209 0.0
210 1.0
211 0.0
212 1.0
213 0.0
214 1.0
215 0.0
216 0.0
217 1.0
218 1.0
219 0.0
220 1.0
221 1.0
222 0.0
223 0.0
224 0.0
225 1.0
226 0.0
227 1.0
228 1.0
229 0.0
230 1.0
231 1.0
232 0.0
233 1.0
234 0.0
235 0.0
236 0.0
237 1.0
238 1.0
239 0.0
240 1.0
241 1.0
242 0.0
243 1.0
244 0.0
245 0.0
246 0.0
247 2.0
248 0.0
249 1.0
250 0.0
251 1.0
252 1.0
253 0.0
254 1.0
255 1.0
256 0.0
257 0.0
258 0.0
259 1.0
260 1.0
261 0.0
262 0.0
263 1.0
264 0.0
265 1.0
266 0.0
267 1.0
268 1.0
269 1.0
270 0.0
271 1.0
272 0.0
273 0.0
274 0.0
275 0.0
276 0.0
277 2.0
278 1.0
279 0.0
280 0.0
281 2.0
282 0.0
283 0.0
284 0.0
285 0.0
286 1.0
287 1.0
288 1.0
289 0.0
290 1.0
291 0.0
292 2.0
293 0.0
294 1.0
295 0.0
296 0.0
297 0.0
298 2.0
299 0.0
300 0.0
301 2.0
302 0.0
303 1.0
304 0.0
305 1.0
306 0.0
307 1.0
308 1.0
309 0.0
310 1.0
311 1.0
312 0.0
313 1.0
314 0.0
315 1.0
316 0.0
317 0.0
318 2.0
319 0.0
320 0.0
321 0.0
322 1.0
323 1.0
324 0.0
325 0.0
326 0.0
327 0.0
328 1.0
329 2.0
330 0.0
331 1.0
332 0.0
333 0.0
334 0.0
335 1.0
336 0.0
337 0.0
338 1.0
339 1.0
340 0.0
341 1.0
342 1.0
343 0.0
344 1.0
345 0.0
346 1.0
347 0.0
348 0.0
349 2.0
350 0.0
351 1.0
352 1.0
353 1.0
354 0.0
355 0.0
356 1.0
357 0.0
358 1.0
359 1.0
360 0.0
361 1.0
362 1.0
363 0.0
364 1.0
365 0.0
366 0.0
367 1.0
368 1.0
369 1.0
370 1.0
371 0.0
372 2.0
373 0.0
374 1.0
375 0.0
376 0.0
377 0.0
378 1.0
379 1.0
380 0.0
381 1.0
382 1.0
383 0.0
384 1.0
385 0.0
386 0.0
387 0.0
388 1.0
389 1.0
390 1.0
391 0.0
392 1.0
393 0.0
394 0.0
395 0.0
396 1.0
397 0.0
398 2.0
399 1.0
400 0.0
401 0.0
402 1.0
403 1.0
404 0.0
405 0.0
406 1.0
407 0.0
408 1.0
409 1.0
410 0.0
411 0.0
412 1.0
413 1.0
414 1.0
415 0.0
416 0.0
417 0.0
418 2.0
419 1.0
420 0.0
421 1.0
422 1.0
423 0.0
424 1.0
425 0.0
426 0.0
427 1.0
428 1.0
429 2.0
430 0.0
431 0.0
432 2.0
433 0.0
434 0.0
435 1.0
436 1.0
437 0.0
438 0.0
439 1.0
440 1.0
441 1.0
442 1.0
443 0.0
444 0.0
445 0.0
446 0.0
447 0.0
448 1.0
449 2.0
450 0.0
451 1.0
452 0.0
453 1.0
454 0.0
455 1.0
456 1.0
457 0.0
458 0.0
459 1.0
460 1.0
461 0.0
462 1.0
463 2.0
464 0.0
465 1.0
466 0.0
467 0.0
468 0.0
469 1.0
470 2.0
471 0.0
472 0.0
473 1.0
474 1.0
475 1.0
476 0.0
477 0.0
478 0.0
479 2.0
480 1.0
481 0.0
482 1.0
483 1.0
484 1.0
485 1.0
486 0.0
487 0.0
488 1.0
489 1.0
490 2.0
491 0.0
492 0.0
493 1.0
494 1.0
495 0.0
496 0.0
497 0.0
498 0.0
499 2.0
500 1.0
501 0.0
502 1.0
503 1.0
504 0.0
505 1.0
506 0.0
507 0.0
508 0.0
509 2.0
510 1.0
511 1.0
512 0.0
513 1.0
514 0.0
515 1.0
516 1.0
517 0.0
518 1.0
519 0.0
520 1.0
521 0.0
522 1.0
523 1.0
524 1.0
525 1.0
526 0.0
527 0.0
528 0.0
529 1.0
530 2.0
531 0.0
532 0.0
533 1.0
534 1.0
535 0.0
536 0.0
537 1.0
538 0.0
539 1.0
540 1.0
541 2.0
542 0.0
543 0.0
544 1.0
545 1.0
546 0.0
547 1.0
548 0.0
549 0.0
550 3.0
551 0.0
552 0.0
553 0.0
554 1.0
555 1.0
556 0.0
557 0.0
558 1.0
559 0.0
560 2.0
561 0.0
562 1.0
563 0.0
564 1.0
565 0.0
566 1.0
567 0.0
568 1.0
569 0.0
570 1.0
571 1.0
572 0.0
573 0.0
574 1.0
575 1.0
576 0.0
577 0.0
578 1.0
579 1.0
580 0.0
581 1.0
582 1.0
583 0.0
584 1.0
585 0.0
586 1.0
587 0.0
588 0.0
589 1.0
590 1.0
591 1.0
592 0.0
593 1.0
594 1.0
595 0.0
596 0.0
597 1.0
598 0.0
599 0.0
600 1.0
601 1.0
602 1.0
603 1.0
604 1.0
605 0.0
606 0.0
607 0.0
608 1.0
609 0.0
610 1.0
611 2.0
612 0.0
613 0.0
614 1.0
615 0.0
616 1.0
617 0.0
618 1.0
619 0.0
620 1.0
621 0.0
622 1.0
623 0.0
624 1.0
625 1.0
626 0.0
627 0.0
628 0.0
629 1.0
630 0.0
631 2.0
632 0.0
633 1.0
634 0.0
635 1.0
636 1.0
637 0.0
638 0.0
639 0.0
640 1.0
641 1.0
642 0.0
643 1.0
644 0.0
645 1.0
646 0.0
647 0.0
648 1.0
649 0.0
650 0.0
651 2.0
652 0.0
653 1.0
654 0.0
655 1.0
656 1.0
657 0.0
658 0.0
659 0.0
660 0.0
661 2.0
662 1.0
663 0.0
664 0.0
665 1.0
666 1.0
667 0.0
668 0.0
669 0.0
670 1.0
671 1.0
672 0.0
673 1.0
674 1.0
675 1.0
676 0.0
677 1.0
678 0.0
679 0.0
680 0.0
681 1.0
682 1.0
683 0.0
684 0.0
685 1.0
686 0.0
687 0.0
688 1.0
689 1.0
690 0.0
691 1.0
692 0.0
693 1.0
694 0.0
695 0.0
696 0.0
697 0.0
698 1.0
699 0.0
700 0.0
701 2.0
702 1.0
703 0.0
704 0.0
705 1.0
706 0.0
707 1.0
708 0.0
709 0.0
710 1.0
711 0.0
712 1.0
713 0.0
714 1.0
715 1.0
716 0.0
717 1.0
718 1.0
719 0.0
720 0.0
721 1.0
722 1.0
723 0.0
724 2.0
725 0.0
726 0.0
727 0.0
728 0.0
729 1.0
730 1.0
731 0.0
732 2.0
733 0.0
734 0.0
735 2.0
736 0.0
737 0.0
738 0.0
739 0.0
740 0.0
741 1.0
742 1.0
743 1.0
744 0.0
745 1.0
746 0.0
747 1.0
748 0.0
749 0.0
750 0.0
751 1.0
752 2.0
753 0.0
754 0.0
755 1.0
756 0.0
757 1.0
758 0.0
759 0.0
760 2.0
761 0.0
762 0.0
763 0.0
764 1.0
765 1.0
766 0.0
767 2.0
768 0.0
769 0.0
770 0.0
771 1.0
772 1.0
773 0.0
774 1.0
775 0.0
776 1.0
777 1.0
778 0.0
779 0.0
780 1.0
781 2.0
782 0.0
783 1.0
784 0.0
785 1.0
786 0.0
787 1.0
788 0.0
789 0.0
790 0.0
791 1.0
792 0.0
793 1.0
794 2.0
795 0.0
796 1.0
797 0.0
798 0.0
799 0.0
800 0.0
801 1.0
802 1.0
803 1.0
804 0.0
805 1.0
806 1.0
807 0.0
808 0.0
809 1.0
810 0.0
811 0.0
812 1.0
813 0.0
814 1.0
815 1.0
816 1.0
817 0.0
818 0.0
819 0.0
820 1.0
821 0.0
822 2.0
823 0.0
824 0.0
825 1.0
826 0.0
827 1.0
828 1.0
829 0.0
830 0.0
831 1.0
832 1.0
833 1.0
834 0.0
835 0.0
836 1.0
837 1.0
838 0.0
839 1.0
840 0.0
841 1.0
842 1.0
843 0.0
844 1.0
845 1.0
846 0.0
847 0.0
848 0.0
849 0.0
850 1.0
851 1.0
852 0.0
853 2.0
854 0.0
855 1.0
856 0.0
857 1.0
858 0.0
859 1.0
860 0.0
861 0.0
862 0.0
863 1.0
864 0.0
865 1.0
866 1.0
867 0.0
868 0.0
869 1.0
870 0.0
871 0.0
872 1.0
873 0.0
874 1.0
875 0.0
876 0.0
877 1.0
878 1.0
879 0.0
880 0.0
881 1.0
882 0.0
883 1.0
884 0.0
885 0.0
886 1.0
887 0.0
888 1.0
889 0.0
890 0.0
891 0.0
892 1.0
893 0.0
894 1.0
895 0.0
896 0.0
