0 0.0
1 336.0
2 418.0
3 168.0
4 84.0
5 126.0
6 196.0
7 316.0
8 126.0
9 126.0
10 196.0
11 168.0
12 2647.0
13 27727.0
14 168.0
15 168.0
16 168.0
17 168.0
18 168.0
19 168.0
20 126.0
21 126.0
22 754.0
23 3174.0
24 126.0
25 126.0
26 168.0
27 168.0
28 168.0
29 168.0
30 168.0
31 168.0
32 168.0
33 168.0
34 168.0
35 168.0
36 168.0
37 126.0
38 126.0
39 126.0
40 84.0
41 84.0
42 84.0
43 84.0
44 84.0
45 84.0
46 84.0
47 126.0
48 168.0
49 168.0
50 168.0
51 168.0
52 168.0
53 168.0
54 168.0
55 168.0
56 126.0
57 126.0
58 300.0
59 168.0
60 168.0
61 168.0
62 168.0
63 210.0
64 168.0
65 168.0
66 168.0
67 168.0
68 324.0
69 126.0
70 2749.0
71 9704.0
72 2534.0
73 18485.0
74 14784.0
75 14678.0
76 15594.0
77 14793.0
78 15353.0
79 16696.0
80 16873.0
81 18074.0
82 18291.0
83 19257.0
84 20024.0
85 21031.0
86 21842.0
87 22936.0
88 23901.0
89 24468.0
90 25206.0
91 26116.0
92 26629.0
93 27150.0
94 28164.0
95 29495.0
96 30256.0
97 31754.0
98 34111.0
99 34542.0
100 37043.0
101 37386.0
102 39740.0
103 40579.0
104 42183.0
105 45301.0
106 47438.0
107 50122.0
108 52404.0
109 53398.0
110 56962.0
111 59289.0
112 63672.0
113 58328.0
114 64365.0
115 70380.0
116 72049.0
117 72075.0
118 72292.0
119 71978.0
120 72445.0
121 72074.0
122 80829.0
123 67833.0
124 70446.0
125 71416.0
126 71919.0
127 72820.0
128 71422.0
129 74050.0
130 113031.0
131 78978.0
132 90258.0
133 96364.0
134 88929.0
135 92186.0
136 92742.0
137 93182.0
138 94435.0
139 93850.0
140 95968.0
141 96322.0
142 104322.0
143 96180.0
144 97705.0
145 100165.0
146 101531.0
147 103567.0
148 104481.0
149 105772.0
150 105980.0
151 110138.0
152 116051.0
153 108599.0
154 109356.0
155 113156.0
156 115973.0
157 117288.0
158 118650.0
159 123491.0
160 124277.0
161 125663.0
162 127297.0
163 134667.0
164 129620.0
165 133451.0
166 123306.0
167 144744.0
168 151255.0
169 143905.0
170 144238.0
171 144430.0
172 143788.0
173 151682.0
174 140126.0
175 144981.0
176 143195.0
177 141322.0
178 144215.0
179 146062.0
180 145778.0
181 144389.0
182 142867.0
183 154838.0
184 139210.0
185 142070.0
186 142844.0
187 143274.0
188 143411.0
189 158787.0
190 175993.0
191 155954.0
192 164627.0
193 170653.0
194 156509.0
195 159707.0
196 161926.0
197 162952.0
198 164211.0
199 164513.0
200 166117.0
201 167483.0
202 171027.0
203 183047.0
204 162705.0
205 164861.0
206 174294.0
207 171624.0
208 172439.0
209 174786.0
210 173772.0
211 177323.0
212 178343.0
213 192136.0
214 174663.0
215 178828.0
216 181704.0
217 183307.0
218 185612.0
219 187837.0
220 189188.0
221 195444.0
222 192946.0
223 213788.0
224 194784.0
225 198215.0
226 202195.0
227 205982.0
228 206947.0
229 207195.0
230 214629.0
231 215184.0
232 218592.0
233 234461.0
234 206960.0
235 212708.0
236 213625.0
237 215345.0
238 213853.0
239 214450.0
240 216443.0
241 217643.0
242 217596.0
243 237139.0
244 205832.0
245 211249.0
246 214371.0
247 214698.0
248 216904.0
249 215068.0
250 253731.0
251 221775.0
252 234639.0
253 259403.0
254 224721.0
255 229653.0
256 219473.0
257 237934.0
258 239628.0
259 236442.0
260 235103.0
261 238006.0
262 238556.0
263 262144.0
264 230132.0
265 231949.0
266 247966.0
267 214863.0
268 264358.0
269 254797.0
270 244919.0
271 252792.0
272 253454.0
273 279435.0
274 244655.0
275 251287.0
276 257990.0
277 258683.0
278 263186.0
279 265304.0
280 264543.0
281 271047.0
282 271366.0
283 302170.0
284 263282.0
285 274017.0
286 279561.0
287 284702.0
288 286294.0
289 285495.0
290 287483.0
291 288849.0
292 288381.0
293 324279.0
294 269298.0
295 279215.0
296 283641.0
297 288273.0
298 289185.0
299 286312.0
300 283049.0
301 294635.0
302 289207.0
303 320480.0
304 274492.0
305 280943.0
306 285358.0
307 285751.0
308 287362.0
309 288662.0
310 322307.0
311 298288.0
312 300562.0
313 314055.0
314 324757.0
315 296678.0
316 303463.0
317 305689.0
318 309140.0
319 309645.0
320 308057.0
321 308320.0
322 316252.0
323 312513.0
324 340125.0
325 302156.0
326 311734.0
327 315415.0
328 315706.0
329 318680.0
330 318098.0
331 316182.0
332 320856.0
333 357526.0
334 319953.0
335 310346.0
336 321890.0
337 328035.0
338 330182.0
339 332728.0
340 336004.0
341 337149.0
342 340787.0
343 341855.0
344 370859.0
345 331414.0
346 342663.0
347 348052.0
348 355899.0
349 354233.0
350 359186.0
351 356707.0
352 366467.0
353 360463.0
354 387621.0
355 348961.0
356 354072.0
357 357095.0
358 359948.0
359 359722.0
360 357470.0
361 359084.0
362 360836.0
363 360677.0
364 391162.0
365 344996.0
366 354183.0
367 357424.0
368 359447.0
369 396194.0
370 374359.0
371 370176.0
372 332299.0
373 396432.0
374 426259.0
375 361005.0
376 373025.0
377 378366.0
378 378368.0
379 376847.0
380 380445.0
381 379203.0
382 382337.0
383 381402.0
384 416404.0
385 368921.0
386 378542.0
387 343475.0
388 425976.0
389 387299.0
390 388770.0
391 406876.0
392 382480.0
393 391550.0
394 433322.0
395 381374.0
396 404082.0
397 402284.0
398 401435.0
399 414547.0
400 410384.0
401 410101.0
402 416675.0
403 421000.0
404 460650.0
405 401421.0
406 418251.0
407 425854.0
408 427151.0
409 431832.0
410 431609.0
411 430807.0
412 431096.0
413 430826.0
414 484342.0
415 406228.0
416 422083.0
417 429114.0
418 427093.0
419 432259.0
420 434778.0
421 427766.0
422 429146.0
423 439762.0
424 488655.0
425 402890.0
426 424026.0
427 424867.0
428 432953.0
429 431036.0
430 472358.0
431 443642.0
432 444212.0
433 451288.0
434 502712.0
435 426568.0
436 441217.0
437 447146.0
438 451328.0
439 453607.0
440 449862.0
441 453082.0
442 457809.0
443 456762.0
444 459382.0
445 494277.0
446 443111.0
447 456093.0
448 465664.0
449 456117.0
450 472427.0
451 457694.0
452 460795.0
453 473764.0
454 469104.0
455 490666.0
456 471187.0
457 466561.0
458 471834.0
459 475654.0
460 480230.0
461 478321.0
462 480011.0
463 486118.0
464 487823.0
465 526483.0
466 476098.0
467 484042.0
468 497283.0
469 499328.0
470 506561.0
471 500050.0
472 500904.0
473 509957.0
474 497494.0
475 558723.0
476 482175.0
477 495296.0
478 500731.0
479 498619.0
480 506436.0
481 499493.0
482 504462.0
483 502824.0
484 504902.0
485 548076.0
486 483464.0
487 494435.0
488 501134.0
489 503644.0
490 462373.0
491 428254.0
492 430899.0
493 431082.0
494 434537.0
495 482399.0
496 409038.0
497 423384.0
498 431293.0
499 429509.0
500 435344.0
501 426876.0
502 429295.0
503 432261.0
504 434417.0
505 478649.0
506 409458.0
507 423310.0
508 429344.0
509 387549.0
510 475397.0
511 431469.0
512 427418.0
513 432670.0
514 431283.0
515 489005.0
516 403728.0
517 419186.0
518 430808.0
519 432481.0
520 432262.0
521 434455.0
522 425120.0
523 436710.0
524 432871.0
525 482319.0
526 408992.0
527 420736.0
528 427506.0
529 430495.0
530 433212.0
531 428813.0
532 428686.0
533 430805.0
534 432067.0
535 483208.0
536 409241.0
537 420815.0
538 426203.0
539 431217.0
540 430737.0
541 430149.0
542 431067.0
543 432498.0
544 434335.0
545 444998.0
546 457985.0
547 417127.0
548 423557.0
549 433674.0
550 341447.0
551 391884.0
552 388832.0
553 371418.0
554 360744.0
555 363690.0
556 384966.0
557 346914.0
558 355572.0
559 359128.0
560 360600.0
561 360016.0
562 354933.0
563 373779.0
564 353658.0
565 359301.0
566 386036.0
567 353683.0
568 354510.0
569 358072.0
570 364177.0
571 358115.0
572 354600.0
573 361548.0
574 358717.0
575 359912.0
576 391853.0
577 345515.0
578 353218.0
579 358813.0
580 359885.0
581 359794.0
582 358182.0
583 356495.0
584 359545.0
585 361244.0
586 393401.0
587 344222.0
588 353316.0
589 362104.0
590 356295.0
591 361353.0
592 362566.0
593 353738.0
594 365183.0
595 360346.0
596 399484.0
597 341537.0
598 353616.0
599 356376.0
600 359413.0
601 360765.0
602 357304.0
603 359192.0
604 356270.0
605 360923.0
606 402344.0
607 339737.0
608 350125.0
609 356881.0
610 276009.0
611 316834.0
612 316547.0
613 299689.0
614 290481.0
615 290007.0
616 326666.0
617 260148.0
618 282876.0
619 286995.0
620 285735.0
621 288416.0
622 288341.0
623 285837.0
624 286938.0
625 288556.0
626 323850.0
627 253897.0
628 288792.0
629 294068.0
630 287434.0
631 289435.0
632 287499.0
633 285107.0
634 285806.0
635 288031.0
636 323386.0
637 274650.0
638 278016.0
639 286696.0
640 288984.0
641 289115.0
642 285902.0
643 289527.0
644 286076.0
645 290155.0
646 300524.0
647 293067.0
648 278355.0
649 283311.0
650 287516.0
651 287862.0
652 288258.0
653 286069.0
654 286856.0
655 292322.0
656 286319.0
657 308697.0
658 276763.0
659 284948.0
660 286147.0
661 289936.0
662 283599.0
663 289602.0
664 286449.0
665 292237.0
666 289471.0
667 313527.0
668 279090.0
669 282836.0
670 252416.0
671 216239.0
672 213301.0
673 215473.0
674 208732.0
675 222630.0
676 216180.0
677 234730.0
678 207110.0
679 212501.0
680 215146.0
681 215685.0
682 213681.0
683 214743.0
684 215877.0
685 215496.0
686 215993.0
687 242220.0
688 204542.0
689 213049.0
690 217849.0
691 214797.0
692 213878.0
693 217239.0
694 215256.0
695 215962.0
696 215716.0
697 234766.0
698 207914.0
699 212313.0
700 215994.0
701 216293.0
702 216180.0
703 214253.0
704 215538.0
705 215918.0
706 216817.0
707 232007.0
708 206239.0
709 209242.0
710 216381.0
711 220851.0
712 214856.0
713 211602.0
714 218532.0
715 216245.0
716 216033.0
717 235580.0
718 202247.0
719 212500.0
720 214506.0
721 215943.0
722 215376.0
723 215746.0
724 215986.0
725 215875.0
726 215589.0
727 240668.0
728 204146.0
729 210245.0
730 177176.0
731 143830.0
732 142115.0
733 146252.0
734 144771.0
735 141434.0
736 144244.0
737 163510.0
738 133630.0
739 142713.0
740 143891.0
741 143760.0
742 141469.0
743 143961.0
744 144132.0
745 143983.0
746 144575.0
747 164158.0
748 128632.0
749 139102.0
750 139634.0
751 144125.0
752 148945.0
753 144097.0
754 144317.0
755 144611.0
756 144039.0
757 159186.0
758 137176.0
759 141315.0
760 146606.0
761 144431.0
762 142904.0
763 143495.0
764 143607.0
765 145206.0
766 144187.0
767 162044.0
768 132428.0
769 140193.0
770 142676.0
771 144143.0
772 143890.0
773 150312.0
774 196714.0
775 143795.0
776 143801.0
777 162784.0
778 134890.0
779 140351.0
780 142658.0
781 144357.0
782 144167.0
783 141694.0
784 143937.0
785 145738.0
786 142859.0
787 166280.0
788 134855.0
789 140764.0
790 109818.0
791 71596.0
792 72952.0
793 70041.0
794 72451.0
795 72092.0
796 72124.0
797 81350.0
798 67432.0
799 70024.0
800 71558.0
801 71920.0
802 72033.0
803 70481.0
804 71994.0
805 71781.0
806 73263.0
807 82601.0
808 66316.0
809 71262.0
810 72405.0
811 70608.0
812 73376.0
813 71056.0
814 70976.0
815 70947.0
816 74392.0
817 78039.0
818 70766.0
819 70660.0
820 71359.0
821 72242.0
822 71748.0
823 72486.0
824 71348.0
825 71871.0
826 72045.0
827 74362.0
828 75012.0
829 70202.0
830 70498.0
831 72331.0
832 72008.0
833 72174.0
834 72250.0
835 71900.0
836 73098.0
837 71994.0
838 76717.0
839 68687.0
840 70935.0
841 71644.0
842 70777.0
843 72342.0
844 71921.0
845 72012.0
846 72297.0
847 72205.0
848 77445.0
849 69195.0
850 43778.0
851 168.0
852 168.0
853 168.0
854 168.0
855 168.0
856 168.0
857 168.0
858 168.0
859 168.0
860 168.0
861 126.0
862 168.0
863 168.0
864 564.0
865 168.0
866 168.0
867 168.0
868 168.0
869 210.0
870 168.0
871 168.0
872 168.0
873 168.0
874 168.0
875 168.0
876 168.0
877 126.0
878 126.0
879 126.0
880 126.0
881 126.0
882 126.0
883 126.0
884 168.0
885 168.0
886 168.0
887 126.0
888 126.0
889 126.0
890 126.0
891 168.0
892 168.0
893 168.0
894 168.0
895 168.0
896 168.0
