0 8237056.0
1 19881984.0
2 19881984.0
3 19881984.0
4 19881984.0
5 19881984.0
6 19881984.0
7 19881984.0
8 19881984.0
9 19881984.0
10 19881984.0
11 19881984.0
12 19881984.0
13 19881984.0
14 19881984.0
15 19881984.0
16 19881984.0
17 19881984.0
18 19881984.0
19 19881984.0
20 19881984.0
21 19881984.0
22 19881984.0
23 19881984.0
24 19881984.0
25 19881984.0
26 19881984.0
27 19881984.0
28 19881984.0
29 19881984.0
30 19881984.0
31 19881984.0
32 19881984.0
33 19881984.0
34 19881984.0
35 19881984.0
36 19881984.0
37 19881984.0
38 19881984.0
39 19881984.0
40 19881984.0
41 19881984.0
42 19881984.0
43 19881984.0
44 19881984.0
45 19881984.0
46 19881984.0
47 19881984.0
48 19881984.0
49 19881984.0
50 19881984.0
51 19881984.0
52 19881984.0
53 19881984.0
54 19881984.0
55 19881984.0
56 19881984.0
57 19881984.0
58 19881984.0
59 19881984.0
60 19881984.0
61 19881984.0
62 19881984.0
63 19881984.0
64 19881984.0
65 19881984.0
66 19881984.0
67 19881984.0
68 19881984.0
69 19881984.0
70 19881984.0
71 24252416.0
72 54272000.0
73 90791936.0
74 90984448.0
75 90984448.0
76 90984448.0
77 82649088.0
78 82915328.0
79 82915328.0
80 83181568.0
81 82968576.0
82 76845056.0
83 77623296.0
84 77623296.0
85 90599424.0
86 95195136.0
87 95195136.0
88 95195136.0
89 95195136.0
90 97619968.0
91 97619968.0
92 111624192.0
93 111697920.0
94 111968256.0
95 111968256.0
96 111968256.0
97 111968256.0
98 111968256.0
99 111968256.0
100 111968256.0
101 111968256.0
102 112242688.0
103 113053696.0
104 113324032.0
105 113324032.0
106 114135040.0
107 114135040.0
108 114135040.0
109 114135040.0
110 114135040.0
111 114135040.0
112 114102272.0
113 114106368.0
114 114376704.0
115 114376704.0
116 114647040.0
117 114647040.0
118 114647040.0
119 114647040.0
120 114647040.0
121 114647040.0
122 115195904.0
123 115392512.0
124 115392512.0
125 115392512.0
126 115392512.0
127 115392512.0
128 115126272.0
129 101720064.0
130 101720064.0
131 101720064.0
132 115699712.0
133 145051648.0
134 144785408.0
135 144859136.0
136 144859136.0
137 140034048.0
138 140034048.0
139 140836864.0
140 140570624.0
141 153001984.0
142 153698304.0
143 153432064.0
144 153432064.0
145 153432064.0
146 154243072.0
147 153976832.0
148 153976832.0
149 154779648.0
150 154247168.0
151 154513408.0
152 155467776.0
153 155451392.0
154 155185152.0
155 155185152.0
156 155451392.0
157 155451392.0
158 155451392.0
159 155451392.0
160 155721728.0
161 155721728.0
162 155959296.0
163 156569600.0
164 156794880.0
165 156581888.0
166 156119040.0
167 156041216.0
168 155750400.0
169 156319744.0
170 156319744.0
171 156319744.0
172 156737536.0
173 156647424.0
174 156647424.0
175 156647424.0
176 156647424.0
177 156647424.0
178 156647424.0
179 156647424.0
180 156647424.0
181 156647424.0
182 156647424.0
183 157892608.0
184 157892608.0
185 157892608.0
186 157892608.0
187 157892608.0
188 157892608.0
189 157892608.0
190 157892608.0
191 159449088.0
192 185061376.0
193 141615104.0
194 141619200.0
195 141885440.0
196 141889536.0
197 164306944.0
198 168902656.0
199 157732864.0
200 157466624.0
201 165838848.0
202 161329152.0
203 162603008.0
204 162603008.0
205 165359616.0
206 165359616.0
207 181579776.0
208 181579776.0
209 181579776.0
210 181579776.0
211 181579776.0
212 181583872.0
213 197345280.0
214 198156288.0
215 198156288.0
216 198156288.0
217 198156288.0
218 198422528.0
219 198156288.0
220 198156288.0
221 198422528.0
222 198422528.0
223 185950208.0
224 186216448.0
225 185950208.0
226 186216448.0
227 186216448.0
228 186216448.0
229 186216448.0
230 186216448.0
231 198922240.0
232 199733248.0
233 199688192.0
234 199688192.0
235 199688192.0
236 199688192.0
237 199688192.0
238 199688192.0
239 199688192.0
240 199688192.0
241 199688192.0
242 199688192.0
243 200597504.0
244 200597504.0
245 200597504.0
246 200597504.0
247 200597504.0
248 200597504.0
249 200597504.0
250 200597504.0
251 200597504.0
252 202227712.0
253 227520512.0
254 227790848.0
255 227602432.0
256 209121280.0
257 211554304.0
258 211554304.0
259 211554304.0
260 183844864.0
261 183844864.0
262 184111104.0
263 164986880.0
264 165003264.0
265 176095232.0
266 176627712.0
267 176095232.0
268 176218112.0
269 176553984.0
270 176553984.0
271 176574464.0
272 187596800.0
273 203816960.0
274 204038144.0
275 203771904.0
276 204304384.0
277 212488192.0
278 212250624.0
279 212037632.0
280 212520960.0
281 252354560.0
282 252395520.0
283 253313024.0
284 253489152.0
285 253513728.0
286 253513728.0
287 253513728.0
288 253513728.0
289 253513728.0
290 253784064.0
291 253784064.0
292 253784064.0
293 254611456.0
294 255016960.0
295 255016960.0
296 255016960.0
297 254750720.0
298 254750720.0
299 254750720.0
300 254484480.0
301 255016960.0
302 254750720.0
303 255270912.0
304 255205376.0
305 255205376.0
306 255033344.0
307 255164416.0
308 255062016.0
309 255561728.0
310 255406080.0
311 255287296.0
312 256839680.0
313 268869632.0
314 260292608.0
315 260399104.0
316 260485120.0
317 260755456.0
318 260755456.0
319 260755456.0
320 261287936.0
321 260755456.0
322 261021696.0
323 261488640.0
324 260415488.0
325 260149248.0
326 260415488.0
327 260501504.0
328 260378624.0
329 260378624.0
330 260378624.0
331 260648960.0
332 260648960.0
333 260317184.0
334 259919872.0
335 260186112.0
336 260186112.0
337 260186112.0
338 273702912.0
339 273641472.0
340 273641472.0
341 273911808.0
342 273911808.0
343 273911808.0
344 274386944.0
345 274386944.0
346 274120704.0
347 273854464.0
348 274386944.0
349 274386944.0
350 274386944.0
351 274386944.0
352 274120704.0
353 274386944.0
354 275636224.0
355 275906560.0
356 275906560.0
357 275906560.0
358 276176896.0
359 276176896.0
360 276176896.0
361 276176896.0
362 276176896.0
363 276176896.0
364 276992000.0
365 276992000.0
366 276992000.0
367 276992000.0
368 276393984.0
369 276869120.0
370 276746240.0
371 277819392.0
372 292544512.0
373 308789248.0
374 295530496.0
375 295526400.0
376 295526400.0
377 297414656.0
378 297414656.0
379 278859776.0
380 279126016.0
381 279126016.0
382 292642816.0
383 292909056.0
384 293584896.0
385 293584896.0
386 293584896.0
387 341442560.0
388 324526080.0
389 336752640.0
390 336420864.0
391 336302080.0
392 336797696.0
393 336678912.0
394 337420288.0
395 337420288.0
396 337420288.0
397 337420288.0
398 351748096.0
399 351748096.0
400 351748096.0
401 352014336.0
402 352280576.0
403 352546816.0
404 353419264.0
405 353337344.0
406 353337344.0
407 353337344.0
408 353337344.0
409 353546240.0
410 353816576.0
411 353964032.0
412 353927168.0
413 353599488.0
414 354861056.0
415 354779136.0
416 354779136.0
417 354512896.0
418 354779136.0
419 354512896.0
420 354512896.0
421 354779136.0
422 354246656.0
423 354779136.0
424 355528704.0
425 355930112.0
426 356466688.0
427 356200448.0
428 356466688.0
429 356466688.0
430 356466688.0
431 356466688.0
432 359079936.0
433 405159936.0
434 393056256.0
435 392720384.0
436 392720384.0
437 341012480.0
438 340680704.0
439 340680704.0
440 339431424.0
441 339431424.0
442 339165184.0
443 339165184.0
444 339300352.0
445 338882560.0
446 338882560.0
447 338882560.0
448 338882560.0
449 338878464.0
450 339144704.0
451 338612224.0
452 338612224.0
453 344010752.0
454 344027136.0
455 343707648.0
456 339636224.0
457 421527552.0
458 421797888.0
459 423460864.0
460 422211584.0
461 418983936.0
462 418983936.0
463 433311744.0
464 433311744.0
465 429821952.0
466 430088192.0
467 430088192.0
468 430088192.0
469 430088192.0
470 429821952.0
471 430362624.0
472 430899200.0
473 430632960.0
474 430571520.0
475 425934848.0
476 426201088.0
477 426201088.0
478 426201088.0
479 426201088.0
480 426139648.0
481 426139648.0
482 426139648.0
483 426680320.0
484 426680320.0
485 427118592.0
486 427118592.0
487 427118592.0
488 427118592.0
489 427118592.0
490 398413824.0
491 402464768.0
492 402464768.0
493 401932288.0
494 402198528.0
495 400556032.0
496 400289792.0
497 400023552.0
498 400289792.0
499 400023552.0
500 400556032.0
501 400556032.0
502 400556032.0
503 400289792.0
504 400556032.0
505 400613376.0
506 400502784.0
507 400171008.0
508 385474560.0
509 384585728.0
510 385187840.0
511 385396736.0
512 385396736.0
513 385396736.0
514 385396736.0
515 382971904.0
516 382468096.0
517 382144512.0
518 381841408.0
519 382132224.0
520 382275584.0
521 382156800.0
522 382361600.0
523 382238720.0
524 382111744.0
525 383610880.0
526 383590400.0
527 383946752.0
528 383426560.0
529 383905792.0
530 383180800.0
531 383328256.0
532 383537152.0
533 383148032.0
534 383352832.0
535 383758336.0
536 384376832.0
537 383983616.0
538 384462848.0
539 384217088.0
540 384364544.0
541 384122880.0
542 385015808.0
543 384360448.0
544 384651264.0
545 385646592.0
546 385445888.0
547 385409024.0
548 385495040.0
549 385249280.0
550 375050240.0
551 375050240.0
552 375050240.0
553 375050240.0
554 375050240.0
555 375463936.0
556 375795712.0
557 375734272.0
558 375549952.0
559 375906304.0
560 375844864.0
561 375930880.0
562 375808000.0
563 375156736.0
564 375689216.0
565 375971840.0
566 375701504.0
567 375967744.0
568 375701504.0
569 375701504.0
570 375967744.0
571 375967744.0
572 375435264.0
573 375967744.0
574 375967744.0
575 375967744.0
576 376184832.0
577 376184832.0
578 376184832.0
579 376184832.0
580 376184832.0
581 376184832.0
582 375918592.0
583 376184832.0
584 376123392.0
585 376123392.0
586 375910400.0
587 375910400.0
588 375910400.0
589 375644160.0
590 375644160.0
591 375644160.0
592 375848960.0
593 375943168.0
594 376209408.0
595 376209408.0
596 376406016.0
597 376324096.0
598 376324096.0
599 376324096.0
600 376324096.0
601 376324096.0
602 376324096.0
603 376324096.0
604 376324096.0
605 376864768.0
606 375697408.0
607 376381440.0
608 376381440.0
609 376381440.0
610 365850624.0
611 365850624.0
612 365850624.0
613 365850624.0
614 365850624.0
615 365318144.0
616 365731840.0
617 365117440.0
618 365383680.0
619 365649920.0
620 365383680.0
621 365649920.0
622 365649920.0
623 365649920.0
624 365649920.0
625 365649920.0
626 365690880.0
627 365293568.0
628 365572096.0
629 365617152.0
630 365555712.0
631 365289472.0
632 365555712.0
633 365555712.0
634 365555712.0
635 365555712.0
636 365686784.0
637 366153728.0
638 366153728.0
639 365887488.0
640 366153728.0
641 366153728.0
642 365637632.0
643 366055424.0
644 366260224.0
645 366346240.0
646 365731840.0
647 366096384.0
648 366096384.0
649 366096384.0
650 366096384.0
651 366096384.0
652 366096384.0
653 366096384.0
654 366305280.0
655 366452736.0
656 366034944.0
657 366112768.0
658 366141440.0
659 366161920.0
660 366125056.0
661 365326336.0
662 365326336.0
663 365858816.0
664 365326336.0
665 365592576.0
666 365592576.0
667 366301184.0
668 366567424.0
669 366567424.0
670 354721792.0
671 355753984.0
672 355753984.0
673 355753984.0
674 355487744.0
675 355753984.0
676 355631104.0
677 355688448.0
678 355688448.0
679 355688448.0
680 355688448.0
681 355688448.0
682 355688448.0
683 355688448.0
684 355688448.0
685 355688448.0
686 355688448.0
687 355565568.0
688 355565568.0
689 355565568.0
690 355565568.0
691 355565568.0
692 355299328.0
693 355921920.0
694 355921920.0
695 355921920.0
696 355921920.0
697 356401152.0
698 356401152.0
699 356401152.0
700 356401152.0
701 356401152.0
702 356401152.0
703 356401152.0
704 356401152.0
705 356401152.0
706 356401152.0
707 356474880.0
708 356474880.0
709 356474880.0
710 356474880.0
711 356474880.0
712 356474880.0
713 356208640.0
714 356474880.0
715 356474880.0
716 356474880.0
717 356671488.0
718 356405248.0
719 356671488.0
720 356671488.0
721 356671488.0
722 356671488.0
723 356671488.0
724 356671488.0
725 356671488.0
726 356671488.0
727 356208640.0
728 356167680.0
729 356167680.0
730 346472448.0
731 346472448.0
732 346206208.0
733 346206208.0
734 346206208.0
735 346206208.0
736 346206208.0
737 345649152.0
738 345636864.0
739 345636864.0
740 345636864.0
741 345636864.0
742 345636864.0
743 345636864.0
744 345636864.0
745 345636864.0
746 345636864.0
747 345161728.0
748 345800704.0
749 346017792.0
750 345763840.0
751 345628672.0
752 346165248.0
753 346165248.0
754 346165248.0
755 346165248.0
756 346165248.0
757 346275840.0
758 345985024.0
759 345718784.0
760 345985024.0
761 345985024.0
762 345718784.0
763 345985024.0
764 345985024.0
765 346251264.0
766 346251264.0
767 346271744.0
768 346247168.0
769 346247168.0
770 346247168.0
771 346247168.0
772 346247168.0
773 346247168.0
774 346247168.0
775 346247168.0
776 346247168.0
777 346427392.0
778 346468352.0
779 346468352.0
780 346468352.0
781 346468352.0
782 346468352.0
783 346468352.0
784 346468352.0
785 346468352.0
786 346468352.0
787 346783744.0
788 346767360.0
789 346767360.0
790 333455360.0
791 333897728.0
792 333897728.0
793 333897728.0
794 333897728.0
795 333897728.0
796 333897728.0
797 334123008.0
798 334258176.0
799 334258176.0
800 334258176.0
801 334258176.0
802 334258176.0
803 334258176.0
804 334258176.0
805 333991936.0
806 334258176.0
807 334209024.0
808 333942784.0
809 333942784.0
810 334209024.0
811 334209024.0
812 334209024.0
813 334209024.0
814 333942784.0
815 333942784.0
816 334209024.0
817 334319616.0
818 334258176.0
819 334258176.0
820 334258176.0
821 334258176.0
822 334258176.0
823 334258176.0
824 334258176.0
825 334258176.0
826 334258176.0
827 334462976.0
828 334675968.0
829 334675968.0
830 334675968.0
831 334675968.0
832 334675968.0
833 334675968.0
834 334675968.0
835 334675968.0
836 334675968.0
837 334897152.0
838 334835712.0
839 334835712.0
840 334835712.0
841 334835712.0
842 334835712.0
843 334835712.0
844 334835712.0
845 334835712.0
846 334835712.0
847 334835712.0
848 335060992.0
849 335060992.0
850 296931328.0
851 298033152.0
852 298033152.0
853 298033152.0
854 298033152.0
855 298033152.0
856 298033152.0
857 298033152.0
858 298033152.0
859 298033152.0
860 298033152.0
861 298033152.0
862 298033152.0
863 298033152.0
864 298033152.0
865 298020864.0
866 298020864.0
867 298020864.0
868 298020864.0
869 298020864.0
870 298020864.0
871 298020864.0
872 298020864.0
873 298020864.0
874 298020864.0
875 298020864.0
876 298020864.0
877 298020864.0
878 298020864.0
879 298020864.0
880 298020864.0
881 298020864.0
882 298020864.0
883 298020864.0
884 298020864.0
885 298020864.0
886 298020864.0
887 298020864.0
888 298020864.0
889 298020864.0
890 298020864.0
891 298020864.0
892 298020864.0
893 298020864.0
894 298020864.0
895 298020864.0
