0 11730944.0
1 11743232.0
2 11743232.0
3 11743232.0
4 11743232.0
5 11743232.0
6 11743232.0
7 11743232.0
8 11743232.0
9 11743232.0
10 11743232.0
11 11743232.0
12 11743232.0
13 11747328.0
14 11747328.0
15 11747328.0
16 11747328.0
17 11747328.0
18 11747328.0
19 11747328.0
20 11747328.0
21 11747328.0
22 11747328.0
23 11747328.0
24 11747328.0
25 11747328.0
26 11747328.0
27 11751424.0
28 11751424.0
29 11755520.0
30 11755520.0
31 11755520.0
32 11755520.0
33 11755520.0
34 11755520.0
35 11755520.0
36 11755520.0
37 11755520.0
38 11755520.0
39 11755520.0
40 11755520.0
41 11759616.0
42 11759616.0
43 11759616.0
44 11759616.0
45 11759616.0
46 11759616.0
47 11759616.0
48 11759616.0
49 11759616.0
50 11759616.0
51 11759616.0
52 11759616.0
53 11759616.0
54 11759616.0
55 11763712.0
56 11763712.0
57 11763712.0
58 11763712.0
59 11763712.0
60 11763712.0
61 11763712.0
62 11763712.0
63 11763712.0
64 11763712.0
65 11763712.0
66 11763712.0
67 11763712.0
68 11763712.0
69 11767808.0
70 11767808.0
71 11767808.0
72 11767808.0
73 11767808.0
74 11767808.0
75 11767808.0
76 11767808.0
77 11767808.0
78 11767808.0
79 11767808.0
80 11767808.0
81 11767808.0
82 11767808.0
83 11767808.0
84 11767808.0
85 11767808.0
86 11767808.0
87 11767808.0
88 11767808.0
89 11767808.0
90 11767808.0
91 11767808.0
92 11767808.0
93 11767808.0
94 11767808.0
95 11767808.0
96 11767808.0
97 11767808.0
98 11767808.0
99 11767808.0
100 11767808.0
101 11767808.0
102 11767808.0
103 11767808.0
104 11767808.0
105 11767808.0
106 11767808.0
107 11767808.0
108 11767808.0
109 11767808.0
110 11767808.0
111 11767808.0
112 11767808.0
113 11767808.0
114 11767808.0
115 11767808.0
116 11767808.0
117 11767808.0
118 11767808.0
119 11767808.0
120 11767808.0
121 11767808.0
122 11767808.0
123 11767808.0
124 11767808.0
125 11767808.0
126 11767808.0
127 11767808.0
128 11767808.0
129 11767808.0
130 11767808.0
131 11767808.0
132 11767808.0
133 11767808.0
134 11767808.0
135 11767808.0
136 11767808.0
137 11767808.0
138 11767808.0
139 11767808.0
140 11767808.0
141 11767808.0
142 11767808.0
143 11767808.0
144 11767808.0
145 11767808.0
146 11767808.0
147 11767808.0
148 11767808.0
149 11767808.0
150 11767808.0
151 11767808.0
152 11767808.0
153 11767808.0
154 11767808.0
155 11767808.0
156 11767808.0
157 11767808.0
158 11767808.0
159 11767808.0
160 11767808.0
161 11767808.0
162 11767808.0
163 11767808.0
164 11767808.0
165 11767808.0
166 11767808.0
167 11767808.0
168 11767808.0
169 11767808.0
170 11767808.0
171 11767808.0
172 11767808.0
173 11767808.0
174 11767808.0
175 11767808.0
176 11767808.0
177 11767808.0
178 11767808.0
179 11767808.0
180 11767808.0
181 11767808.0
182 11767808.0
183 11767808.0
184 11767808.0
185 11767808.0
186 11767808.0
187 11767808.0
188 11767808.0
189 11767808.0
190 11767808.0
191 11767808.0
192 11767808.0
193 11767808.0
194 11767808.0
195 11767808.0
196 11767808.0
197 11767808.0
198 11767808.0
199 11767808.0
200 11767808.0
201 11767808.0
202 11767808.0
203 11767808.0
204 11767808.0
205 11767808.0
206 11767808.0
207 11767808.0
208 11767808.0
209 11767808.0
210 11767808.0
211 11767808.0
212 11767808.0
213 11767808.0
214 11767808.0
215 11767808.0
216 11767808.0
217 11767808.0
218 11767808.0
219 11767808.0
220 11767808.0
221 11767808.0
222 11767808.0
223 11767808.0
224 11767808.0
225 11767808.0
226 11767808.0
227 11767808.0
228 11767808.0
229 11767808.0
230 11767808.0
231 11767808.0
232 11767808.0
233 11767808.0
234 11767808.0
235 11767808.0
236 11767808.0
237 11767808.0
238 11767808.0
239 11767808.0
240 11767808.0
241 11767808.0
242 11767808.0
243 11767808.0
244 11767808.0
245 11767808.0
246 11767808.0
247 11767808.0
248 11767808.0
249 11767808.0
250 11767808.0
251 11767808.0
252 11767808.0
253 11767808.0
254 11767808.0
255 11767808.0
256 11767808.0
257 11767808.0
258 11767808.0
259 11767808.0
260 11767808.0
261 11767808.0
262 11767808.0
263 11767808.0
264 11767808.0
265 11767808.0
266 11767808.0
267 11767808.0
268 11767808.0
269 11767808.0
270 11767808.0
271 11767808.0
272 11767808.0
273 11767808.0
274 11767808.0
275 11767808.0
276 11767808.0
277 11767808.0
278 11767808.0
279 11767808.0
280 11767808.0
281 11767808.0
282 11767808.0
283 11767808.0
284 11767808.0
285 11767808.0
286 11767808.0
287 11767808.0
288 11767808.0
289 11767808.0
290 11767808.0
291 11767808.0
292 11767808.0
293 11767808.0
294 11767808.0
295 11767808.0
296 11767808.0
297 11767808.0
298 11767808.0
299 11767808.0
300 11767808.0
301 11767808.0
302 11767808.0
303 11767808.0
304 11767808.0
305 11767808.0
306 11767808.0
307 11767808.0
308 11767808.0
309 11767808.0
310 11767808.0
311 11767808.0
312 11767808.0
313 11767808.0
314 11767808.0
315 11767808.0
316 11767808.0
317 11767808.0
318 11767808.0
319 11767808.0
320 11767808.0
321 11767808.0
322 11767808.0
323 11767808.0
324 11767808.0
325 11767808.0
326 11767808.0
327 11767808.0
328 11767808.0
329 11767808.0
330 11767808.0
331 11767808.0
332 11767808.0
333 11767808.0
334 11767808.0
335 11767808.0
336 11767808.0
337 11767808.0
338 11767808.0
339 11767808.0
340 11767808.0
341 11767808.0
342 11767808.0
343 11767808.0
344 11767808.0
345 11767808.0
346 11767808.0
347 11767808.0
348 11767808.0
349 11767808.0
350 11767808.0
351 11767808.0
352 11767808.0
353 11767808.0
354 11767808.0
355 11767808.0
356 11767808.0
357 11767808.0
358 11767808.0
359 11767808.0
360 11767808.0
361 11767808.0
362 11767808.0
363 11767808.0
364 11767808.0
365 11767808.0
366 11767808.0
367 11767808.0
368 11767808.0
369 11767808.0
370 11767808.0
371 11767808.0
372 11767808.0
373 11767808.0
374 11767808.0
375 11767808.0
376 11767808.0
377 11767808.0
378 11767808.0
379 11767808.0
380 11767808.0
381 11767808.0
382 11767808.0
383 11767808.0
384 11767808.0
385 11767808.0
386 11767808.0
387 11767808.0
388 11767808.0
389 11767808.0
390 11767808.0
391 11767808.0
392 11767808.0
393 11767808.0
394 11767808.0
395 11767808.0
396 11767808.0
397 11767808.0
398 11767808.0
399 11767808.0
400 11767808.0
401 11767808.0
402 11767808.0
403 11767808.0
404 11767808.0
405 11767808.0
406 11767808.0
407 11767808.0
408 11767808.0
409 11767808.0
410 11767808.0
411 11767808.0
412 11767808.0
413 11767808.0
414 11767808.0
415 11767808.0
416 11767808.0
417 11767808.0
418 11767808.0
419 11767808.0
420 11767808.0
421 11767808.0
422 11767808.0
423 11767808.0
424 11767808.0
425 11767808.0
426 11767808.0
427 11767808.0
428 11767808.0
429 11767808.0
430 11767808.0
431 11767808.0
432 11767808.0
433 11767808.0
434 11767808.0
435 11767808.0
436 11767808.0
437 11767808.0
438 11767808.0
439 11767808.0
440 11767808.0
441 11767808.0
442 11767808.0
443 11767808.0
444 11767808.0
445 11767808.0
446 11767808.0
447 11767808.0
448 11767808.0
449 11767808.0
450 11767808.0
451 11767808.0
452 11767808.0
453 11767808.0
454 11767808.0
455 11767808.0
456 11767808.0
457 11767808.0
458 11767808.0
459 11767808.0
460 11767808.0
461 11767808.0
462 11767808.0
463 11767808.0
464 11767808.0
465 11767808.0
466 11767808.0
467 11767808.0
468 11767808.0
469 11767808.0
470 11767808.0
471 11767808.0
472 11767808.0
473 11767808.0
474 11767808.0
475 11767808.0
476 11767808.0
477 11767808.0
478 11767808.0
479 11767808.0
480 11767808.0
481 11767808.0
482 11767808.0
483 11767808.0
484 11767808.0
485 11767808.0
486 11767808.0
487 11767808.0
488 11767808.0
489 11767808.0
490 11767808.0
491 11767808.0
492 11767808.0
493 11767808.0
494 11767808.0
495 11767808.0
496 11767808.0
497 11767808.0
498 11767808.0
499 11767808.0
500 11767808.0
501 11767808.0
502 11767808.0
503 11767808.0
504 11767808.0
505 11767808.0
506 11767808.0
507 11767808.0
508 11767808.0
509 11767808.0
510 11767808.0
511 11767808.0
512 11767808.0
513 11767808.0
514 11767808.0
515 11767808.0
516 11767808.0
517 11767808.0
518 11767808.0
519 11767808.0
520 11767808.0
521 11767808.0
522 11767808.0
523 11767808.0
524 11767808.0
525 11767808.0
526 11767808.0
527 11767808.0
528 11767808.0
529 11767808.0
530 11767808.0
531 11767808.0
532 11767808.0
533 11767808.0
534 11767808.0
535 11767808.0
536 11767808.0
537 11767808.0
538 11767808.0
539 11767808.0
540 11767808.0
541 11767808.0
542 11767808.0
543 11767808.0
544 11767808.0
545 11767808.0
546 11767808.0
547 11767808.0
548 11767808.0
549 11767808.0
550 11767808.0
551 11767808.0
552 11767808.0
553 11767808.0
554 11767808.0
555 11767808.0
556 11767808.0
557 11767808.0
558 11767808.0
559 11767808.0
560 11767808.0
561 11767808.0
562 11767808.0
563 11767808.0
564 11767808.0
565 11767808.0
566 11767808.0
567 11767808.0
568 11767808.0
569 11767808.0
570 11767808.0
571 11767808.0
572 11767808.0
573 11767808.0
574 11767808.0
575 11767808.0
576 11767808.0
577 11767808.0
578 11767808.0
579 11767808.0
580 11767808.0
581 11767808.0
582 11767808.0
583 11767808.0
584 11767808.0
585 11767808.0
586 11767808.0
587 11767808.0
588 11767808.0
589 11767808.0
590 11767808.0
591 11767808.0
592 11767808.0
593 11767808.0
594 11767808.0
595 11767808.0
596 11767808.0
597 11767808.0
598 11767808.0
599 11767808.0
600 11767808.0
601 11767808.0
602 11767808.0
603 11767808.0
604 11767808.0
605 11767808.0
606 11767808.0
607 11767808.0
608 11767808.0
609 11767808.0
610 11767808.0
611 11767808.0
612 11767808.0
613 11767808.0
614 11767808.0
615 11767808.0
616 11767808.0
617 11767808.0
618 11767808.0
619 11767808.0
620 11767808.0
621 11767808.0
622 11767808.0
623 11767808.0
624 11767808.0
625 11767808.0
626 11767808.0
627 11767808.0
628 11767808.0
629 11767808.0
630 11767808.0
631 11767808.0
632 11767808.0
633 11767808.0
634 11767808.0
635 11767808.0
636 11767808.0
637 11767808.0
638 11767808.0
639 11767808.0
640 11767808.0
641 11767808.0
642 11767808.0
643 11767808.0
644 11767808.0
645 11767808.0
646 11767808.0
647 11767808.0
648 11767808.0
649 11767808.0
650 11767808.0
651 11767808.0
652 11767808.0
653 11767808.0
654 11767808.0
655 11767808.0
656 11767808.0
657 11767808.0
658 11767808.0
659 11767808.0
660 11767808.0
661 11767808.0
662 11767808.0
663 11767808.0
664 11767808.0
665 11767808.0
666 11767808.0
667 11767808.0
668 11767808.0
669 11767808.0
670 11767808.0
671 11767808.0
672 11767808.0
673 11767808.0
674 11767808.0
675 11767808.0
676 11767808.0
677 11767808.0
678 11767808.0
679 11767808.0
680 11767808.0
681 11767808.0
682 11767808.0
683 11767808.0
684 11767808.0
685 11767808.0
686 11767808.0
687 11767808.0
688 11767808.0
689 11767808.0
690 11767808.0
691 11767808.0
692 11767808.0
693 11767808.0
694 11767808.0
695 11767808.0
696 11767808.0
697 11767808.0
698 11767808.0
699 11767808.0
700 11767808.0
701 11767808.0
702 11767808.0
703 11767808.0
704 11767808.0
705 11767808.0
706 11767808.0
707 11767808.0
708 11767808.0
709 11767808.0
710 11767808.0
711 11767808.0
712 11767808.0
713 11767808.0
714 11767808.0
715 11767808.0
716 11767808.0
717 11767808.0
718 11767808.0
719 11767808.0
720 11767808.0
721 11767808.0
722 11767808.0
723 11767808.0
724 11767808.0
725 11767808.0
726 11767808.0
727 11767808.0
728 11767808.0
729 11767808.0
730 11767808.0
731 11767808.0
732 11767808.0
733 11767808.0
734 11767808.0
735 11767808.0
736 11767808.0
737 11767808.0
738 11767808.0
739 11767808.0
740 11767808.0
741 11767808.0
742 11767808.0
743 11767808.0
744 11767808.0
745 11767808.0
746 11767808.0
747 11767808.0
748 11767808.0
749 11767808.0
750 11767808.0
751 11767808.0
752 11767808.0
753 11767808.0
754 11767808.0
755 11767808.0
756 11767808.0
757 11767808.0
758 11767808.0
759 11767808.0
760 11767808.0
761 11767808.0
762 11767808.0
763 11767808.0
764 11767808.0
765 11767808.0
766 11767808.0
767 11767808.0
768 11767808.0
769 11767808.0
770 11767808.0
771 11767808.0
772 11767808.0
773 11767808.0
774 11767808.0
775 11767808.0
776 11767808.0
777 11767808.0
778 11767808.0
779 11767808.0
780 11767808.0
781 11767808.0
782 11767808.0
783 11767808.0
784 11767808.0
785 11767808.0
786 11767808.0
787 11767808.0
788 11767808.0
789 11767808.0
790 11767808.0
791 11767808.0
792 11767808.0
793 11767808.0
794 11767808.0
795 11767808.0
796 11767808.0
797 11767808.0
798 11767808.0
799 11767808.0
800 11767808.0
801 11767808.0
802 11767808.0
803 11767808.0
804 11767808.0
805 11767808.0
806 11767808.0
807 11767808.0
808 11767808.0
809 11767808.0
810 11767808.0
811 11767808.0
812 11767808.0
813 11767808.0
814 11767808.0
815 11767808.0
816 11767808.0
817 11767808.0
818 11767808.0
819 11767808.0
820 11767808.0
821 11767808.0
822 11767808.0
823 11767808.0
824 11767808.0
825 11767808.0
826 11767808.0
827 11767808.0
828 11767808.0
829 11767808.0
830 11767808.0
831 11767808.0
832 11767808.0
833 11767808.0
834 11767808.0
835 11767808.0
836 11767808.0
837 11767808.0
838 11767808.0
839 11767808.0
840 11767808.0
841 11767808.0
842 11767808.0
843 11767808.0
844 11767808.0
845 11767808.0
846 11767808.0
847 11767808.0
848 11767808.0
849 11767808.0
850 11767808.0
851 11767808.0
852 11767808.0
853 11767808.0
854 11767808.0
855 11767808.0
856 11767808.0
857 11767808.0
858 11767808.0
859 11767808.0
860 11767808.0
861 11767808.0
862 11767808.0
863 11767808.0
864 11767808.0
865 11767808.0
866 11767808.0
867 11767808.0
868 11767808.0
869 11767808.0
870 11767808.0
871 11767808.0
872 11767808.0
873 11767808.0
874 11767808.0
875 11767808.0
876 11767808.0
877 11767808.0
878 11767808.0
879 11767808.0
880 11767808.0
881 11767808.0
882 11767808.0
883 11767808.0
884 11767808.0
885 11767808.0
886 11767808.0
887 11767808.0
888 11767808.0
889 11767808.0
890 11767808.0
891 11767808.0
892 11767808.0
893 11767808.0
894 11767808.0
895 11767808.0
896 11767808.0
