0 806912.0
1 806912.0
2 806912.0
3 806912.0
4 806912.0
5 1728512.0
6 1728512.0
7 1728512.0
8 1728512.0
9 1728512.0
10 1728512.0
11 1728512.0
12 1728512.0
13 1728512.0
14 1728512.0
15 1728512.0
16 1728512.0
17 1728512.0
18 1728512.0
19 1728512.0
20 1728512.0
21 1728512.0
22 1728512.0
23 1728512.0
24 1728512.0
25 1728512.0
26 1728512.0
27 1728512.0
28 1728512.0
29 1728512.0
30 1728512.0
31 1728512.0
32 1728512.0
33 1728512.0
34 1728512.0
35 1728512.0
36 1728512.0
37 1728512.0
38 1728512.0
39 1728512.0
40 1728512.0
41 1728512.0
42 1728512.0
43 1728512.0
44 1728512.0
45 1728512.0
46 1728512.0
47 1728512.0
48 1728512.0
49 1728512.0
50 1728512.0
51 1728512.0
52 1728512.0
53 1728512.0
54 1728512.0
55 1728512.0
56 1728512.0
57 1728512.0
58 1728512.0
59 1728512.0
60 1728512.0
61 1728512.0
62 1728512.0
63 1728512.0
64 1728512.0
65 1728512.0
66 1728512.0
67 1728512.0
68 1728512.0
69 1728512.0
70 1728512.0
71 1728512.0
72 1728512.0
73 1728512.0
74 1728512.0
75 1728512.0
76 1728512.0
77 1728512.0
78 1728512.0
79 1728512.0
80 1728512.0
81 1728512.0
82 1728512.0
83 1728512.0
84 1728512.0
85 1728512.0
86 1728512.0
87 1728512.0
88 1728512.0
89 1728512.0
90 1728512.0
91 1728512.0
92 1728512.0
93 1728512.0
94 1728512.0
95 1728512.0
96 1728512.0
97 1728512.0
98 1728512.0
99 1728512.0
100 1728512.0
101 1728512.0
102 1728512.0
103 1728512.0
104 1728512.0
105 1728512.0
106 1728512.0
107 1728512.0
108 1728512.0
109 1728512.0
110 1728512.0
111 1728512.0
112 1728512.0
113 1728512.0
114 1728512.0
115 1728512.0
116 1728512.0
117 1728512.0
118 1728512.0
119 1728512.0
120 1728512.0
121 1728512.0
122 1728512.0
123 1728512.0
124 1728512.0
125 1728512.0
126 1728512.0
127 1728512.0
128 1728512.0
129 1728512.0
130 1728512.0
131 1728512.0
132 1728512.0
133 1728512.0
134 1728512.0
135 1728512.0
136 1728512.0
137 1728512.0
138 1728512.0
139 1728512.0
140 1728512.0
141 1728512.0
142 1728512.0
143 1728512.0
144 1728512.0
145 1728512.0
146 1728512.0
147 1728512.0
148 1728512.0
149 1728512.0
150 1728512.0
151 1728512.0
152 1728512.0
153 1728512.0
154 1728512.0
155 1728512.0
156 1728512.0
157 1728512.0
158 1728512.0
159 1728512.0
160 1728512.0
161 1728512.0
162 1728512.0
163 1728512.0
164 1728512.0
165 1728512.0
166 1728512.0
167 1728512.0
168 1728512.0
169 1728512.0
170 1728512.0
171 1728512.0
172 1728512.0
173 1728512.0
174 1728512.0
175 1728512.0
176 1728512.0
177 1728512.0
178 1728512.0
179 1728512.0
180 1728512.0
181 1728512.0
182 1728512.0
183 1728512.0
184 1728512.0
185 1728512.0
186 1728512.0
187 1728512.0
188 1728512.0
189 1728512.0
190 1728512.0
191 1728512.0
192 1728512.0
193 1728512.0
194 1728512.0
195 1728512.0
196 1728512.0
197 1728512.0
198 1728512.0
199 1728512.0
200 1728512.0
201 1728512.0
202 1728512.0
203 1728512.0
204 1728512.0
205 1728512.0
206 1728512.0
207 1728512.0
208 1728512.0
209 1728512.0
210 1728512.0
211 1728512.0
212 1728512.0
213 1728512.0
214 1728512.0
215 1728512.0
216 1728512.0
217 1728512.0
218 1728512.0
219 1728512.0
220 1728512.0
221 1728512.0
222 1728512.0
223 1728512.0
224 1728512.0
225 1728512.0
226 1728512.0
227 1728512.0
228 1728512.0
229 1728512.0
230 1728512.0
231 1728512.0
232 1728512.0
233 1728512.0
234 1728512.0
235 1728512.0
236 1728512.0
237 1728512.0
238 1728512.0
239 1728512.0
240 1728512.0
241 1728512.0
242 1728512.0
243 1728512.0
244 1728512.0
245 1728512.0
246 1728512.0
247 1728512.0
248 1728512.0
249 1728512.0
250 1728512.0
251 1728512.0
252 1728512.0
253 1728512.0
254 1728512.0
255 1728512.0
256 1728512.0
257 1728512.0
258 1728512.0
259 1728512.0
260 1728512.0
261 1728512.0
262 1728512.0
263 1728512.0
264 1728512.0
265 1728512.0
266 1728512.0
267 1728512.0
268 1728512.0
269 1728512.0
270 1728512.0
271 1728512.0
272 1728512.0
273 1728512.0
274 1728512.0
275 1728512.0
276 1728512.0
277 1728512.0
278 1728512.0
279 1728512.0
280 1728512.0
281 1728512.0
282 1728512.0
283 1728512.0
284 1728512.0
285 1728512.0
286 1728512.0
287 1728512.0
288 1728512.0
289 1728512.0
290 1728512.0
291 1728512.0
292 1728512.0
293 1728512.0
294 1728512.0
295 1728512.0
296 1728512.0
297 1728512.0
298 1728512.0
299 1728512.0
300 1728512.0
301 1728512.0
302 1728512.0
303 1728512.0
304 1728512.0
305 1728512.0
306 1728512.0
307 1728512.0
308 1728512.0
309 1728512.0
310 1728512.0
311 1728512.0
312 1728512.0
313 1728512.0
314 1728512.0
315 1728512.0
316 1728512.0
317 1728512.0
318 1728512.0
319 1728512.0
320 1728512.0
321 1728512.0
322 1728512.0
323 1728512.0
324 1728512.0
325 1728512.0
326 1728512.0
327 1728512.0
328 1728512.0
329 1728512.0
330 1728512.0
331 1728512.0
332 1728512.0
333 1728512.0
334 1728512.0
335 1728512.0
336 1728512.0
337 1728512.0
338 1728512.0
339 1728512.0
340 1728512.0
341 1728512.0
342 1728512.0
343 1728512.0
344 1728512.0
345 1728512.0
346 1728512.0
347 1728512.0
348 1728512.0
349 1728512.0
350 1728512.0
351 1728512.0
352 1728512.0
353 1728512.0
354 1728512.0
355 1728512.0
356 1728512.0
357 1728512.0
358 1728512.0
359 1728512.0
360 1728512.0
361 1728512.0
362 1728512.0
363 1728512.0
364 1728512.0
365 1728512.0
366 1728512.0
367 1728512.0
368 1728512.0
369 1728512.0
370 1728512.0
371 1728512.0
372 1728512.0
373 1728512.0
374 1728512.0
375 1728512.0
376 1728512.0
377 1728512.0
378 1728512.0
379 1728512.0
380 1728512.0
381 1728512.0
382 1728512.0
383 1728512.0
384 1728512.0
385 1728512.0
386 1728512.0
387 1728512.0
388 1728512.0
389 1728512.0
390 1728512.0
391 1728512.0
392 1728512.0
393 1728512.0
394 1728512.0
395 1728512.0
396 1728512.0
397 1728512.0
398 1728512.0
399 1728512.0
400 1728512.0
401 1728512.0
402 1728512.0
403 1728512.0
404 1728512.0
405 1728512.0
406 1728512.0
407 1728512.0
408 1728512.0
409 1728512.0
410 1728512.0
411 1728512.0
412 1728512.0
413 1728512.0
414 1728512.0
415 1728512.0
416 1728512.0
417 1728512.0
418 1728512.0
419 1728512.0
420 1728512.0
421 1728512.0
422 1728512.0
423 1728512.0
424 1728512.0
425 1728512.0
426 1728512.0
427 1728512.0
428 1728512.0
429 1728512.0
430 1728512.0
431 1728512.0
432 1728512.0
433 1728512.0
434 1728512.0
435 1728512.0
436 1728512.0
437 1728512.0
438 1728512.0
439 1728512.0
440 1728512.0
441 1728512.0
442 1728512.0
443 1728512.0
444 1728512.0
445 1728512.0
446 1728512.0
447 1728512.0
448 1728512.0
449 1728512.0
450 1728512.0
451 1728512.0
452 1728512.0
453 1728512.0
454 1728512.0
455 1728512.0
456 1728512.0
457 1728512.0
458 1728512.0
459 1728512.0
460 1728512.0
461 1728512.0
462 1728512.0
463 1728512.0
464 1728512.0
465 1728512.0
466 1728512.0
467 1728512.0
468 1728512.0
469 1728512.0
470 1728512.0
471 1728512.0
472 1728512.0
473 1728512.0
474 1728512.0
475 1728512.0
476 1728512.0
477 1728512.0
478 1728512.0
479 1728512.0
480 1728512.0
481 1728512.0
482 1728512.0
483 1728512.0
484 1728512.0
485 1728512.0
486 1728512.0
487 1728512.0
488 1728512.0
489 1728512.0
490 1728512.0
491 1728512.0
492 1728512.0
493 1728512.0
494 1728512.0
495 1728512.0
496 1728512.0
497 1728512.0
498 1728512.0
499 1728512.0
500 1728512.0
501 1728512.0
502 1728512.0
503 1728512.0
504 1728512.0
505 1728512.0
506 1728512.0
507 1728512.0
508 1728512.0
509 1728512.0
510 1728512.0
511 1728512.0
512 1728512.0
513 1728512.0
514 1728512.0
515 1728512.0
516 1728512.0
517 1728512.0
518 1728512.0
519 1728512.0
520 1728512.0
521 1728512.0
522 1728512.0
523 1728512.0
524 1728512.0
525 1728512.0
526 1728512.0
527 1728512.0
528 1728512.0
529 1728512.0
530 1728512.0
531 1728512.0
532 1728512.0
533 1728512.0
534 1728512.0
535 1728512.0
536 1728512.0
537 1728512.0
538 1728512.0
539 1728512.0
540 1728512.0
541 1728512.0
542 1728512.0
543 1728512.0
544 1728512.0
545 1728512.0
546 1728512.0
547 1728512.0
548 1728512.0
549 1728512.0
550 1728512.0
551 1728512.0
552 1728512.0
553 1728512.0
554 1728512.0
555 1728512.0
556 1728512.0
557 1728512.0
558 1728512.0
559 1728512.0
560 1728512.0
561 1728512.0
562 1728512.0
563 1728512.0
564 1728512.0
565 1728512.0
566 1728512.0
567 1728512.0
568 1728512.0
569 1728512.0
570 1728512.0
571 1728512.0
572 1728512.0
573 1728512.0
574 1728512.0
575 1728512.0
576 1728512.0
577 1728512.0
578 1728512.0
579 1728512.0
580 1728512.0
581 1728512.0
582 1728512.0
583 1728512.0
584 1728512.0
585 1728512.0
586 1728512.0
587 1728512.0
588 1728512.0
589 1728512.0
590 1728512.0
591 1728512.0
592 1728512.0
593 1728512.0
594 1728512.0
595 1728512.0
596 1728512.0
597 1728512.0
598 1728512.0
599 1728512.0
600 1728512.0
601 1728512.0
602 1728512.0
603 1728512.0
604 1728512.0
605 1728512.0
606 1728512.0
607 1728512.0
608 1728512.0
609 1728512.0
610 1728512.0
611 1728512.0
612 1728512.0
613 1728512.0
614 1728512.0
615 1728512.0
616 1728512.0
617 1728512.0
618 1728512.0
619 1728512.0
620 1728512.0
621 1728512.0
622 1728512.0
623 1728512.0
624 1728512.0
625 1728512.0
626 1728512.0
627 1728512.0
628 1728512.0
629 1728512.0
630 1728512.0
631 1728512.0
632 1728512.0
633 1728512.0
634 1728512.0
635 1728512.0
636 1728512.0
637 1728512.0
638 1728512.0
639 1728512.0
640 1728512.0
641 1728512.0
642 1728512.0
643 1728512.0
644 1728512.0
645 1728512.0
646 1728512.0
647 1728512.0
648 1728512.0
649 1728512.0
650 1728512.0
651 1728512.0
652 1728512.0
653 1728512.0
654 1728512.0
655 1728512.0
656 1728512.0
657 1728512.0
658 1728512.0
659 1728512.0
660 1728512.0
661 1728512.0
662 1728512.0
663 1728512.0
664 1728512.0
665 1728512.0
666 1728512.0
667 1728512.0
668 1728512.0
669 1728512.0
670 1728512.0
671 1728512.0
672 1728512.0
673 1728512.0
674 1728512.0
675 1728512.0
676 1728512.0
677 1728512.0
678 1728512.0
679 1728512.0
680 1728512.0
681 1728512.0
682 1728512.0
683 1728512.0
684 1728512.0
685 1728512.0
686 1728512.0
687 1728512.0
688 1728512.0
689 1728512.0
690 1728512.0
691 1728512.0
692 1728512.0
693 1728512.0
694 1728512.0
695 1728512.0
696 1728512.0
697 1728512.0
698 1728512.0
699 1728512.0
700 1728512.0
701 1728512.0
702 1728512.0
703 1728512.0
704 1728512.0
705 1728512.0
706 1728512.0
707 1728512.0
708 1728512.0
709 1728512.0
710 1728512.0
711 1728512.0
712 1728512.0
713 1728512.0
714 1728512.0
715 1728512.0
716 1728512.0
717 1728512.0
718 1728512.0
719 1728512.0
720 1728512.0
721 1728512.0
722 1728512.0
723 1728512.0
724 1728512.0
725 1728512.0
726 1728512.0
727 1728512.0
728 1728512.0
729 1728512.0
730 1728512.0
731 1728512.0
732 1728512.0
733 1728512.0
734 1728512.0
735 1728512.0
736 1728512.0
737 1728512.0
738 1728512.0
739 1728512.0
740 1728512.0
741 1728512.0
742 1728512.0
743 1728512.0
744 1728512.0
745 1728512.0
746 1728512.0
747 1728512.0
748 1728512.0
749 1728512.0
750 1728512.0
751 1728512.0
752 1728512.0
753 1728512.0
754 1728512.0
755 1728512.0
756 1728512.0
757 1728512.0
758 1728512.0
759 1728512.0
760 1728512.0
761 1728512.0
762 1728512.0
763 1728512.0
764 1728512.0
765 1728512.0
766 1728512.0
767 1728512.0
768 1728512.0
769 1728512.0
770 1728512.0
771 1728512.0
772 1728512.0
773 1728512.0
774 1728512.0
775 1728512.0
776 1728512.0
777 1728512.0
778 1728512.0
779 1728512.0
780 1728512.0
781 1728512.0
782 1728512.0
783 1728512.0
784 1728512.0
785 1728512.0
786 1728512.0
787 1728512.0
788 1728512.0
789 1728512.0
790 1728512.0
791 1728512.0
792 1728512.0
793 1728512.0
794 1728512.0
795 1728512.0
796 1728512.0
797 1728512.0
798 1728512.0
799 1728512.0
800 1728512.0
801 1728512.0
802 1728512.0
803 1728512.0
804 1728512.0
805 1728512.0
806 1728512.0
807 1728512.0
808 1728512.0
809 1728512.0
810 1728512.0
811 1728512.0
812 1728512.0
813 1728512.0
814 1728512.0
815 1728512.0
816 1728512.0
817 1728512.0
818 1728512.0
819 1728512.0
820 1728512.0
821 1728512.0
822 1728512.0
823 1728512.0
824 1728512.0
825 1728512.0
826 1728512.0
827 1728512.0
828 1728512.0
829 1728512.0
830 1728512.0
831 1728512.0
832 1728512.0
833 1728512.0
834 1728512.0
835 1728512.0
836 1728512.0
837 1728512.0
838 1728512.0
839 1728512.0
840 1728512.0
841 1728512.0
842 1728512.0
843 1728512.0
844 1728512.0
845 1728512.0
846 1728512.0
847 1728512.0
848 1728512.0
849 1728512.0
850 1728512.0
851 1728512.0
852 1728512.0
853 1728512.0
854 1728512.0
855 1728512.0
856 1728512.0
857 1728512.0
858 1728512.0
859 1728512.0
860 1728512.0
861 1728512.0
862 1728512.0
863 1728512.0
864 1728512.0
865 1728512.0
866 1728512.0
867 1728512.0
868 1728512.0
869 1728512.0
870 1728512.0
871 1728512.0
872 1728512.0
873 1728512.0
874 1728512.0
875 1728512.0
876 1728512.0
877 1728512.0
878 1728512.0
879 1728512.0
880 1728512.0
881 1728512.0
882 1728512.0
883 1728512.0
884 1728512.0
885 1728512.0
886 1728512.0
887 1728512.0
888 1728512.0
889 1728512.0
890 1728512.0
891 1728512.0
892 1728512.0
893 1728512.0
894 1728512.0
895 1728512.0
896 1728512.0
