0 43274240.0
1 61362176.0
2 61362176.0
3 61362176.0
4 61362176.0
5 62439424.0
6 79261696.0
7 79261696.0
8 95203328.0
9 95203328.0
10 95203328.0
11 95203328.0
12 79482880.0
13 63361024.0
14 63361024.0
15 63361024.0
16 63361024.0
17 63361024.0
18 63361024.0
19 63361024.0
20 63361024.0
21 63361024.0
22 63361024.0
23 63361024.0
24 63361024.0
25 63361024.0
26 63361024.0
27 63361024.0
28 63361024.0
29 63361024.0
30 63361024.0
31 63361024.0
32 63361024.0
33 63361024.0
34 63361024.0
35 63361024.0
36 63361024.0
37 63361024.0
38 63361024.0
39 63361024.0
40 63361024.0
41 63361024.0
42 63361024.0
43 63361024.0
44 63361024.0
45 63361024.0
46 63361024.0
47 63361024.0
48 63361024.0
49 63361024.0
50 63361024.0
51 63361024.0
52 63361024.0
53 63361024.0
54 63361024.0
55 63361024.0
56 63361024.0
57 63361024.0
58 63361024.0
59 63361024.0
60 63361024.0
61 93462528.0
62 93462528.0
63 93462528.0
64 93462528.0
65 93462528.0
66 93462528.0
67 93462528.0
68 93462528.0
69 93462528.0
70 93462528.0
71 93462528.0
72 93462528.0
73 93462528.0
74 93462528.0
75 93462528.0
76 93462528.0
77 93462528.0
78 93462528.0
79 93462528.0
80 93462528.0
81 93462528.0
82 93462528.0
83 93462528.0
84 93462528.0
85 93462528.0
86 93462528.0
87 95064064.0
88 95064064.0
89 95064064.0
90 95064064.0
91 95064064.0
92 95064064.0
93 95064064.0
94 95064064.0
95 95064064.0
96 95064064.0
97 61812736.0
98 61812736.0
99 61812736.0
100 62476288.0
101 62476288.0
102 64004096.0
103 64004096.0
104 64004096.0
105 64004096.0
106 64004096.0
107 64004096.0
108 64004096.0
109 64757760.0
110 65290240.0
111 65290240.0
112 65290240.0
113 65290240.0
114 65290240.0
115 65290240.0
116 65290240.0
117 64315392.0
118 64315392.0
119 64315392.0
120 64315392.0
121 100421632.0
122 100421632.0
123 100421632.0
124 100421632.0
125 100421632.0
126 101462016.0
127 101974016.0
128 101974016.0
129 101974016.0
130 102633472.0
131 103100416.0
132 66330624.0
133 66330624.0
134 66330624.0
135 66330624.0
136 66785280.0
137 68550656.0
138 68550656.0
139 68550656.0
140 68550656.0
141 69427200.0
142 69427200.0
143 69427200.0
144 69427200.0
145 69427200.0
146 69427200.0
147 71049216.0
148 71049216.0
149 71049216.0
150 71049216.0
151 72216576.0
152 72216576.0
153 69103616.0
154 69103616.0
155 69103616.0
156 69103616.0
157 70668288.0
158 70914048.0
159 71553024.0
160 71950336.0
161 72478720.0
162 72478720.0
163 72740864.0
164 72740864.0
165 72740864.0
166 72740864.0
167 74563584.0
168 71135232.0
169 71761920.0
170 71761920.0
171 73691136.0
172 73691136.0
173 73691136.0
174 73691136.0
175 73691136.0
176 74199040.0
177 76001280.0
178 76517376.0
179 76517376.0
180 73621504.0
181 109469696.0
182 109469696.0
183 109469696.0
184 109469696.0
185 109469696.0
186 109977600.0
187 111583232.0
188 112734208.0
189 112734208.0
190 113627136.0
191 114692096.0
192 114692096.0
193 114692096.0
194 114692096.0
195 114692096.0
196 114692096.0
197 77844480.0
198 79405056.0
199 79405056.0
200 79405056.0
201 80523264.0
202 80523264.0
203 82571264.0
204 82571264.0
205 82571264.0
206 82571264.0
207 83357696.0
208 85401600.0
209 85401600.0
210 85401600.0
211 86495232.0
212 86495232.0
213 86495232.0
214 86495232.0
215 86495232.0
216 86495232.0
217 83279872.0
218 85757952.0
219 85757952.0
220 86290432.0
221 87617536.0
222 87617536.0
223 87879680.0
224 87879680.0
225 87879680.0
226 87879680.0
227 88899584.0
228 87203840.0
229 87203840.0
230 87203840.0
231 88522752.0
232 89317376.0
233 89575424.0
234 89575424.0
235 89575424.0
236 90066944.0
237 91660288.0
238 92491776.0
239 92491776.0
240 89182208.0
241 125505536.0
242 125505536.0
243 125505536.0
244 125505536.0
245 125505536.0
246 126013440.0
247 127610880.0
248 128843776.0
249 128843776.0
250 92028928.0
251 94011392.0
252 94011392.0
253 94011392.0
254 94011392.0
255 94011392.0
256 94011392.0
257 95551488.0
258 97185792.0
259 97185792.0
260 97185792.0
261 99041280.0
262 94216192.0
263 94216192.0
264 94216192.0
265 94216192.0
266 94216192.0
267 96141312.0
268 97308672.0
269 97308672.0
270 97308672.0
271 99098624.0
272 99098624.0
273 96223232.0
274 96223232.0
275 96223232.0
276 96223232.0
277 97923072.0
278 99827712.0
279 99827712.0
280 100360192.0
281 102744064.0
282 102744064.0
283 102744064.0
284 102744064.0
285 102744064.0
286 102744064.0
287 99663872.0
288 103014400.0
289 103014400.0
290 103014400.0
291 104603648.0
292 105406464.0
293 104431616.0
294 104431616.0
295 104431616.0
296 105050112.0
297 107429888.0
298 109191168.0
299 109850624.0
300 109850624.0
301 141266944.0
302 142065664.0
303 142598144.0
304 142598144.0
305 142598144.0
306 142598144.0
307 106602496.0
308 108572672.0
309 108572672.0
310 109096960.0
311 109621248.0
312 111226880.0
313 111226880.0
314 111226880.0
315 111226880.0
316 111226880.0
317 111226880.0
318 110878720.0
319 111149056.0
320 111149056.0
321 111149056.0
322 113278976.0
323 113278976.0
324 109899776.0
325 109899776.0
326 109899776.0
327 109899776.0
328 112357376.0
329 113848320.0
330 113848320.0
331 113848320.0
332 116109312.0
333 116109312.0
334 116109312.0
335 116109312.0
336 116109312.0
337 116109312.0
338 114139136.0
339 116387840.0
340 116387840.0
341 117587968.0
342 119586816.0
343 119586816.0
344 121880576.0
345 121880576.0
346 121880576.0
347 121880576.0
348 119894016.0
349 122949632.0
350 122949632.0
351 122949632.0
352 125079552.0
353 121688064.0
354 121688064.0
355 121688064.0
356 121688064.0
357 122298368.0
358 125202432.0
359 126767104.0
360 126996480.0
361 161681408.0
362 127639552.0
363 127639552.0
364 127639552.0
365 127639552.0
366 127639552.0
367 128147456.0
368 130793472.0
369 129646592.0
370 129646592.0
371 130170880.0
372 132968448.0
373 132968448.0
374 132968448.0
375 132968448.0
376 132968448.0
377 132968448.0
378 130285568.0
379 132431872.0
380 132431872.0
381 132431872.0
382 135278592.0
383 135278592.0
384 137580544.0
385 137580544.0
386 137580544.0
387 137580544.0
388 136077312.0
389 139202560.0
390 139202560.0
391 139202560.0
392 142135296.0
393 142135296.0
394 142135296.0
395 142135296.0
396 142135296.0
397 142135296.0
398 144740352.0
399 142139392.0
400 142139392.0
401 143335424.0
402 145997824.0
403 145997824.0
404 145997824.0
405 145997824.0
406 145997824.0
407 145997824.0
408 144244736.0
409 147619840.0
410 147619840.0
411 147619840.0
412 150872064.0
413 151490560.0
414 151490560.0
415 151490560.0
416 151490560.0
417 151490560.0
418 150765568.0
419 152891392.0
420 152891392.0
421 188043264.0
422 169111552.0
423 170708992.0
424 170708992.0
425 170708992.0
426 170708992.0
427 170708992.0
428 174379008.0
429 156991488.0
430 156991488.0
431 157523968.0
432 159907840.0
433 160448512.0
434 162750464.0
435 162750464.0
436 162750464.0
437 162750464.0
438 165736448.0
439 163508224.0
440 163508224.0
441 163508224.0
442 165621760.0
443 166686720.0
444 166686720.0
445 166686720.0
446 166686720.0
447 166686720.0
448 166686720.0
449 166862848.0
450 166862848.0
451 166862848.0
452 166862848.0
453 170319872.0
454 170319872.0
455 166604800.0
456 166604800.0
457 166604800.0
458 166604800.0
459 170926080.0
460 173035520.0
461 173035520.0
462 173568000.0
463 173219840.0
464 173219840.0
465 173219840.0
466 173219840.0
467 173219840.0
468 173219840.0
469 173465600.0
470 176340992.0
471 176340992.0
472 177004544.0
473 180199424.0
474 180719616.0
475 175955968.0
476 175955968.0
477 175955968.0
478 176578560.0
479 180674560.0
480 183029760.0
481 197074944.0
482 197074944.0
483 200904704.0
484 200904704.0
485 201437184.0
486 201437184.0
487 201437184.0
488 202203136.0
489 184401920.0
490 188698624.0
491 188698624.0
492 189296640.0
493 192565248.0
494 192565248.0
495 188178432.0
496 188178432.0
497 188178432.0
498 188178432.0
499 192311296.0
500 190713856.0
501 190713856.0
502 191377408.0
503 194801664.0
504 194801664.0
505 194801664.0
506 194801664.0
507 194801664.0
508 194801664.0
509 197939200.0
510 196526080.0
511 196526080.0
512 197058560.0
513 199950336.0
514 200220672.0
515 196706304.0
516 196706304.0
517 196706304.0
518 197525504.0
519 199966720.0
520 202792960.0
521 202792960.0
522 203456512.0
523 204771328.0
524 202108928.0
525 202641408.0
526 202641408.0
527 202641408.0
528 202641408.0
529 205459456.0
530 204632064.0
531 205144064.0
532 205676544.0
533 206462976.0
534 208838656.0
535 208838656.0
536 208838656.0
537 208838656.0
538 208838656.0
539 207396864.0
540 211337216.0
541 245776384.0
542 246296576.0
543 246296576.0
544 249200640.0
545 251445248.0
546 251445248.0
547 251445248.0
548 251445248.0
549 252215296.0
550 218431488.0
551 218431488.0
552 219095040.0
553 219357184.0
554 221724672.0
555 221724672.0
556 216645632.0
557 216645632.0
558 216645632.0
559 217542656.0
560 221921280.0
561 222724096.0
562 219336704.0
563 219336704.0
564 222556160.0
565 222556160.0
566 222814208.0
567 222814208.0
568 222814208.0
569 223334400.0
570 226312192.0
571 224432128.0
572 224964608.0
573 224964608.0
574 227594240.0
575 227594240.0
576 227594240.0
577 227594240.0
578 227594240.0
579 228102144.0
580 226123776.0
581 228745216.0
582 228745216.0
583 229277696.0
584 231907328.0
585 231907328.0
586 231907328.0
587 231907328.0
588 231907328.0
589 232415232.0
590 230641664.0
591 232554496.0
592 232554496.0
593 233197568.0
594 235827200.0
595 235827200.0
596 237871104.0
597 237871104.0
598 237871104.0
599 237871104.0
600 237129728.0
601 269467648.0
602 269467648.0
603 270000128.0
604 251367424.0
605 251367424.0
606 252096512.0
607 252096512.0
608 252096512.0
609 252096512.0
610 254607360.0
611 235991040.0
612 235991040.0
613 236953600.0
614 239783936.0
615 240316416.0
616 241143808.0
617 241143808.0
618 241143808.0
619 241668096.0
620 239566848.0
621 241373184.0
622 242089984.0
623 242089984.0
624 242610176.0
625 244191232.0
626 244723712.0
627 244723712.0
628 244723712.0
629 244723712.0
630 246288384.0
631 244658176.0
632 244658176.0
633 245186560.0
634 245710848.0
635 247283712.0
636 247816192.0
637 247816192.0
638 247816192.0
639 247816192.0
640 245669888.0
641 248127488.0
642 248127488.0
643 248762368.0
644 248762368.0
645 250859520.0
646 250859520.0
647 250859520.0
648 250859520.0
649 250859520.0
650 251629568.0
651 250908672.0
652 251150336.0
653 251813888.0
654 251813888.0
655 253911040.0
656 253911040.0
657 253911040.0
658 253911040.0
659 253911040.0
660 250703872.0
661 288284672.0
662 289058816.0
663 289058816.0
664 289722368.0
665 291852288.0
666 291852288.0
667 256143360.0
668 256143360.0
669 256143360.0
670 256532480.0
671 258646016.0
672 260542464.0
673 260542464.0
674 261074944.0
675 262942720.0
676 262942720.0
677 258506752.0
678 258506752.0
679 258506752.0
680 259354624.0
681 261259264.0
682 262782976.0
683 263286784.0
684 263286784.0
685 264884224.0
686 265146368.0
687 261308416.0
688 261308416.0
689 261308416.0
690 261931008.0
691 263839744.0
692 265125888.0
693 265125888.0
694 265785344.0
695 267112448.0
696 267112448.0
697 267362304.0
698 267362304.0
699 267362304.0
700 267624448.0
701 265482240.0
702 267464704.0
703 267464704.0
704 268058624.0
705 269639680.0
706 269639680.0
707 269639680.0
708 269639680.0
709 269639680.0
710 270311424.0
711 272080896.0
712 268042240.0
713 268042240.0
714 268722176.0
715 270626816.0
716 270626816.0
717 272556032.0
718 272556032.0
719 272556032.0
720 272818176.0
721 309067776.0
722 311156736.0
723 311156736.0
724 274190336.0
725 275431424.0
726 276242432.0
727 276242432.0
728 276242432.0
729 276242432.0
730 276242432.0
731 277762048.0
732 275947520.0
733 275947520.0
734 276606976.0
735 278605824.0
736 278605824.0
737 278605824.0
738 278605824.0
739 278605824.0
740 279134208.0
741 280199168.0
742 281264128.0
743 281264128.0
744 281796608.0
745 278740992.0
746 278740992.0
747 279379968.0
748 279379968.0
749 279379968.0
750 279379968.0
751 280748032.0
752 282341376.0
753 282341376.0
754 282836992.0
755 283901952.0
756 283901952.0
757 280784896.0
758 280784896.0
759 280784896.0
760 281432064.0
761 282804224.0
762 283729920.0
763 283729920.0
764 284237824.0
765 285302784.0
766 285302784.0
767 282308608.0
768 282308608.0
769 282308608.0
770 282308608.0
771 284336128.0
772 285728768.0
773 285728768.0
774 286261248.0
775 287043584.0
776 287293440.0
777 283430912.0
778 283430912.0
779 283430912.0
780 283430912.0
781 319799296.0
782 321126400.0
783 321126400.0
784 321634304.0
785 322699264.0
786 322699264.0
787 322699264.0
788 322699264.0
789 322699264.0
790 322699264.0
791 286511104.0
792 288088064.0
793 288088064.0
794 288870400.0
795 289828864.0
796 290054144.0
797 290054144.0
798 290054144.0
799 290054144.0
800 290054144.0
801 291110912.0
802 292044800.0
803 292044800.0
804 292577280.0
805 292839424.0
806 289394688.0
807 289394688.0
808 289394688.0
809 289394688.0
810 289394688.0
811 290627584.0
812 291495936.0
813 291495936.0
814 292151296.0
815 292409344.0
816 292921344.0
817 292921344.0
818 292921344.0
819 292921344.0
820 292921344.0
821 291020800.0
822 292093952.0
823 292093952.0
824 293117952.0
825 293117952.0
826 293650432.0
827 293650432.0
828 293650432.0
829 293650432.0
830 293650432.0
831 294113280.0
832 294973440.0
833 295514112.0
834 296177664.0
835 296177664.0
836 293007360.0
837 293007360.0
838 293007360.0
839 293007360.0
840 293007360.0
841 327954432.0
842 329383936.0
843 329625600.0
844 329887744.0
845 330158080.0
846 330752000.0
847 330752000.0
848 330752000.0
849 330752000.0
850 330752000.0
851 330752000.0
852 330752000.0
853 295211008.0
854 295211008.0
855 296714240.0
856 296714240.0
857 296714240.0
858 296714240.0
859 296714240.0
860 296714240.0
861 296714240.0
862 296714240.0
863 296714240.0
864 296714240.0
865 296714240.0
866 296714240.0
867 296714240.0
868 296714240.0
869 296714240.0
870 296714240.0
871 296714240.0
872 296714240.0
873 296714240.0
874 296714240.0
875 296714240.0
876 296714240.0
877 296714240.0
878 296714240.0
879 296714240.0
880 296714240.0
881 296714240.0
882 296714240.0
883 296714240.0
884 296714240.0
885 296714240.0
886 296714240.0
887 296714240.0
888 296714240.0
889 296714240.0
890 296714240.0
891 296714240.0
892 296714240.0
893 296714240.0
894 296714240.0
895 296714240.0
896 296714240.0
