5 2949120.0
6 125558784.0
7 241704960.0
8 318648320.0
9 386301952.0
10 386551808.0
11 376328192.0
12 400805888.0
13 417136640.0
14 417136640.0
15 417136640.0
16 416878592.0
17 416878592.0
18 416878592.0
19 416894976.0
20 416894976.0
21 416894976.0
22 417222656.0
23 422293504.0
24 422293504.0
25 422293504.0
26 418504704.0
27 418504704.0
28 418504704.0
29 420065280.0
30 420065280.0
31 418992128.0
32 418992128.0
33 418992128.0
34 418992128.0
35 418992128.0
36 418611200.0
37 418611200.0
38 418611200.0
39 418611200.0
40 418611200.0
41 418611200.0
42 418611200.0
43 418611200.0
44 418611200.0
45 418611200.0
46 418611200.0
47 418611200.0
48 418611200.0
49 418611200.0
50 418611200.0
51 418611200.0
52 418611200.0
53 418611200.0
54 418611200.0
55 418549760.0
56 418549760.0
57 418549760.0
58 418549760.0
59 418549760.0
60 418549760.0
61 418549760.0
62 418549760.0
63 418549760.0
64 418549760.0
65 418549760.0
66 418209792.0
67 418209792.0
68 418209792.0
69 418172928.0
70 420696064.0
71 424505344.0
72 427282432.0
73 427282432.0
74 427282432.0
75 427282432.0
76 426397696.0
77 426397696.0
78 426397696.0
79 426397696.0
80 426397696.0
81 426397696.0
82 426614784.0
83 426614784.0
84 426614784.0
85 426614784.0
86 422817792.0
87 422817792.0
88 422817792.0
89 422817792.0
90 422817792.0
91 422817792.0
92 423133184.0
93 423133184.0
94 423133184.0
95 423133184.0
96 423133184.0
97 423133184.0
98 423133184.0
99 423133184.0
100 423133184.0
101 423133184.0
102 423186432.0
103 423186432.0
104 423186432.0
105 423186432.0
106 423092224.0
107 423092224.0
108 423092224.0
109 423092224.0
110 423092224.0
111 423092224.0
112 426651648.0
113 426651648.0
114 426651648.0
115 426651648.0
116 426651648.0
117 426651648.0
118 426651648.0
119 426651648.0
120 426651648.0
121 426651648.0
122 426663936.0
123 426663936.0
124 426663936.0
125 426663936.0
126 423391232.0
127 423391232.0
128 423391232.0
129 423391232.0
130 430747648.0
131 435703808.0
132 451760128.0
133 451760128.0
134 451760128.0
135 451760128.0
136 440782848.0
137 440782848.0
138 440782848.0
139 440782848.0
140 440782848.0
141 440782848.0
142 440811520.0
143 440811520.0
144 440811520.0
145 440811520.0
146 438026240.0
147 438026240.0
148 438026240.0
149 438067200.0
150 438067200.0
151 434925568.0
152 434954240.0
153 434954240.0
154 434954240.0
155 434954240.0
156 434954240.0
157 434954240.0
158 434954240.0
159 434954240.0
160 434954240.0
161 434954240.0
162 439529472.0
163 439529472.0
164 439418880.0
165 439418880.0
166 439418880.0
167 439418880.0
168 439418880.0
169 439418880.0
170 439418880.0
171 439418880.0
172 439631872.0
173 439914496.0
174 439914496.0
175 439914496.0
176 438996992.0
177 438996992.0
178 438996992.0
179 439799808.0
180 439799808.0
181 438915072.0
182 438915072.0
183 439083008.0
184 439083008.0
185 439083008.0
186 435646464.0
187 435646464.0
188 435646464.0
189 437366784.0
190 442691584.0
191 452820992.0
192 452820992.0
193 454377472.0
194 454377472.0
195 454377472.0
196 448765952.0
197 448765952.0
198 448765952.0
199 448765952.0
200 448765952.0
201 448765952.0
202 448765952.0
203 454234112.0
204 454234112.0
205 454234112.0
206 454234112.0
207 454234112.0
208 454234112.0
209 454234112.0
210 454234112.0
211 454234112.0
212 454234112.0
213 455655424.0
214 455655424.0
215 455655424.0
216 451792896.0
217 451792896.0
218 451792896.0
219 451792896.0
220 451792896.0
221 451883008.0
222 451883008.0
223 456712192.0
224 456712192.0
225 456712192.0
226 456712192.0
227 456712192.0
228 456712192.0
229 456712192.0
230 456712192.0
231 456712192.0
232 456712192.0
233 458383360.0
234 458383360.0
235 458383360.0
236 455045120.0
237 455045120.0
238 455045120.0
239 455045120.0
240 455045120.0
241 455045120.0
242 455045120.0
243 460599296.0
244 460599296.0
245 460599296.0
246 460599296.0
247 460599296.0
248 460869632.0
249 460869632.0
250 471982080.0
251 473829376.0
252 479887360.0
253 482021376.0
254 482021376.0
255 482021376.0
256 478158848.0
257 478158848.0
258 478158848.0
259 478158848.0
260 478158848.0
261 478158848.0
262 478158848.0
263 483684352.0
264 483684352.0
265 483684352.0
266 480608256.0
267 480608256.0
268 480608256.0
269 480608256.0
270 480608256.0
271 479690752.0
272 479690752.0
273 486105088.0
274 486105088.0
275 486105088.0
276 486105088.0
277 486105088.0
278 486105088.0
279 486105088.0
280 486096896.0
281 486096896.0
282 486096896.0
283 488120320.0
284 488120320.0
285 488120320.0
286 488054784.0
287 488054784.0
288 488054784.0
289 488054784.0
290 488054784.0
291 488054784.0
292 488054784.0
293 489803776.0
294 489803776.0
295 489803776.0
296 488755200.0
297 488755200.0
298 488755200.0
299 488755200.0
300 488755200.0
301 488755200.0
302 488755200.0
303 491958272.0
304 491958272.0
305 491958272.0
306 491675648.0
307 491675648.0
308 491675648.0
309 491675648.0
310 505036800.0
311 504549376.0
312 511070208.0
313 512626688.0
314 513261568.0
315 513261568.0
316 513413120.0
317 513413120.0
318 513413120.0
319 513413120.0
320 513413120.0
321 513413120.0
322 513413120.0
323 517226496.0
324 519659520.0
325 519659520.0
326 519659520.0
327 519659520.0
328 519659520.0
329 519659520.0
330 519659520.0
331 519659520.0
332 519659520.0
333 519659520.0
334 525049856.0
335 525049856.0
336 518033408.0
337 518033408.0
338 518033408.0
339 518033408.0
340 518033408.0
341 518033408.0
342 518029312.0
343 518029312.0
344 524247040.0
345 524247040.0
346 523821056.0
347 523821056.0
348 523821056.0
349 523821056.0
350 523821056.0
351 523821056.0
352 523821056.0
353 523821056.0
354 526127104.0
355 526127104.0
356 522657792.0
357 522657792.0
358 522657792.0
359 522657792.0
360 522657792.0
361 522657792.0
362 522657792.0
363 522657792.0
364 528691200.0
365 528691200.0
366 528691200.0
367 528691200.0
368 528691200.0
369 542531584.0
370 548745216.0
371 562577408.0
372 563929088.0
373 563929088.0
374 566218752.0
375 566218752.0
376 560222208.0
377 560222208.0
378 560222208.0
379 560222208.0
380 560222208.0
381 560222208.0
382 560222208.0
383 560222208.0
384 563048448.0
385 563048448.0
386 562520064.0
387 562520064.0
388 562520064.0
389 562520064.0
390 562520064.0
391 562520064.0
392 562520064.0
393 562520064.0
394 568573952.0
395 568573952.0
396 568573952.0
397 568573952.0
398 568573952.0
399 568573952.0
400 568573952.0
401 568573952.0
402 568573952.0
403 568610816.0
404 571105280.0
405 571105280.0
406 571105280.0
407 571105280.0
408 571105280.0
409 571105280.0
410 571105280.0
411 571105280.0
412 571105280.0
413 571105280.0
414 573652992.0
415 573652992.0
416 571625472.0
417 571625472.0
418 571625472.0
419 571625472.0
420 571867136.0
421 571867136.0
422 571867136.0
423 571867136.0
424 576520192.0
425 576520192.0
426 576520192.0
427 576520192.0
428 576520192.0
429 576520192.0
430 590172160.0
431 592003072.0
432 606724096.0
433 606724096.0
434 609480704.0
435 609480704.0
436 607440896.0
437 607440896.0
438 607440896.0
439 607440896.0
440 607440896.0
441 607440896.0
442 607440896.0
443 607440896.0
444 608751616.0
445 610004992.0
446 610004992.0
447 610004992.0
448 610004992.0
449 610004992.0
450 610004992.0
451 610004992.0
452 610004992.0
453 610004992.0
454 610115584.0
455 613400576.0
456 609841152.0
457 609841152.0
458 609841152.0
459 609841152.0
460 609841152.0
461 609841152.0
462 609841152.0
463 609841152.0
464 609841152.0
465 614715392.0
466 614240256.0
467 614240256.0
468 614240256.0
469 614477824.0
470 614477824.0
471 614477824.0
472 614477824.0
473 614477824.0
474 614477824.0
475 619888640.0
476 619626496.0
477 619626496.0
478 619626496.0
479 619626496.0
480 619626496.0
481 619626496.0
482 619626496.0
483 619626496.0
484 619626496.0
485 622940160.0
486 622940160.0
487 622940160.0
488 622940160.0
489 622940160.0
490 624283648.0
491 624283648.0
492 624533504.0
493 624533504.0
494 624533504.0
495 626475008.0
496 626475008.0
497 624119808.0
498 624119808.0
499 624119808.0
500 624119808.0
501 624119808.0
502 624119808.0
503 624119808.0
504 624119808.0
505 627269632.0
506 627269632.0
507 625303552.0
508 625303552.0
509 625303552.0
510 625303552.0
511 625303552.0
512 625303552.0
513 625303552.0
514 625303552.0
515 629972992.0
516 629972992.0
517 629485568.0
518 629485568.0
519 629485568.0
520 629485568.0
521 629485568.0
522 629485568.0
523 629485568.0
524 629747712.0
525 634425344.0
526 634355712.0
527 633602048.0
528 633602048.0
529 633602048.0
530 633602048.0
531 633602048.0
532 633602048.0
533 633602048.0
534 633602048.0
535 635887616.0
536 635887616.0
537 632549376.0
538 632549376.0
539 632549376.0
540 632549376.0
541 632549376.0
542 632549376.0
543 632549376.0
544 632549376.0
545 638386176.0
546 638803968.0
547 638803968.0
548 638803968.0
549 638803968.0
550 639074304.0
551 639074304.0
552 639074304.0
553 639074304.0
554 639074304.0
555 640897024.0
556 641900544.0
557 638038016.0
558 638038016.0
559 638038016.0
560 638038016.0
561 638038016.0
562 638038016.0
563 638038016.0
564 638038016.0
565 638144512.0
566 640884736.0
567 640884736.0
568 640884736.0
569 640884736.0
570 640884736.0
571 640884736.0
572 640884736.0
573 640884736.0
574 640884736.0
575 641130496.0
576 643584000.0
577 642961408.0
578 642961408.0
579 642961408.0
580 642961408.0
581 642961408.0
582 642961408.0
583 642961408.0
584 642961408.0
585 642961408.0
586 648781824.0
587 648585216.0
588 648568832.0
589 648568832.0
590 648568832.0
591 648568832.0
592 648568832.0
593 648568832.0
594 648568832.0
595 648568832.0
596 650539008.0
597 646807552.0
598 646807552.0
599 646807552.0
600 646807552.0
601 646807552.0
602 646807552.0
603 646807552.0
604 646807552.0
605 646807552.0
606 652816384.0
607 652816384.0
608 652816384.0
609 652816384.0
610 653127680.0
611 653127680.0
612 653127680.0
613 653127680.0
614 653127680.0
615 653127680.0
616 655761408.0
617 652062720.0
618 652062720.0
619 652062720.0
620 652062720.0
621 652062720.0
622 652062720.0
623 652062720.0
624 652062720.0
625 652062720.0
626 657276928.0
627 653529088.0
628 653529088.0
629 653529088.0
630 653529088.0
631 671801344.0
632 671801344.0
633 671801344.0
634 671801344.0
635 671801344.0
636 672964608.0
637 672964608.0
638 672964608.0
639 672964608.0
640 672964608.0
641 672964608.0
642 672964608.0
643 672964608.0
644 672964608.0
645 672964608.0
646 676802560.0
647 676728832.0
648 676728832.0
649 676728832.0
650 676806656.0
651 676806656.0
652 676806656.0
653 676806656.0
654 676806656.0
655 676806656.0
656 676806656.0
657 676814848.0
658 676814848.0
659 676814848.0
660 676814848.0
661 676814848.0
662 676814848.0
663 676814848.0
664 676814848.0
665 676814848.0
666 676814848.0
667 676233216.0
668 676233216.0
669 676233216.0
670 676716544.0
671 676716544.0
672 676716544.0
673 676716544.0
674 676716544.0
675 676716544.0
676 676716544.0
677 676896768.0
678 676896768.0
679 676896768.0
680 676896768.0
681 676896768.0
682 676896768.0
683 676896768.0
684 676896768.0
685 676896768.0
686 676896768.0
687 674783232.0
688 674783232.0
689 674783232.0
690 674783232.0
691 674783232.0
692 674783232.0
693 674783232.0
694 674783232.0
695 674783232.0
696 674783232.0
697 678612992.0
698 678612992.0
699 678612992.0
700 678612992.0
701 678612992.0
702 678612992.0
703 678612992.0
704 678612992.0
705 678612992.0
706 678612992.0
707 678875136.0
708 678875136.0
709 678875136.0
710 678875136.0
711 678875136.0
712 678981632.0
713 678981632.0
714 678981632.0
715 678981632.0
716 678981632.0
717 678981632.0
718 678981632.0
719 678981632.0
720 678981632.0
721 678981632.0
722 678490112.0
723 678490112.0
724 678490112.0
725 678490112.0
726 678490112.0
727 678490112.0
728 678490112.0
729 678490112.0
730 678731776.0
731 678731776.0
732 675262464.0
733 675262464.0
734 675262464.0
735 675262464.0
736 675262464.0
737 678858752.0
738 678858752.0
739 678858752.0
740 678858752.0
741 678858752.0
742 678858752.0
743 678858752.0
744 678858752.0
745 678858752.0
746 678858752.0
747 679137280.0
748 679137280.0
749 679137280.0
750 679137280.0
751 679137280.0
752 679137280.0
753 679137280.0
754 679137280.0
755 679137280.0
756 679137280.0
757 679137280.0
758 679137280.0
759 679137280.0
760 679137280.0
761 679137280.0
762 679137280.0
763 679137280.0
764 679137280.0
765 679137280.0
766 679137280.0
767 679137280.0
768 679137280.0
769 679137280.0
770 679137280.0
771 679137280.0
772 679137280.0
773 681230336.0
774 683749376.0
775 683749376.0
776 683749376.0
777 683786240.0
778 678547456.0
779 678547456.0
780 678547456.0
781 678547456.0
782 678547456.0
783 678547456.0
784 678547456.0
785 678547456.0
786 678547456.0
787 678699008.0
788 678633472.0
789 678633472.0
790 687886336.0
791 695164928.0
792 694087680.0
793 689979392.0
794 689979392.0
795 689979392.0
796 689979392.0
797 690163712.0
798 690163712.0
799 690163712.0
800 690163712.0
801 690163712.0
802 690163712.0
803 690163712.0
804 690163712.0
805 690163712.0
806 690163712.0
807 690163712.0
808 690163712.0
809 690163712.0
810 690163712.0
811 690163712.0
812 690163712.0
813 690163712.0
814 690163712.0
815 690163712.0
816 690163712.0
817 693743616.0
818 693743616.0
819 693743616.0
820 693743616.0
821 693743616.0
822 693743616.0
823 693743616.0
824 693743616.0
825 693743616.0
826 693743616.0
827 693792768.0
828 693792768.0
829 693792768.0
830 693792768.0
831 693792768.0
832 693792768.0
833 693792768.0
834 693792768.0
835 693792768.0
836 693792768.0
837 693850112.0
838 693710848.0
839 693710848.0
840 693710848.0
841 693710848.0
842 693710848.0
843 693710848.0
844 693710848.0
845 693710848.0
846 693710848.0
847 693710848.0
848 693899264.0
849 693899264.0
850 693899264.0
851 693899264.0
852 693899264.0
853 693899264.0
854 693899264.0
855 693899264.0
856 693899264.0
857 693899264.0
858 693903360.0
859 693903360.0
860 693903360.0
861 693903360.0
862 693903360.0
863 690696192.0
864 690696192.0
865 690696192.0
866 690696192.0
867 690696192.0
868 690696192.0
869 690696192.0
870 690696192.0
871 690696192.0
872 690696192.0
873 690696192.0
874 690696192.0
875 690696192.0
876 690696192.0
877 690696192.0
878 690696192.0
879 690696192.0
880 690696192.0
881 690696192.0
882 690696192.0
883 690696192.0
884 690696192.0
885 690696192.0
886 690696192.0
887 690696192.0
888 690696192.0
889 690696192.0
890 690696192.0
891 690696192.0
892 690749440.0
893 690749440.0
894 690749440.0
895 690749440.0
