0 1605632.0
1 133611520.0
2 410001408.0
3 703279104.0
4 853094400.0
5 868839424.0
6 897175552.0
7 897454080.0
8 897560576.0
9 902414336.0
10 902414336.0
11 873091072.0
12 873091072.0
13 873091072.0
14 873091072.0
15 873152512.0
16 873152512.0
17 873152512.0
18 873152512.0
19 873152512.0
20 873152512.0
21 873152512.0
22 873152512.0
23 873152512.0
24 873152512.0
25 873152512.0
26 873152512.0
27 873152512.0
28 873152512.0
29 873152512.0
30 873152512.0
31 873152512.0
32 873152512.0
33 873152512.0
34 873152512.0
35 873152512.0
36 873152512.0
37 873152512.0
38 873152512.0
39 873152512.0
40 873152512.0
41 873152512.0
42 873152512.0
43 873152512.0
44 873152512.0
45 873152512.0
46 873152512.0
47 873152512.0
48 873152512.0
49 873152512.0
50 873152512.0
51 873152512.0
52 873152512.0
53 873152512.0
54 873152512.0
55 873152512.0
56 873152512.0
57 873152512.0
58 873152512.0
59 873152512.0
60 873152512.0
61 873152512.0
62 873152512.0
63 873152512.0
64 873152512.0
65 873152512.0
66 873152512.0
67 873152512.0
68 873152512.0
69 873152512.0
70 873152512.0
71 873152512.0
72 873734144.0
73 873779200.0
74 873906176.0
75 873906176.0
76 873906176.0
77 873906176.0
78 874700800.0
79 875511808.0
80 876052480.0
81 876863488.0
82 878202880.0
83 878428160.0
84 878428160.0
85 878428160.0
86 878428160.0
87 879390720.0
88 879390720.0
89 879390720.0
90 879390720.0
91 879390720.0
92 880181248.0
93 880721920.0
94 880992256.0
95 880992256.0
96 880992256.0
97 880992256.0
98 880992256.0
99 880992256.0
100 880992256.0
101 880992256.0
102 881532928.0
103 882343936.0
104 882343936.0
105 882343936.0
106 882343936.0
107 882343936.0
108 882343936.0
109 882343936.0
110 882343936.0
111 882343936.0
112 883421184.0
113 883421184.0
114 883421184.0
115 883421184.0
116 883421184.0
117 883421184.0
118 883421184.0
119 883421184.0
120 883421184.0
121 883421184.0
122 883494912.0
123 883494912.0
124 883494912.0
125 883494912.0
126 883494912.0
127 883494912.0
128 883494912.0
129 883494912.0
130 883494912.0
131 883494912.0
132 883642368.0
133 883642368.0
134 883642368.0
135 883642368.0
136 883642368.0
137 883642368.0
138 883642368.0
139 883642368.0
140 883642368.0
141 883642368.0
142 883642368.0
143 883904512.0
144 883904512.0
145 883904512.0
146 883904512.0
147 883904512.0
148 883904512.0
149 883904512.0
150 884166656.0
151 884166656.0
152 884166656.0
153 884166656.0
154 884166656.0
155 884166656.0
156 884166656.0
157 884367360.0
158 884367360.0
159 884367360.0
160 884367360.0
161 884367360.0
162 884604928.0
163 884604928.0
164 884604928.0
165 884604928.0
166 884342784.0
167 884342784.0
168 884342784.0
169 884342784.0
170 884342784.0
171 884342784.0
172 884342784.0
173 884584448.0
174 884584448.0
175 884584448.0
176 884584448.0
177 884584448.0
178 884584448.0
179 884584448.0
180 884817920.0
181 884817920.0
182 884817920.0
183 884830208.0
184 884830208.0
185 884830208.0
186 884830208.0
187 885047296.0
188 885047296.0
189 885047296.0
190 885047296.0
191 885047296.0
192 885047296.0
193 885047296.0
194 885047296.0
195 885047296.0
196 885047296.0
197 885047296.0
198 885047296.0
199 885047296.0
200 885047296.0
201 885047296.0
202 885047296.0
203 885047296.0
204 885047296.0
205 885047296.0
206 885047296.0
207 885047296.0
208 885047296.0
209 885047296.0
210 885047296.0
211 885047296.0
212 885047296.0
213 885047296.0
214 885047296.0
215 885047296.0
216 885047296.0
217 885047296.0
218 896876544.0
219 896876544.0
220 896876544.0
221 896876544.0
222 896876544.0
223 897138688.0
224 897138688.0
225 897138688.0
226 896876544.0
227 896876544.0
228 896876544.0
229 897122304.0
230 897122304.0
231 897122304.0
232 897122304.0
233 897122304.0
234 897122304.0
235 897122304.0
236 897122304.0
237 897122304.0
238 897122304.0
239 897122304.0
240 897122304.0
241 897122304.0
242 897122304.0
243 897122304.0
244 897122304.0
245 897122304.0
246 897122304.0
247 897122304.0
248 897122304.0
249 897122304.0
250 897122304.0
251 897122304.0
252 897122304.0
253 897376256.0
254 897376256.0
255 897376256.0
256 897114112.0
257 897114112.0
258 897114112.0
259 897114112.0
260 897114112.0
261 897114112.0
262 897114112.0
263 897474560.0
264 897474560.0
265 897474560.0
266 897474560.0
267 897474560.0
268 897814528.0
269 897814528.0
270 897814528.0
271 897830912.0
272 897830912.0
273 898011136.0
274 898011136.0
275 898011136.0
276 898011136.0
277 898011136.0
278 898011136.0
279 898011136.0
280 898011136.0
281 898011136.0
282 898011136.0
283 898052096.0
284 898052096.0
285 898052096.0
286 898052096.0
287 898052096.0
288 898052096.0
289 898052096.0
290 898052096.0
291 898052096.0
292 898052096.0
293 898052096.0
294 898052096.0
295 898052096.0
296 898052096.0
297 903462912.0
298 911507456.0
299 919887872.0
300 927997952.0
301 935567360.0
302 943677440.0
303 953102336.0
304 956616704.0
305 956616704.0
306 959283200.0
307 966852608.0
308 975769600.0
309 983654400.0
310 991494144.0
311 999333888.0
312 1007714304.0
313 1016135680.0
314 1023492096.0
315 1031331840.0
316 1039437824.0
317 1047007232.0
318 1055694848.0
319 1062989824.0
320 1070018560.0
321 1077587968.0
322 1084616704.0
323 1099456512.0
324 1099526144.0
325 1099526144.0
326 1099526144.0
327 1099526144.0
328 1099526144.0
329 1099784192.0
330 1099784192.0
331 1099784192.0
332 1099784192.0
333 1099784192.0
334 1099788288.0
335 1099788288.0
336 1099788288.0
337 1099788288.0
338 1099788288.0
339 1099788288.0
340 1099788288.0
341 1099788288.0
342 1099788288.0
343 1099788288.0
344 1099812864.0
345 1099812864.0
346 1099812864.0
347 1099812864.0
348 1099812864.0
349 1099915264.0
350 1099915264.0
351 1099915264.0
352 1099915264.0
353 1099915264.0
354 1099915264.0
355 1099915264.0
356 1099915264.0
357 1099915264.0
358 1099915264.0
359 1100038144.0
360 1100038144.0
361 1100038144.0
362 1100038144.0
363 1100038144.0
364 1100038144.0
365 1100038144.0
366 1100038144.0
367 1100038144.0
368 1100038144.0
369 1100566528.0
370 1100566528.0
371 1100566528.0
372 1100566528.0
373 1100566528.0
374 1131220992.0
375 1131220992.0
376 1131220992.0
377 1131220992.0
378 1131220992.0
379 1131220992.0
380 1131220992.0
381 1131220992.0
382 1131220992.0
383 1131220992.0
384 1131937792.0
385 1131937792.0
386 1131937792.0
387 1131872256.0
388 1131872256.0
389 1131925504.0
390 1131925504.0
391 1131925504.0
392 1131401216.0
393 1131401216.0
394 1132445696.0
395 1132445696.0
396 1132445696.0
397 1131761664.0
398 1131761664.0
399 1131761664.0
400 1131761664.0
401 1131761664.0
402 1131761664.0
403 1131761664.0
404 1131761664.0
405 1131761664.0
406 1131761664.0
407 1131761664.0
408 1131761664.0
409 1131761664.0
410 1131761664.0
411 1131761664.0
412 1131806720.0
413 1131806720.0
414 1131835392.0
415 1131835392.0
416 1131835392.0
417 1131835392.0
418 1131835392.0
419 1131835392.0
420 1131835392.0
421 1131835392.0
422 1131835392.0
423 1131835392.0
424 1131974656.0
425 1131974656.0
426 1131974656.0
427 1131974656.0
428 1131974656.0
429 1131974656.0
430 1131974656.0
431 1131974656.0
432 1131974656.0
433 1133522944.0
434 1133789184.0
435 1133789184.0
436 1133789184.0
437 1133178880.0
438 1134219264.0
439 1134800896.0
440 1134800896.0
441 1134800896.0
442 1134452736.0
443 1139621888.0
444 1139621888.0
445 1139621888.0
446 1139621888.0
447 1139535872.0
448 1139535872.0
449 1139535872.0
450 1139535872.0
451 1139535872.0
452 1139535872.0
453 1139535872.0
454 1139535872.0
455 1139535872.0
456 1139535872.0
457 1139535872.0
458 1139535872.0
459 1139535872.0
460 1139535872.0
461 1139535872.0
462 1139535872.0
463 1139535872.0
464 1139535872.0
465 1140940800.0
466 1140940800.0
467 1140908032.0
468 1140908032.0
469 1140908032.0
470 1140908032.0
471 1140908032.0
472 1139994624.0
473 1139994624.0
474 1139994624.0
475 1140875264.0
476 1140875264.0
477 1140875264.0
478 1140875264.0
479 1140899840.0
480 1140899840.0
481 1140899840.0
482 1140899840.0
483 1140899840.0
484 1140899840.0
485 1141170176.0
486 1141170176.0
487 1141170176.0
488 1141170176.0
489 1141170176.0
490 1141276672.0
491 1141276672.0
492 1141243904.0
493 1141358592.0
494 1141358592.0
495 1141383168.0
496 1141383168.0
497 1141383168.0
498 1141383168.0
499 1141383168.0
500 1141383168.0
501 1141383168.0
502 1141383168.0
503 1141383168.0
504 1141383168.0
505 1141731328.0
506 1143570432.0
507 1151627264.0
508 1161089024.0
509 1170006016.0
510 1183944704.0
511 1196380160.0
512 1207734272.0
513 1219629056.0
514 1230712832.0
515 1241649152.0
516 1252429824.0
517 1255133184.0
518 1263779840.0
519 1275404288.0
520 1287561216.0
521 1298374656.0
522 1309995008.0
523 1320808448.0
524 1332424704.0
525 1344835584.0
526 1356161024.0
527 1366220800.0
528 1377845248.0
529 1395286016.0
530 1395286016.0
531 1395286016.0
532 1395286016.0
533 1395286016.0
534 1395286016.0
535 1395286016.0
536 1395286016.0
537 1395286016.0
538 1395286016.0
539 1395286016.0
540 1395286016.0
541 1395286016.0
542 1395286016.0
543 1395286016.0
544 1395286016.0
545 1395486720.0
546 1395486720.0
547 1395486720.0
548 1395486720.0
549 1395486720.0
550 1395486720.0
551 1395486720.0
552 1395486720.0
553 1395486720.0
554 1395486720.0
555 1395765248.0
556 1395793920.0
557 1395793920.0
558 1395793920.0
559 1395793920.0
560 1395793920.0
561 1395953664.0
562 1395953664.0
563 1395953664.0
564 1395953664.0
565 1395953664.0
566 1396453376.0
567 1396453376.0
568 1396453376.0
569 1396453376.0
570 1396506624.0
571 1396527104.0
572 1396527104.0
573 1396527104.0
574 1396527104.0
575 1396527104.0
576 1397420032.0
577 1397420032.0
578 1397420032.0
579 1397420032.0
580 1397420032.0
581 1397420032.0
582 1397420032.0
583 1397420032.0
584 1397420032.0
585 1397420032.0
586 1397452800.0
587 1396801536.0
588 1396801536.0
589 1396801536.0
590 1396801536.0
591 1396801536.0
592 1396801536.0
593 1396801536.0
594 1396801536.0
595 1396801536.0
596 1396965376.0
597 1396965376.0
598 1396965376.0
599 1396965376.0
600 1396965376.0
601 1396965376.0
602 1397194752.0
603 1397194752.0
604 1397194752.0
605 1397194752.0
606 1397194752.0
607 1397194752.0
608 1397194752.0
609 1397194752.0
610 1397194752.0
611 1397194752.0
612 1397194752.0
613 1397194752.0
614 1397456896.0
615 1397456896.0
616 1397694464.0
617 1397776384.0
618 1397776384.0
619 1397776384.0
620 1397776384.0
621 1397776384.0
622 1397776384.0
623 1397776384.0
624 1397776384.0
625 1397776384.0
626 1398046720.0
627 1399103488.0
628 1400442880.0
629 1400442880.0
630 1400442880.0
631 1400442880.0
632 1400442880.0
633 1405304832.0
634 1410609152.0
635 1410609152.0
636 1410875392.0
637 1410449408.0
638 1410449408.0
639 1410449408.0
640 1410449408.0
641 1414742016.0
642 1410629632.0
643 1410629632.0
644 1410629632.0
645 1410629632.0
646 1410723840.0
647 1410723840.0
648 1410723840.0
649 1410723840.0
650 1410723840.0
651 1410723840.0
652 1410723840.0
653 1410723840.0
654 1410723840.0
655 1410723840.0
656 1410723840.0
657 1410789376.0
658 1410789376.0
659 1410789376.0
660 1410789376.0
661 1410789376.0
662 1410789376.0
663 1410789376.0
664 1410789376.0
665 1410789376.0
666 1410789376.0
667 1410895872.0
668 1410895872.0
669 1410895872.0
670 1410895872.0
671 1410895872.0
672 1410895872.0
673 1410895872.0
674 1410895872.0
675 1410895872.0
676 1410895872.0
677 1411149824.0
678 1411149824.0
679 1411149824.0
680 1411149824.0
681 1411149824.0
682 1411149824.0
683 1411149824.0
684 1411149824.0
685 1411149824.0
686 1411149824.0
687 1411149824.0
688 1411149824.0
689 1411149824.0
690 1411211264.0
691 1411211264.0
692 1411211264.0
693 1411211264.0
694 1411211264.0
695 1411211264.0
696 1411211264.0
697 1411465216.0
698 1411465216.0
699 1411465216.0
700 1411465216.0
701 1411670016.0
702 1411670016.0
703 1411670016.0
704 1411670016.0
705 1411670016.0
706 1411670016.0
707 1412194304.0
708 1412194304.0
709 1412194304.0
710 1412194304.0
711 1412194304.0
712 1412194304.0
713 1412194304.0
714 1412194304.0
715 1412194304.0
716 1412194304.0
717 1412128768.0
718 1412128768.0
719 1412128768.0
720 1412128768.0
721 1412128768.0
722 1411702784.0
723 1411702784.0
724 1411702784.0
725 1411702784.0
726 1411702784.0
727 1411702784.0
728 1411702784.0
729 1411702784.0
730 1411702784.0
731 1411702784.0
732 1411702784.0
733 1411702784.0
734 1411702784.0
735 1411702784.0
736 1411702784.0
737 1411702784.0
738 1411702784.0
739 1411702784.0
740 1411702784.0
741 1411702784.0
742 1411702784.0
743 1411702784.0
744 1411702784.0
745 1411702784.0
746 1411702784.0
747 1412030464.0
748 1411964928.0
749 1411964928.0
750 1411964928.0
751 1411964928.0
752 1411964928.0
753 1411964928.0
754 1411964928.0
755 1411964928.0
756 1411964928.0
757 1411964928.0
758 1411833856.0
759 1411833856.0
760 1411833856.0
761 1411833856.0
762 1411833856.0
763 1411833856.0
764 1411833856.0
765 1411833856.0
766 1411833856.0
767 1411833856.0
768 1411833856.0
769 1411833856.0
770 1411833856.0
771 1411833856.0
772 1411833856.0
773 1411833856.0
774 1411833856.0
775 1411833856.0
776 1411833856.0
777 1411833856.0
778 1411833856.0
779 1411833856.0
780 1411833856.0
781 1411833856.0
782 1411833856.0
783 1412616192.0
784 1412616192.0
785 1412616192.0
786 1412616192.0
787 1412616192.0
788 1412616192.0
789 1412616192.0
790 1412632576.0
791 1412632576.0
792 1412632576.0
793 1412632576.0
794 1412632576.0
795 1412632576.0
796 1412632576.0
797 1412874240.0
798 1416617984.0
799 1416617984.0
800 1416617984.0
801 1416617984.0
802 1416617984.0
803 1416617984.0
804 1416617984.0
805 1416867840.0
806 1416867840.0
807 1416867840.0
808 1416867840.0
809 1416867840.0
810 1416867840.0
811 1416867840.0
812 1416867840.0
813 1416867840.0
814 1416867840.0
815 1416867840.0
816 1416867840.0
817 1416867840.0
818 1416867840.0
819 1416867840.0
820 1416867840.0
821 1416867840.0
822 1416867840.0
823 1416867840.0
824 1416867840.0
825 1416867840.0
826 1416867840.0
827 1416867840.0
828 1416867840.0
829 1416867840.0
830 1416867840.0
831 1416867840.0
832 1416867840.0
833 1416867840.0
834 1416867840.0
835 1416867840.0
836 1416867840.0
837 1416867840.0
838 1416867840.0
839 1416867840.0
840 1416867840.0
841 1416867840.0
842 1416867840.0
843 1416867840.0
844 1416867840.0
845 1418194944.0
846 1418567680.0
847 1418567680.0
848 1417117696.0
849 1417117696.0
850 1417117696.0
851 1417117696.0
852 1417117696.0
853 1417117696.0
854 1417117696.0
855 1417117696.0
856 1417117696.0
857 1417117696.0
858 1417117696.0
859 1417117696.0
860 1417117696.0
861 1417117696.0
862 1417117696.0
863 1417117696.0
864 1417117696.0
865 1417117696.0
866 1417117696.0
867 1417117696.0
868 1417117696.0
869 1417117696.0
870 1417117696.0
871 1417117696.0
872 1417117696.0
873 1417117696.0
874 1417117696.0
875 1417117696.0
876 1417117696.0
877 1417117696.0
878 1417117696.0
879 1417117696.0
880 1417117696.0
881 1417117696.0
882 1417117696.0
883 1417117696.0
884 1417117696.0
885 1417117696.0
886 1417117696.0
887 1417117696.0
888 1417117696.0
889 1417117696.0
890 1417117696.0
891 1417117696.0
892 1417117696.0
893 1417117696.0
894 1417117696.0
895 1417117696.0
