0 0.0
1 168.0
2 250.0
3 0.0
4 0.0
5 0.0
6 70.0
7 150.0
8 0.0
9 0.0
10 70.0
11 0.0
12 3690.0
13 39840.0
14 0.0
15 0.0
16 0.0
17 0.0
18 0.0
19 0.0
20 0.0
21 0.0
22 0.0
23 18363.0
24 0.0
25 0.0
26 0.0
27 0.0
28 0.0
29 0.0
30 0.0
31 0.0
32 0.0
33 0.0
34 0.0
35 0.0
36 0.0
37 0.0
38 0.0
39 0.0
40 0.0
41 0.0
42 0.0
43 0.0
44 0.0
45 0.0
46 0.0
47 0.0
48 0.0
49 0.0
50 0.0
51 0.0
52 0.0
53 0.0
54 0.0
55 0.0
56 0.0
57 0.0
58 132.0
59 0.0
60 0.0
61 0.0
62 0.0
63 42.0
64 0.0
65 0.0
66 0.0
67 0.0
68 198.0
69 0.0
70 49015.0
71 2952.0
72 10865.0
73 19792.0
74 28887.0
75 26977.0
76 27656.0
77 24635.0
78 23703.0
79 21155.0
80 21801.0
81 22324.0
82 26995.0
83 27136.0
84 26669.0
85 30171.0
86 32467.0
87 31187.0
88 30463.0
89 31825.0
90 32216.0
91 33194.0
92 31775.0
93 30940.0
94 32462.0
95 32453.0
96 34446.0
97 32696.0
98 34511.0
99 36051.0
100 33997.0
101 35395.0
102 36363.0
103 34525.0
104 35038.0
105 43286.0
106 41336.0
107 42415.0
108 42436.0
109 51429.0
110 47832.0
111 48674.0
112 65699.0
113 50575.0
114 70108.0
115 48927.0
116 59235.0
117 77416.0
118 83208.0
119 81789.0
120 79257.0
121 81324.0
122 82760.0
123 82781.0
124 84136.0
125 82311.0
126 75449.0
127 80996.0
128 76981.0
129 81457.0
130 2751813.0
131 749586.0
132 100346.0
133 66940.0
134 44235.0
135 48271.0
136 50548.0
137 50410.0
138 48453.0
139 49716.0
140 47867.0
141 60321.0
142 65337.0
143 56725.0
144 71472.0
145 76967.0
146 69807.0
147 66841.0
148 65037.0
149 66364.0
150 74258.0
151 70424.0
152 74131.0
153 67163.0
154 69298.0
155 109089.0
156 95522.0
157 59799.0
158 124004.0
159 101233.0
160 129452.0
161 108554.0
162 106973.0
163 86821.0
164 81393.0
165 106921.0
166 129395.0
167 164811.0
168 169141.0
169 162684.0
170 163539.0
171 162323.0
172 159741.0
173 164466.0
174 165371.0
175 159847.0
176 149858.0
177 157501.0
178 159194.0
179 161417.0
180 160361.0
181 159901.0
182 158127.0
183 164148.0
184 165176.0
185 168164.0
186 147452.0
187 149332.0
188 157431.0
189 735010.0
190 2911758.0
191 179969.0
192 160271.0
193 92482.0
194 86919.0
195 77470.0
196 86563.0
197 96042.0
198 104859.0
199 87374.0
200 74503.0
201 90732.0
202 82602.0
203 75372.0
204 115583.0
205 115717.0
206 107197.0
207 100006.0
208 109297.0
209 125342.0
210 133104.0
211 111248.0
212 109264.0
213 91688.0
214 134096.0
215 105087.0
216 131614.0
217 96366.0
218 149435.0
219 153582.0
220 94130.0
221 123856.0
222 188714.0
223 130086.0
224 194247.0
225 180735.0
226 181522.0
227 146336.0
228 152910.0
229 185141.0
230 208375.0
231 238388.0
232 241663.0
233 237246.0
234 256906.0
235 239431.0
236 247645.0
237 229488.0
238 226163.0
239 242878.0
240 229383.0
241 240117.0
242 237694.0
243 245694.0
244 249081.0
245 231606.0
246 227371.0
247 241422.0
248 236070.0
249 236645.0
250 2922893.0
251 894310.0
252 259879.0
253 159237.0
254 111648.0
255 115912.0
256 125918.0
257 132331.0
258 97690.0
259 135534.0
260 91076.0
261 105568.0
262 85532.0
263 164657.0
264 119382.0
265 122958.0
266 88848.0
267 115083.0
268 116701.0
269 100754.0
270 153552.0
271 132907.0
272 99959.0
273 218299.0
274 150145.0
275 154009.0
276 120437.0
277 212697.0
278 204582.0
279 110932.0
280 214429.0
281 182299.0
282 214289.0
283 300490.0
284 203696.0
285 240705.0
286 295537.0
287 261342.0
288 307859.0
289 322245.0
290 316384.0
291 315068.0
292 313170.0
293 338564.0
294 304694.0
295 304563.0
296 320349.0
297 315448.0
298 321283.0
299 319957.0
300 322670.0
301 314973.0
302 321844.0
303 322710.0
304 320253.0
305 345160.0
306 310042.0
307 289488.0
308 314644.0
309 326561.0
310 2866871.0
311 1125244.0
312 340522.0
313 210993.0
314 213623.0
315 210013.0
316 279492.0
317 345015.0
318 298799.0
319 141463.0
320 171429.0
321 145777.0
322 114737.0
323 196523.0
324 104080.0
325 119196.0
326 130961.0
327 161595.0
328 105498.0
329 170069.0
330 243363.0
331 195042.0
332 131644.0
333 229282.0
334 162420.0
335 123724.0
336 238543.0
337 195912.0
338 140178.0
339 182147.0
340 334579.0
341 348187.0
342 313415.0
343 297230.0
344 272897.0
345 330680.0
346 290363.0
347 266161.0
348 227726.0
349 287583.0
350 409475.0
351 393156.0
352 394499.0
353 388299.0
354 417236.0
355 411363.0
356 422026.0
357 387620.0
358 421726.0
359 405322.0
360 397569.0
361 410686.0
362 387475.0
363 410151.0
364 416080.0
365 441243.0
366 379674.0
367 401308.0
368 400171.0
369 2564331.0
370 2068325.0
371 441177.0
372 391724.0
373 170065.0
374 155692.0
375 170362.0
376 168311.0
377 155082.0
378 194030.0
379 171402.0
380 179335.0
381 113797.0
382 203111.0
383 123575.0
384 209268.0
385 230159.0
386 110054.0
387 126945.0
388 197976.0
389 253679.0
390 343462.0
391 253992.0
392 149355.0
393 171039.0
394 201542.0
395 241070.0
396 222539.0
397 258269.0
398 194355.0
399 281421.0
400 267071.0
401 247062.0
402 365387.0
403 442047.0
404 319959.0
405 273953.0
406 349052.0
407 404010.0
408 423187.0
409 419500.0
410 454125.0
411 435572.0
412 463393.0
413 438461.0
414 468075.0
415 451395.0
416 448244.0
417 423825.0
418 440391.0
419 490538.0
420 462048.0
421 452700.0
422 459413.0
423 478625.0
424 492220.0
425 503135.0
426 473825.0
427 473095.0
428 478497.0
429 489001.0
430 3170040.0
431 1606254.0
432 533427.0
433 336240.0
434 367812.0
435 424900.0
436 409120.0
437 488671.0
438 465301.0
439 153991.0
440 140397.0
441 250773.0
442 131607.0
443 267299.0
444 147074.0
445 287153.0
446 128590.0
447 317346.0
448 122908.0
449 325352.0
450 123026.0
451 248379.0
452 115233.0
453 385320.0
454 315474.0
455 274813.0
456 283462.0
457 317013.0
458 447360.0
459 159910.0
460 536143.0
461 370980.0
462 176856.0
463 266554.0
464 349076.0
465 420078.0
466 548521.0
467 364514.0
468 560467.0
469 585365.0
470 570815.0
471 598822.0
472 574427.0
473 590145.0
474 555037.0
475 581685.0
476 627213.0
477 546036.0
478 581184.0
479 581583.0
480 586737.0
481 587706.0
482 583345.0
483 575277.0
484 588533.0
485 593510.0
486 603879.0
487 563242.0
488 580088.0
489 589608.0
490 415902.0
491 427559.0
492 473954.0
493 465112.0
494 519360.0
495 496354.0
496 329524.0
497 443726.0
498 457102.0
499 487484.0
500 473872.0
501 496684.0
502 505822.0
503 482422.0
504 505512.0
505 477258.0
506 509101.0
507 457520.0
508 505171.0
509 479404.0
510 550820.0
511 465658.0
512 511248.0
513 480736.0
514 483560.0
515 467686.0
516 522864.0
517 494948.0
518 464388.0
519 485302.0
520 490054.0
521 519412.0
522 464540.0
523 486074.0
524 499466.0
525 465394.0
526 479432.0
527 490248.0
528 482456.0
529 478596.0
530 487138.0
531 513397.0
532 465935.0
533 496728.0
534 467526.0
535 491108.0
536 535070.0
537 465668.0
538 498876.0
539 463892.0
540 488434.0
541 480828.0
542 481532.0
543 467984.0
544 496114.0
545 459676.0
546 523912.0
547 488422.0
548 465430.0
549 478626.0
550 434497.0
551 395487.0
552 405794.0
553 388111.0
554 409796.0
555 400044.0
556 404848.0
557 427627.0
558 401618.0
559 396267.0
560 412137.0
561 404230.0
562 407401.0
563 429321.0
564 373347.0
565 423974.0
566 394102.0
567 409539.0
568 379359.0
569 413893.0
570 407575.0
571 411501.0
572 402887.0
573 387346.0
574 410512.0
575 384757.0
576 421691.0
577 402965.0
578 391605.0
579 414681.0
580 403971.0
581 414401.0
582 396318.0
583 432055.0
584 383833.0
585 397269.0
586 400263.0
587 396808.0
588 418942.0
589 395488.0
590 404540.0
591 402760.0
592 414024.0
593 399833.0
594 402971.0
595 423034.0
596 380046.0
597 400864.0
598 398457.0
599 414268.0
600 400952.0
601 410722.0
602 408284.0
603 407870.0
604 408750.0
605 403564.0
606 404449.0
607 404861.0
608 422461.0
609 398207.0
610 369572.0
611 324649.0
612 326926.0
613 312884.0
614 333914.0
615 322466.0
616 348152.0
617 312120.0
618 327860.0
619 312880.0
620 317228.0
621 319994.0
622 311948.0
623 329920.0
624 330216.0
625 323180.0
626 318090.0
627 317262.0
628 327560.0
629 334078.0
630 314878.0
631 318290.0
632 336816.0
633 337992.0
634 339408.0
635 303868.0
636 331996.0
637 309016.0
638 336320.0
639 306596.0
640 312016.0
641 316116.0
642 327236.0
643 315944.0
644 319324.0
645 310136.0
646 328736.0
647 330960.0
648 320628.0
649 321392.0
650 322264.0
651 318336.0
652 335092.0
653 321444.0
654 318368.0
655 341022.0
656 318378.0
657 322498.0
658 344030.0
659 308640.0
660 313692.0
661 339760.0
662 313412.0
663 339808.0
664 303244.0
665 318296.0
666 316912.0
667 331372.0
668 326328.0
669 315160.0
670 275036.0
671 240161.0
672 233795.0
673 253699.0
674 240419.0
675 236215.0
676 242142.0
677 248890.0
678 242681.0
679 243846.0
680 240735.0
681 239458.0
682 249306.0
683 269440.0
684 223334.0
685 247807.0
686 234936.0
687 238047.0
688 245426.0
689 238513.0
690 239353.0
691 242871.0
692 248582.0
693 248415.0
694 238256.0
695 239927.0
696 242418.0
697 241758.0
698 241618.0
699 247858.0
700 240168.0
701 238057.0
702 246040.0
703 229856.0
704 252810.0
705 231628.0
706 250103.0
707 245240.0
708 247154.0
709 252317.0
710 239453.0
711 235145.0
712 243452.0
713 237074.0
714 246806.0
715 241486.0
716 243177.0
717 223186.0
718 255290.0
719 231413.0
720 248538.0
721 238954.0
722 235713.0
723 248379.0
724 236825.0
725 242919.0
726 241546.0
727 236731.0
728 266495.0
729 237403.0
730 194898.0
731 159674.0
732 164638.0
733 154154.0
734 161628.0
735 163492.0
736 160100.0
737 164402.0
738 162406.0
739 168048.0
740 160380.0
741 156496.0
742 158608.0
743 154574.0
744 162806.0
745 151210.0
746 163488.0
747 162938.0
748 153774.0
749 168440.0
750 163256.0
751 160942.0
752 166686.0
753 159448.0
754 164532.0
755 166016.0
756 167696.0
757 155986.0
758 168212.0
759 162904.0
760 158884.0
761 161900.0
762 164340.0
763 156592.0
764 163992.0
765 158460.0
766 163180.0
767 170860.0
768 149830.0
769 165412.0
770 157118.0
771 157616.0
772 167454.0
773 315820.0
774 3158737.0
775 162984.0
776 160474.0
777 169178.0
778 164110.0
779 164718.0
780 160368.0
781 158408.0
782 163600.0
783 159588.0
784 158750.0
785 161910.0
786 162036.0
787 173290.0
788 156152.0
789 157720.0
790 135416.0
791 74166.0
792 79534.0
793 89759.0
794 80303.0
795 76965.0
796 77900.0
797 83076.0
798 80022.0
799 82699.0
800 77197.0
801 80248.0
802 83119.0
803 80648.0
804 82044.0
805 79648.0
806 80700.0
807 91225.0
808 77250.0
809 85943.0
810 77451.0
811 80399.0
812 76942.0
813 82398.0
814 80176.0
815 82320.0
816 79075.0
817 75869.0
818 85358.0
819 85079.0
820 79697.0
821 79682.0
822 78325.0
823 81491.0
824 78681.0
825 84432.0
826 78535.0
827 78656.0
828 83944.0
829 81574.0
830 79024.0
831 81868.0
832 80846.0
833 80790.0
834 81024.0
835 79276.0
836 83355.0
837 81005.0
838 81377.0
839 84434.0
840 80258.0
841 77977.0
842 87287.0
843 76701.0
844 77812.0
845 79366.0
846 79802.0
847 79559.0
848 82497.0
849 91929.0
850 46307.0
851 0.0
852 0.0
853 0.0
854 0.0
855 0.0
856 0.0
857 0.0
858 0.0
859 0.0
860 0.0
861 0.0
862 0.0
863 0.0
864 396.0
865 0.0
866 0.0
867 0.0
868 0.0
869 42.0
870 0.0
871 0.0
872 0.0
873 0.0
874 0.0
875 0.0
876 0.0
877 0.0
878 0.0
879 0.0
880 0.0
881 0.0
882 0.0
883 0.0
884 0.0
885 0.0
886 0.0
887 0.0
888 0.0
889 0.0
890 0.0
891 0.0
892 0.0
893 0.0
894 0.0
895 0.0
896 0.0
