0 0.0
1 0.0
2 0.0
3 0.0
4 0.0
5 3478.0
6 954.0
7 0.0
8 5680.0
9 2805.0
10 408.0
11 0.0
12 984.0
13 71350.0
14 0.0
15 408.0
16 0.0
17 0.0
18 408.0
19 156.0
20 408.0
21 0.0
22 0.0
23 15650.0
24 0.0
25 408.0
26 0.0
27 0.0
28 408.0
29 0.0
30 408.0
31 0.0
32 0.0
33 0.0
34 0.0
35 408.0
36 0.0
37 0.0
38 408.0
39 0.0
40 408.0
41 0.0
42 0.0
43 0.0
44 0.0
45 408.0
46 0.0
47 0.0
48 408.0
49 0.0
50 408.0
51 0.0
52 0.0
53 0.0
54 0.0
55 408.0
56 0.0
57 0.0
58 408.0
59 0.0
60 408.0
61 0.0
62 0.0
63 0.0
64 0.0
65 408.0
66 0.0
67 0.0
68 408.0
69 0.0
70 7622.0
71 5912.0
72 72150.0
73 39696.0
74 58120.0
75 59049.0
76 61062.0
77 58356.0
78 57482.0
79 55152.0
80 54902.0
81 52840.0
82 71177.0
83 62406.0
84 92436.0
85 73777.0
86 72172.0
87 362085.0
88 75128.0
89 72285.0
90 79066.0
91 79238.0
92 92536.0
93 78566.0
94 79134.0
95 84839.0
96 87383.0
97 518035.0
98 90609.0
99 93109.0
100 348719.0
101 91491.0
102 367411.0
103 81913.0
104 85588.0
105 99833.0
106 97115.0
107 172116.0
108 112855.0
109 384669.0
110 372421.0
111 129535.0
112 141431.0
113 130562.0
114 147193.0
115 133526.0
116 142178.0
117 968706.0
118 168136.0
119 167437.0
120 169917.0
121 693138.0
122 185748.0
123 158359.0
124 165534.0
125 169645.0
126 689013.0
127 391946.0
128 166374.0
129 138505.0
130 463310.0
131 445279.0
132 223704.0
133 160504.0
134 137894.0
135 149387.0
136 405098.0
137 511013.0
138 146829.0
139 146338.0
140 148476.0
141 417511.0
142 162312.0
143 165508.0
144 163036.0
145 166623.0
146 166583.0
147 949230.0
148 163572.0
149 160925.0
150 168973.0
151 694605.0
152 174612.0
153 184338.0
154 170077.0
155 191909.0
156 185892.0
157 861178.0
158 195798.0
159 457871.0
160 467010.0
161 469547.0
162 200524.0
163 209299.0
164 200668.0
165 191592.0
166 172191.0
167 1164559.0
168 211433.0
169 674261.0
170 273331.0
171 1049637.0
172 260359.0
173 243518.0
174 255175.0
175 256524.0
176 493201.0
177 1032073.0
178 314641.0
179 241225.0
180 513601.0
181 775435.0
182 241905.0
183 248080.0
184 243881.0
185 249516.0
186 500090.0
187 751369.0
188 692286.0
189 225596.0
190 522544.0
191 837365.0
192 239983.0
193 229504.0
194 218080.0
195 220493.0
196 220041.0
197 758813.0
198 670421.0
199 229600.0
200 230767.0
201 760570.0
202 230247.0
203 263536.0
204 229287.0
205 235238.0
206 235928.0
207 755760.0
208 824858.0
209 234746.0
210 235361.0
211 774870.0
212 244041.0
213 269133.0
214 239537.0
215 234442.0
216 272646.0
217 764863.0
218 1006131.0
219 280739.0
220 531378.0
221 1077289.0
222 302718.0
223 303608.0
224 292220.0
225 300526.0
226 294721.0
227 810943.0
228 1352650.0
229 312719.0
230 323152.0
231 836683.0
232 881946.0
233 366474.0
234 341980.0
235 334689.0
236 601183.0
237 1114707.0
238 683658.0
239 330726.0
240 570251.0
241 1144948.0
242 342748.0
243 356062.0
244 324591.0
245 328754.0
246 588761.0
247 1112999.0
248 948795.0
249 330270.0
250 600026.0
251 1131993.0
252 383862.0
253 342584.0
254 309111.0
255 319696.0
256 296023.0
257 1111547.0
258 905154.0
259 319546.0
260 304582.0
261 1371769.0
262 320153.0
263 360791.0
264 304299.0
265 311555.0
266 313411.0
267 1070990.0
268 880862.0
269 357481.0
270 333123.0
271 1123489.0
272 312719.0
273 636599.0
274 324515.0
275 329045.0
276 325780.0
277 1129662.0
278 967256.0
279 334702.0
280 630026.0
281 1424938.0
282 368605.0
283 401969.0
284 345772.0
285 390795.0
286 400376.0
287 1169788.0
288 1575694.0
289 426366.0
290 421013.0
291 1467659.0
292 672078.0
293 454654.0
294 454343.0
295 405291.0
296 675605.0
297 1462388.0
298 1039520.0
299 670631.0
300 413374.0
301 1198869.0
302 675096.0
303 677337.0
304 420118.0
305 407719.0
306 417283.0
307 1717633.0
308 910992.0
309 410830.0
310 676733.0
311 935764.0
312 993233.0
313 348734.0
314 408652.0
315 411315.0
316 415339.0
317 428566.0
318 2421287.0
319 382325.0
320 402709.0
321 385411.0
322 1437624.0
323 404746.0
324 420131.0
325 375884.0
326 386923.0
327 406102.0
328 1561411.0
329 1030744.0
330 421451.0
331 420080.0
332 1447921.0
333 440486.0
334 448832.0
335 389985.0
336 413615.0
337 417987.0
338 1458951.0
339 1425692.0
340 459355.0
341 991277.0
342 1528580.0
343 443396.0
344 462105.0
345 445116.0
346 454798.0
347 453076.0
348 1501974.0
349 1697967.0
350 486677.0
351 491654.0
352 1535238.0
353 1024761.0
354 511496.0
355 480678.0
356 493349.0
357 756021.0
358 1811755.0
359 1057919.0
360 754330.0
361 484268.0
362 1806175.0
363 494469.0
364 521979.0
365 488156.0
366 483224.0
367 750974.0
368 1805486.0
369 1289474.0
370 502535.0
371 801450.0
372 1767059.0
373 451328.0
374 473096.0
375 444456.0
376 468086.0
377 466529.0
378 1787635.0
379 1194447.0
380 476648.0
381 459167.0
382 1802744.0
383 466253.0
384 526760.0
385 458702.0
386 462696.0
387 416593.0
388 1828688.0
389 1451364.0
390 487840.0
391 498332.0
392 1788418.0
393 489593.0
394 542957.0
395 483823.0
396 508304.0
397 513765.0
398 1802511.0
399 1579289.0
400 523030.0
401 1039237.0
402 1852065.0
403 561770.0
404 545859.0
405 518240.0
406 529066.0
407 569766.0
408 2158431.0
409 1735724.0
410 565649.0
411 574916.0
412 2147495.0
413 841602.0
414 521349.0
415 555771.0
416 570192.0
417 554145.0
418 2408341.0
419 1398049.0
420 586352.0
421 828893.0
422 1614295.0
423 1101587.0
424 648808.0
425 556061.0
426 568809.0
427 544832.0
428 2433502.0
429 1504384.0
430 577084.0
431 829299.0
432 2197735.0
433 536085.0
434 555655.0
435 579706.0
436 577922.0
437 600443.0
438 2163239.0
439 1678480.0
440 532476.0
441 555399.0
442 1597209.0
443 1090158.0
444 497964.0
445 529933.0
446 531898.0
447 572934.0
448 548094.0
449 3129226.0
450 562104.0
451 560638.0
452 547522.0
453 2162689.0
454 580954.0
455 568061.0
456 578065.0
457 569846.0
458 588555.0
459 2381132.0
460 1579618.0
461 578753.0
462 837733.0
463 2446815.0
464 605334.0
465 703261.0
466 621508.0
467 609786.0
468 644318.0
469 2492419.0
470 1833026.0
471 645599.0
472 928885.0
473 2224402.0
474 894556.0
475 670992.0
476 637943.0
477 651470.0
478 913233.0
479 2490919.0
480 1596373.0
481 912795.0
482 649908.0
483 2480559.0
484 678303.0
485 937305.0
486 640672.0
487 654975.0
488 917555.0
489 2495283.0
490 1424880.0
491 558146.0
492 847530.0
493 2149111.0
494 573476.0
495 658321.0
496 527412.0
497 554787.0
498 575378.0
499 2404373.0
500 1523419.0
501 556226.0
502 833152.0
503 2152526.0
504 579264.0
505 586676.0
506 557588.0
507 559892.0
508 505955.0
509 2038365.0
510 1820867.0
511 648435.0
512 843506.0
513 2158422.0
514 575883.0
515 494770.0
516 624001.0
517 564550.0
518 842361.0
519 1897476.0
520 1751895.0
521 582382.0
522 838699.0
523 1356455.0
524 1366611.0
525 877648.0
526 576268.0
527 566645.0
528 569008.0
529 1895427.0
530 1823071.0
531 571158.0
532 842052.0
533 1358387.0
534 1367626.0
535 611281.0
536 579713.0
537 566366.0
538 579969.0
539 2147868.0
540 1792173.0
541 581644.0
542 829544.0
543 575828.0
544 2144858.0
545 531895.0
546 608341.0
547 563451.0
548 564842.0
549 1115174.0
550 2737113.0
551 514541.0
552 786064.0
553 770391.0
554 1549686.0
555 514014.0
556 502123.0
557 482862.0
558 498048.0
559 759151.0
560 2425304.0
561 737209.0
562 755753.0
563 504101.0
564 1798250.0
565 489032.0
566 470228.0
567 481691.0
568 497838.0
569 758818.0
570 2056160.0
571 1093421.0
572 751377.0
573 499985.0
574 1812591.0
575 481614.0
576 525481.0
577 482917.0
578 492727.0
579 759148.0
580 1806524.0
581 1325744.0
582 492000.0
583 754527.0
584 1813264.0
585 498000.0
586 467897.0
587 477748.0
588 495545.0
589 763817.0
590 1810166.0
591 1319507.0
592 499258.0
593 757130.0
594 1795095.0
595 507860.0
596 433652.0
597 487825.0
598 487656.0
599 501962.0
600 2080166.0
601 1324912.0
602 496740.0
603 756616.0
604 1810860.0
605 493082.0
606 755336.0
607 476200.0
608 487684.0
609 463656.0
610 1498269.0
611 1290076.0
612 436857.0
613 698841.0
614 1470523.0
615 652050.0
616 706002.0
617 382511.0
618 410498.0
619 690200.0
620 1480671.0
621 934023.0
622 676796.0
623 419392.0
624 673543.0
625 1199763.0
626 697781.0
627 375940.0
628 361818.0
629 360181.0
630 1525295.0
631 1249057.0
632 415932.0
633 696735.0
634 949554.0
635 952350.0
636 681979.0
637 430969.0
638 414956.0
639 404495.0
640 1464257.0
641 1171585.0
642 414268.0
643 672235.0
644 407197.0
645 1462027.0
646 378333.0
647 439178.0
648 412024.0
649 410773.0
650 935636.0
651 1888328.0
652 411392.0
653 684713.0
654 413718.0
655 1473922.0
656 397030.0
657 392976.0
658 408217.0
659 412933.0
660 670287.0
661 1926617.0
662 679371.0
663 404904.0
664 667174.0
665 1462774.0
666 411718.0
667 431787.0
668 419070.0
669 396678.0
670 642052.0
671 1119552.0
672 1014230.0
673 335180.0
674 583312.0
675 1351742.0
676 306324.0
677 366861.0
678 336352.0
679 338210.0
680 601223.0
681 1119673.0
682 885658.0
683 601371.0
684 328745.0
685 1123330.0
686 591861.0
687 326266.0
688 329105.0
689 335193.0
690 591962.0
691 1124868.0
692 694913.0
693 333873.0
694 601388.0
695 1114782.0
696 334414.0
697 353813.0
698 329849.0
699 330181.0
700 593303.0
701 1119750.0
702 925576.0
703 327683.0
704 590382.0
705 1115871.0
706 333072.0
707 317404.0
708 333560.0
709 332719.0
710 598767.0
711 1125634.0
712 916562.0
713 332617.0
714 599468.0
715 1122562.0
716 322817.0
717 329089.0
718 327408.0
719 328440.0
720 596626.0
721 1111703.0
722 919675.0
723 328114.0
724 587756.0
725 1114001.0
726 338576.0
727 322024.0
728 330382.0
729 332266.0
730 288502.0
731 1046812.0
732 825975.0
733 228133.0
734 527366.0
735 975410.0
736 225062.0
737 324716.0
738 233732.0
739 260512.0
740 513667.0
741 779343.0
742 729885.0
743 246803.0
744 492992.0
745 766241.0
746 248085.0
747 516665.0
748 175339.0
749 197405.0
750 205921.0
751 789863.0
752 946743.0
753 264447.0
754 523829.0
755 794596.0
756 257645.0
757 530220.0
758 256606.0
759 256580.0
760 524267.0
761 785767.0
762 533058.0
763 248229.0
764 509557.0
765 770623.0
766 251738.0
767 257190.0
768 238069.0
769 255448.0
770 256377.0
771 1040250.0
772 730486.0
773 250138.0
774 518763.0
775 776691.0
776 248935.0
777 269127.0
778 241756.0
779 250890.0
780 247156.0
781 1040649.0
782 723762.0
783 252843.0
784 512246.0
785 771134.0
786 247178.0
787 269116.0
788 238270.0
789 252664.0
790 239277.0
791 702488.0
792 651594.0
793 170030.0
794 436399.0
795 612409.0
796 156617.0
797 197195.0
798 161928.0
799 178484.0
800 176445.0
801 702001.0
802 543190.0
803 168185.0
804 436729.0
805 429486.0
806 169111.0
807 185236.0
808 150304.0
809 175799.0
810 165512.0
811 693959.0
812 541256.0
813 167324.0
814 434279.0
815 162697.0
816 428622.0
817 153338.0
818 180679.0
819 185445.0
820 174517.0
821 695870.0
822 495498.0
823 165263.0
824 424046.0
825 163409.0
826 432082.0
827 168767.0
828 174414.0
829 172722.0
830 180599.0
831 438673.0
832 790673.0
833 178281.0
834 433408.0
835 163012.0
836 430520.0
837 166389.0
838 165944.0
839 179465.0
840 167661.0
841 428761.0
842 790363.0
843 161344.0
844 425222.0
845 166105.0
846 435868.0
847 166651.0
848 166878.0
849 177455.0
850 107135.0
851 104.0
852 0.0
853 340347.0
854 0.0
855 354575.0
856 0.0
857 0.0
858 668.0
859 104.0
860 408.0
861 0.0
862 0.0
863 0.0
864 0.0
865 408.0
866 0.0
867 0.0
868 616.0
869 0.0
870 408.0
871 0.0
872 0.0
873 0.0
874 0.0
875 408.0
876 0.0
877 0.0
878 616.0
879 0.0
880 408.0
881 0.0
882 0.0
883 0.0
884 0.0
885 408.0
886 0.0
887 0.0
888 616.0
889 0.0
890 408.0
891 0.0
892 0.0
893 0.0
894 0.0
895 408.0
896 0.0
