0 42213376.0
1 42213376.0
2 42213376.0
3 42213376.0
4 42213376.0
5 42213376.0
6 42213376.0
7 42213376.0
8 42213376.0
9 42213376.0
10 42213376.0
11 42213376.0
12 42213376.0
13 42213376.0
14 42213376.0
15 42213376.0
16 42213376.0
17 42213376.0
18 42213376.0
19 42213376.0
20 42213376.0
21 42213376.0
22 42213376.0
23 42213376.0
24 42213376.0
25 42213376.0
26 42213376.0
27 42213376.0
28 42213376.0
29 42213376.0
30 42213376.0
31 42213376.0
32 42213376.0
33 42213376.0
34 42213376.0
35 42213376.0
36 42213376.0
37 42213376.0
38 42213376.0
39 42213376.0
40 42213376.0
41 42213376.0
42 42213376.0
43 42213376.0
44 42213376.0
45 42213376.0
46 42213376.0
47 42213376.0
48 42213376.0
49 42213376.0
50 42213376.0
51 42213376.0
52 42213376.0
53 42213376.0
54 42213376.0
55 42213376.0
56 42213376.0
57 42213376.0
58 42213376.0
59 42213376.0
60 42213376.0
61 42213376.0
62 42213376.0
63 42213376.0
64 42213376.0
65 42213376.0
66 42213376.0
67 42213376.0
68 42213376.0
69 42213376.0
70 42213376.0
71 42213376.0
72 42213376.0
73 42213376.0
74 42213376.0
75 42213376.0
76 42213376.0
77 42213376.0
78 42213376.0
79 42213376.0
80 42213376.0
81 42213376.0
82 42213376.0
83 42213376.0
84 42213376.0
85 42213376.0
86 42213376.0
87 42213376.0
88 42213376.0
89 42213376.0
90 42213376.0
91 42213376.0
92 42213376.0
93 42213376.0
94 42213376.0
95 42213376.0
96 42213376.0
97 42213376.0
98 42213376.0
99 42213376.0
100 42213376.0
101 42213376.0
102 42213376.0
103 42213376.0
104 42213376.0
105 42213376.0
106 42213376.0
107 42213376.0
108 42213376.0
109 42213376.0
110 42213376.0
111 42213376.0
112 42213376.0
113 42213376.0
114 42213376.0
115 42213376.0
116 42213376.0
117 42213376.0
118 42213376.0
119 42213376.0
120 42213376.0
121 42213376.0
122 42213376.0
123 42213376.0
124 42213376.0
125 42213376.0
126 42213376.0
127 42213376.0
128 42213376.0
129 42213376.0
130 42213376.0
131 42213376.0
132 42213376.0
133 42213376.0
134 42213376.0
135 42213376.0
136 42213376.0
137 42213376.0
138 42213376.0
139 42213376.0
140 42213376.0
141 42213376.0
142 42213376.0
143 42213376.0
144 42213376.0
145 42213376.0
146 42213376.0
147 42213376.0
148 42213376.0
149 42213376.0
150 42213376.0
151 42213376.0
152 42213376.0
153 42213376.0
154 42213376.0
155 42213376.0
156 42213376.0
157 42213376.0
158 42213376.0
159 42213376.0
160 42213376.0
161 42213376.0
162 42213376.0
163 42213376.0
164 42213376.0
165 42213376.0
166 42213376.0
167 42213376.0
168 42213376.0
169 42213376.0
170 42213376.0
171 42213376.0
172 42213376.0
173 42213376.0
174 42213376.0
175 42213376.0
176 42213376.0
177 42213376.0
178 42213376.0
179 42213376.0
180 42213376.0
181 42213376.0
182 42213376.0
183 42213376.0
184 42213376.0
185 42213376.0
186 42213376.0
187 42213376.0
188 42213376.0
189 42213376.0
190 42213376.0
191 42213376.0
192 42213376.0
193 42213376.0
194 42213376.0
195 42213376.0
196 42213376.0
197 42213376.0
198 42213376.0
199 42213376.0
200 42213376.0
201 42213376.0
202 42213376.0
203 42213376.0
204 42213376.0
205 42213376.0
206 42213376.0
207 42213376.0
208 42213376.0
209 42213376.0
210 42213376.0
211 42213376.0
212 42213376.0
213 42213376.0
214 42213376.0
215 42213376.0
216 42213376.0
217 42213376.0
218 42213376.0
219 42213376.0
220 42213376.0
221 42213376.0
222 42213376.0
223 42213376.0
224 42213376.0
225 42213376.0
226 42213376.0
227 42213376.0
228 42213376.0
229 42213376.0
230 42213376.0
231 42213376.0
232 42213376.0
233 42213376.0
234 42213376.0
235 42213376.0
236 42213376.0
237 42213376.0
238 42213376.0
239 42213376.0
240 42213376.0
241 42213376.0
242 42213376.0
243 42213376.0
244 42213376.0
245 42213376.0
246 42213376.0
247 42213376.0
248 42213376.0
249 42213376.0
250 42213376.0
251 42213376.0
252 42213376.0
253 42213376.0
254 42213376.0
255 42213376.0
256 42213376.0
257 42213376.0
258 42213376.0
259 42213376.0
260 42213376.0
261 42213376.0
262 42213376.0
263 42213376.0
264 42213376.0
265 42213376.0
266 42213376.0
267 42213376.0
268 42213376.0
269 42213376.0
270 42213376.0
271 42213376.0
272 42213376.0
273 42213376.0
274 42213376.0
275 42213376.0
276 42213376.0
277 42213376.0
278 42213376.0
279 42213376.0
280 42213376.0
281 42213376.0
282 42213376.0
283 42213376.0
284 42213376.0
285 42213376.0
286 42213376.0
287 42213376.0
288 42213376.0
289 42213376.0
290 42213376.0
291 42213376.0
292 42213376.0
293 42213376.0
294 42213376.0
295 42213376.0
296 42213376.0
297 42213376.0
298 42213376.0
299 42213376.0
300 42213376.0
301 42213376.0
302 42213376.0
303 42213376.0
304 42213376.0
305 42213376.0
306 42213376.0
307 42213376.0
308 42213376.0
309 42213376.0
310 42213376.0
311 42213376.0
312 42213376.0
313 42213376.0
314 42213376.0
315 42213376.0
316 42213376.0
317 42213376.0
318 42213376.0
319 42213376.0
320 42213376.0
321 42213376.0
322 42213376.0
323 42213376.0
324 42213376.0
325 42213376.0
326 42213376.0
327 42213376.0
328 42213376.0
329 42213376.0
330 42213376.0
331 42213376.0
332 42213376.0
333 42213376.0
334 42213376.0
335 42213376.0
336 42213376.0
337 42213376.0
338 42213376.0
339 42213376.0
340 42213376.0
341 42213376.0
342 42213376.0
343 42213376.0
344 42213376.0
345 42213376.0
346 42213376.0
347 42213376.0
348 42213376.0
349 42213376.0
350 42213376.0
351 42213376.0
352 42213376.0
353 42213376.0
354 42213376.0
355 42213376.0
356 42213376.0
357 42213376.0
358 42213376.0
359 42213376.0
360 42213376.0
361 42213376.0
362 42213376.0
363 42213376.0
364 42213376.0
365 42213376.0
366 42213376.0
367 42213376.0
368 42213376.0
369 42213376.0
370 42213376.0
371 42213376.0
372 42213376.0
373 42213376.0
374 42213376.0
375 42213376.0
376 42213376.0
377 42213376.0
378 42213376.0
379 42213376.0
380 42213376.0
381 42213376.0
382 42213376.0
383 42213376.0
384 42213376.0
385 42213376.0
386 42213376.0
387 42213376.0
388 42213376.0
389 42213376.0
390 42213376.0
391 42213376.0
392 42213376.0
393 42213376.0
394 42213376.0
395 42213376.0
396 42213376.0
397 42213376.0
398 42213376.0
399 42213376.0
400 42213376.0
401 42213376.0
402 42213376.0
403 42213376.0
404 42213376.0
405 42213376.0
406 42213376.0
407 42213376.0
408 42213376.0
409 42213376.0
410 42213376.0
411 42213376.0
412 42213376.0
413 42213376.0
414 42213376.0
415 42213376.0
416 42213376.0
417 42213376.0
418 42213376.0
419 42213376.0
420 42213376.0
421 42213376.0
422 42213376.0
423 42213376.0
424 42213376.0
425 42213376.0
426 42213376.0
427 42213376.0
428 42213376.0
429 42213376.0
430 42213376.0
431 42213376.0
432 42213376.0
433 42213376.0
434 42213376.0
435 42213376.0
436 42213376.0
437 42213376.0
438 42213376.0
439 42213376.0
440 42213376.0
441 42213376.0
442 42213376.0
443 42213376.0
444 42213376.0
445 42213376.0
446 42213376.0
447 42213376.0
448 42213376.0
449 42213376.0
450 42213376.0
451 42213376.0
452 42213376.0
453 42213376.0
454 42213376.0
455 42213376.0
456 42213376.0
457 42213376.0
458 42213376.0
459 42213376.0
460 42213376.0
461 42213376.0
462 42213376.0
463 42213376.0
464 42213376.0
465 42213376.0
466 42213376.0
467 42213376.0
468 42213376.0
469 42213376.0
470 42213376.0
471 42213376.0
472 42213376.0
473 42213376.0
474 42213376.0
475 42213376.0
476 42213376.0
477 42213376.0
478 42213376.0
479 42213376.0
480 42213376.0
481 42213376.0
482 42213376.0
483 42213376.0
484 42213376.0
485 42213376.0
486 42213376.0
487 42213376.0
488 42213376.0
489 42213376.0
490 42213376.0
491 42213376.0
492 42213376.0
493 42213376.0
494 42213376.0
495 42213376.0
496 42213376.0
497 42213376.0
498 42213376.0
499 42213376.0
500 42213376.0
501 42213376.0
502 42213376.0
503 42213376.0
504 42213376.0
505 42213376.0
506 42213376.0
507 42213376.0
508 42213376.0
509 42213376.0
510 42213376.0
511 42213376.0
512 42213376.0
513 42213376.0
514 42213376.0
515 42213376.0
516 42213376.0
517 42213376.0
518 42213376.0
519 42213376.0
520 42213376.0
521 42213376.0
522 42213376.0
523 42213376.0
524 42213376.0
525 42213376.0
526 42213376.0
527 42213376.0
528 42213376.0
529 42213376.0
530 42213376.0
531 42213376.0
532 42213376.0
533 42213376.0
534 42213376.0
535 42213376.0
536 42213376.0
537 42213376.0
538 42213376.0
539 42213376.0
540 42213376.0
541 42213376.0
542 42213376.0
543 42213376.0
544 42213376.0
545 42213376.0
546 42213376.0
547 42213376.0
548 42213376.0
549 42213376.0
550 42213376.0
551 42213376.0
552 42213376.0
553 42213376.0
554 42213376.0
555 42213376.0
556 42213376.0
557 42213376.0
558 42213376.0
559 42213376.0
560 42213376.0
561 42213376.0
562 42213376.0
563 42213376.0
564 42213376.0
565 42213376.0
566 42213376.0
567 42213376.0
568 42213376.0
569 42213376.0
570 42213376.0
571 42213376.0
572 42213376.0
573 42213376.0
574 42213376.0
575 42213376.0
576 42213376.0
577 42213376.0
578 42213376.0
579 42213376.0
580 42213376.0
581 42213376.0
582 42213376.0
583 42213376.0
584 42213376.0
585 42213376.0
586 42213376.0
587 42213376.0
588 42213376.0
589 42213376.0
590 42213376.0
591 42213376.0
592 42213376.0
593 42213376.0
594 42213376.0
595 42213376.0
596 42213376.0
597 42213376.0
598 42213376.0
599 42213376.0
600 42213376.0
601 42213376.0
602 42213376.0
603 42213376.0
604 42213376.0
605 42213376.0
606 42213376.0
607 42213376.0
608 42213376.0
609 42213376.0
610 42213376.0
611 42213376.0
612 42213376.0
613 42213376.0
614 42213376.0
615 42213376.0
616 42213376.0
617 42213376.0
618 42213376.0
619 42213376.0
620 42213376.0
621 42213376.0
622 42213376.0
623 42213376.0
624 42213376.0
625 42213376.0
626 42213376.0
627 42213376.0
628 42213376.0
629 42213376.0
630 42213376.0
631 42213376.0
632 42213376.0
633 42213376.0
634 42213376.0
635 42213376.0
636 42213376.0
637 42213376.0
638 42213376.0
639 42213376.0
640 42213376.0
641 42213376.0
642 42213376.0
643 42213376.0
644 42213376.0
645 42213376.0
646 42213376.0
647 42213376.0
648 42213376.0
649 42213376.0
650 42213376.0
651 42213376.0
652 42213376.0
653 42213376.0
654 42213376.0
655 42213376.0
656 42213376.0
657 42213376.0
658 42213376.0
659 42213376.0
660 42213376.0
661 42213376.0
662 42213376.0
663 42213376.0
664 42213376.0
665 42213376.0
666 42213376.0
667 42213376.0
668 42213376.0
669 42213376.0
670 42213376.0
671 42213376.0
672 42213376.0
673 42213376.0
674 42213376.0
675 42213376.0
676 42213376.0
677 42213376.0
678 42213376.0
679 42213376.0
680 42213376.0
681 42213376.0
682 42213376.0
683 42213376.0
684 42213376.0
685 42213376.0
686 42213376.0
687 42213376.0
688 42213376.0
689 42213376.0
690 42213376.0
691 42213376.0
692 42213376.0
693 42213376.0
694 42213376.0
695 42213376.0
696 42213376.0
697 42213376.0
698 42213376.0
699 42213376.0
700 42213376.0
701 42213376.0
702 42213376.0
703 42213376.0
704 42213376.0
705 42213376.0
706 42213376.0
707 42213376.0
708 42213376.0
709 42213376.0
710 42213376.0
711 42213376.0
712 42213376.0
713 42213376.0
714 42213376.0
715 42213376.0
716 42213376.0
717 42213376.0
718 42213376.0
719 42213376.0
720 42213376.0
721 42213376.0
722 42213376.0
723 42213376.0
724 42213376.0
725 42213376.0
726 42213376.0
727 42213376.0
728 42213376.0
729 42213376.0
730 42213376.0
731 42213376.0
732 42213376.0
733 42213376.0
734 42213376.0
735 42213376.0
736 42213376.0
737 42213376.0
738 42213376.0
739 42213376.0
740 42213376.0
741 42213376.0
742 42213376.0
743 42213376.0
744 42213376.0
745 42213376.0
746 42213376.0
747 42213376.0
748 42213376.0
749 42213376.0
750 42213376.0
751 42213376.0
752 42213376.0
753 42213376.0
754 42213376.0
755 42213376.0
756 42213376.0
757 42213376.0
758 42213376.0
759 42213376.0
760 42213376.0
761 42213376.0
762 42213376.0
763 42213376.0
764 42213376.0
765 42213376.0
766 42213376.0
767 42213376.0
768 42213376.0
769 42213376.0
770 42213376.0
771 42213376.0
772 42213376.0
773 42213376.0
774 42213376.0
775 42213376.0
776 42213376.0
777 42213376.0
778 42213376.0
779 42213376.0
780 42213376.0
781 42213376.0
782 42213376.0
783 42213376.0
784 42213376.0
785 42213376.0
786 42213376.0
787 42213376.0
788 42213376.0
789 42213376.0
790 42213376.0
791 42213376.0
792 42213376.0
793 42213376.0
794 42213376.0
795 42213376.0
796 42213376.0
797 42213376.0
798 42213376.0
799 42213376.0
800 42213376.0
801 42213376.0
802 42213376.0
803 42213376.0
804 42213376.0
805 42213376.0
806 42213376.0
807 42213376.0
808 42213376.0
809 42213376.0
810 42213376.0
811 42213376.0
812 42213376.0
813 42213376.0
814 42213376.0
815 42213376.0
816 42213376.0
817 42213376.0
818 42213376.0
819 42213376.0
820 42213376.0
821 42213376.0
822 42213376.0
823 42213376.0
824 42213376.0
825 42213376.0
826 42213376.0
827 42213376.0
828 42213376.0
829 42213376.0
830 42213376.0
831 42213376.0
832 42213376.0
833 42213376.0
834 42213376.0
835 42213376.0
836 42213376.0
837 42213376.0
838 42213376.0
839 42213376.0
840 42213376.0
841 42213376.0
842 42213376.0
843 42213376.0
844 42213376.0
845 42213376.0
846 42213376.0
847 42213376.0
848 42213376.0
849 42213376.0
850 42213376.0
851 42213376.0
852 42213376.0
853 42213376.0
854 42213376.0
855 42213376.0
856 42213376.0
857 42213376.0
858 42213376.0
859 42213376.0
860 42213376.0
861 42213376.0
862 42213376.0
863 42213376.0
864 42213376.0
865 42213376.0
866 42213376.0
867 42213376.0
868 42213376.0
869 42213376.0
870 42213376.0
871 42213376.0
872 42213376.0
873 42213376.0
874 42213376.0
875 42213376.0
876 42213376.0
877 42213376.0
878 42213376.0
879 42213376.0
880 42213376.0
881 42213376.0
882 42213376.0
883 42213376.0
884 42213376.0
885 42213376.0
886 42213376.0
887 42213376.0
888 42213376.0
889 42213376.0
890 42213376.0
891 42213376.0
892 42213376.0
893 42213376.0
894 42213376.0
895 42213376.0
896 42213376.0
