0 4554752.0
1 38110097408.0
2 38121259008.0
3 38190465024.0
4 38262910976.0
5 38539751424.0
6 38814494720.0
7 38814494720.0
8 38814494720.0
9 38816591872.0
10 38816591872.0
11 38816591872.0
12 38816591872.0
13 38816591872.0
14 38816591872.0
15 38816591872.0
16 38816591872.0
17 38816591872.0
18 38816591872.0
19 38816591872.0
20 38816591872.0
21 38816591872.0
22 38816591872.0
23 38816591872.0
24 38816591872.0
25 38816591872.0
26 38816591872.0
27 38816591872.0
28 38816591872.0
29 38816591872.0
30 38816591872.0
31 38816591872.0
32 38816591872.0
33 38816591872.0
34 38816591872.0
35 38816591872.0
36 38816591872.0
37 38816591872.0
38 38816591872.0
39 38816591872.0
40 38816591872.0
41 38816591872.0
42 38816591872.0
43 38816591872.0
44 38816591872.0
45 38816591872.0
46 38816591872.0
47 38816591872.0
48 38816591872.0
49 38816591872.0
50 38816591872.0
51 38816591872.0
52 38816591872.0
53 38816591872.0
54 38816591872.0
55 38816591872.0
56 38816591872.0
57 38816591872.0
58 38816591872.0
59 38816591872.0
60 38816591872.0
61 38816591872.0
62 38816591872.0
63 38816591872.0
64 38816591872.0
65 38816591872.0
66 38816591872.0
67 38816591872.0
68 38816591872.0
69 38816591872.0
70 38816591872.0
71 38816591872.0
72 38952914944.0
73 39021076480.0
74 39021076480.0
75 39021076480.0
76 39021076480.0
77 39089238016.0
78 39089238016.0
79 39089238016.0
80 39089238016.0
81 39089238016.0
82 39361884160.0
83 39361884160.0
84 39361884160.0
85 39361884160.0
86 39361884160.0
87 39361884160.0
88 39361884160.0
89 39361884160.0
90 39361884160.0
91 39361884160.0
92 39361884160.0
93 39361884160.0
94 39361884160.0
95 39361884160.0
96 39361884160.0
97 39361884160.0
98 39361884160.0
99 39361884160.0
100 39361884160.0
101 39361884160.0
102 39361884160.0
103 39361884160.0
104 39361884160.0
105 39361884160.0
106 39361884160.0
107 39361884160.0
108 39361884160.0
109 39361884160.0
110 39361884160.0
111 39361884160.0
112 39361884160.0
113 39361884160.0
114 39361884160.0
115 39361884160.0
116 39361884160.0
117 39361884160.0
118 39361884160.0
119 39361884160.0
120 39361884160.0
121 39361884160.0
122 39361884160.0
123 39361884160.0
124 39361884160.0
125 39361884160.0
126 39361884160.0
127 39361884160.0
128 39361884160.0
129 39361884160.0
130 39361884160.0
131 39361884160.0
132 39361884160.0
133 39361884160.0
134 39361884160.0
135 39361884160.0
136 39361884160.0
137 39361884160.0
138 39361884160.0
139 39361884160.0
140 39361884160.0
141 39361884160.0
142 39361884160.0
143 39361884160.0
144 39361884160.0
145 39361884160.0
146 39361884160.0
147 39361884160.0
148 39361884160.0
149 39361884160.0
150 39361884160.0
151 39361884160.0
152 39361884160.0
153 39361884160.0
154 39361884160.0
155 39361884160.0
156 39361884160.0
157 39361884160.0
158 39361884160.0
159 39361884160.0
160 39361884160.0
161 39361884160.0
162 39361884160.0
163 39361884160.0
164 39361884160.0
165 39361884160.0
166 39361884160.0
167 39361884160.0
168 39361884160.0
169 39361884160.0
170 39361884160.0
171 39361884160.0
172 39361884160.0
173 39361884160.0
174 39361884160.0
175 39361884160.0
176 39361884160.0
177 39361884160.0
178 39361884160.0
179 39361884160.0
180 39361884160.0
181 39361884160.0
182 39361884160.0
183 39361884160.0
184 39361884160.0
185 39361884160.0
186 39361884160.0
187 39361884160.0
188 39361884160.0
189 39361884160.0
190 39361884160.0
191 39361884160.0
192 39361884160.0
193 39361884160.0
194 39361884160.0
195 39361884160.0
196 39361884160.0
197 39361884160.0
198 39361884160.0
199 39361884160.0
200 39361884160.0
201 39361884160.0
202 39361884160.0
203 39361884160.0
204 39361884160.0
205 39361884160.0
206 39361884160.0
207 39361884160.0
208 39361884160.0
209 39361884160.0
210 39361884160.0
211 39361884160.0
212 39361884160.0
213 39361884160.0
214 39361884160.0
215 39361884160.0
216 39361884160.0
217 39361884160.0
218 39361884160.0
219 39361884160.0
220 39361884160.0
221 39361884160.0
222 39361884160.0
223 39361884160.0
224 39361884160.0
225 39361884160.0
226 39361884160.0
227 39361884160.0
228 39361884160.0
229 39361884160.0
230 39361884160.0
231 39361884160.0
232 39361884160.0
233 39361884160.0
234 39361884160.0
235 39361884160.0
236 39361884160.0
237 39361884160.0
238 39361884160.0
239 39361884160.0
240 39361884160.0
241 39361884160.0
242 39361884160.0
243 39361884160.0
244 39361884160.0
245 39361884160.0
246 39361884160.0
247 39361884160.0
248 39361884160.0
249 39361884160.0
250 39361884160.0
251 39361884160.0
252 39361884160.0
253 39361884160.0
254 39361884160.0
255 39361884160.0
256 39361884160.0
257 39361884160.0
258 39361884160.0
259 39361884160.0
260 39361884160.0
261 39361884160.0
262 39361884160.0
263 39361884160.0
264 39361884160.0
265 39361884160.0
266 39361884160.0
267 39361884160.0
268 39363981312.0
269 39363981312.0
270 39363981312.0
271 39363981312.0
272 39363981312.0
273 39363981312.0
274 39363981312.0
275 39363981312.0
276 39363981312.0
277 39363981312.0
278 39363981312.0
279 39363981312.0
280 39363981312.0
281 39363981312.0
282 39363981312.0
283 39363981312.0
284 39363981312.0
285 39363981312.0
286 39363981312.0
287 39363981312.0
288 39363981312.0
289 39363981312.0
290 39363981312.0
291 39363981312.0
292 39363981312.0
293 39363981312.0
294 39363981312.0
295 39363981312.0
296 39363981312.0
297 39363981312.0
298 39363981312.0
299 39363981312.0
300 39363981312.0
301 39363981312.0
302 39363981312.0
303 39363981312.0
304 39363981312.0
305 39363981312.0
306 39363981312.0
307 39363981312.0
308 39363981312.0
309 39363981312.0
310 39363981312.0
311 39363981312.0
312 39363981312.0
313 39363981312.0
314 39363981312.0
315 39363981312.0
316 39363981312.0
317 39363981312.0
318 39363981312.0
319 39363981312.0
320 39363981312.0
321 39363981312.0
322 39363981312.0
323 39363981312.0
324 39363981312.0
325 39363981312.0
326 39363981312.0
327 39363981312.0
328 39363981312.0
329 39363981312.0
330 39363981312.0
331 39363981312.0
332 39363981312.0
333 39363981312.0
334 39500304384.0
335 39500304384.0
336 39500304384.0
337 39500304384.0
338 39500304384.0
339 39500304384.0
340 39500304384.0
341 39500304384.0
342 39500304384.0
343 39500304384.0
344 39500304384.0
345 39500304384.0
346 39500304384.0
347 39500304384.0
348 39500304384.0
349 39500304384.0
350 39500304384.0
351 39500304384.0
352 39500304384.0
353 39500304384.0
354 39500304384.0
355 39500304384.0
356 39500304384.0
357 39500304384.0
358 39500304384.0
359 39500304384.0
360 39500304384.0
361 39500304384.0
362 39500304384.0
363 39500304384.0
364 39500304384.0
365 39500304384.0
366 39500304384.0
367 39500304384.0
368 39500304384.0
369 39500304384.0
370 39500304384.0
371 39500304384.0
372 39500304384.0
373 39500304384.0
374 39568465920.0
375 39568465920.0
376 39568465920.0
377 39568465920.0
378 39568465920.0
379 39568465920.0
380 39568465920.0
381 39568465920.0
382 39568465920.0
383 39568465920.0
384 39568465920.0
385 39568465920.0
386 39568465920.0
387 39568465920.0
388 39568465920.0
389 39568465920.0
390 39568465920.0
391 39568465920.0
392 39568465920.0
393 39568465920.0
394 39568465920.0
395 39568465920.0
396 39568465920.0
397 39568465920.0
398 39568465920.0
399 39568465920.0
400 39568465920.0
401 39568465920.0
402 39568465920.0
403 39568465920.0
404 39568465920.0
405 39568465920.0
406 39568465920.0
407 39568465920.0
408 39568465920.0
409 39568465920.0
410 39568465920.0
411 39568465920.0
412 39568465920.0
413 39568465920.0
414 39568465920.0
415 39568465920.0
416 39568465920.0
417 39568465920.0
418 39568465920.0
419 39568465920.0
420 39568465920.0
421 39568465920.0
422 39568465920.0
423 39568465920.0
424 39568465920.0
425 39568465920.0
426 39568465920.0
427 39568465920.0
428 39568465920.0
429 39568465920.0
430 39568465920.0
431 39568465920.0
432 39568465920.0
433 39568465920.0
434 39568465920.0
435 39568465920.0
436 39568465920.0
437 39568465920.0
438 39568465920.0
439 39568465920.0
440 39568465920.0
441 39568465920.0
442 39568465920.0
443 39568465920.0
444 39568465920.0
445 39568465920.0
446 39568465920.0
447 39568465920.0
448 39568465920.0
449 39568465920.0
450 39568465920.0
451 39568465920.0
452 39568465920.0
453 39568465920.0
454 39568465920.0
455 39568465920.0
456 39568465920.0
457 39568465920.0
458 39568465920.0
459 39568465920.0
460 39568465920.0
461 39568465920.0
462 39568465920.0
463 39568465920.0
464 39568465920.0
465 39704788992.0
466 39704788992.0
467 39704788992.0
468 39704788992.0
469 39704788992.0
470 39704788992.0
471 39704788992.0
472 39704788992.0
473 39704788992.0
474 39704788992.0
475 39704788992.0
476 39704788992.0
477 39704788992.0
478 39704788992.0
479 39704788992.0
480 39704788992.0
481 39704788992.0
482 39704788992.0
483 39704788992.0
484 39704788992.0
485 39704788992.0
486 39704788992.0
487 39704788992.0
488 39704788992.0
489 39704788992.0
490 39704788992.0
491 39704788992.0
492 39704788992.0
493 39704788992.0
494 39704788992.0
495 39704788992.0
496 39704788992.0
497 39704788992.0
498 39704788992.0
499 39704788992.0
500 39704788992.0
501 39704788992.0
502 39704788992.0
503 39704788992.0
504 39704788992.0
505 39704788992.0
506 39704788992.0
507 39704788992.0
508 39704788992.0
509 39704788992.0
510 39704788992.0
511 39704788992.0
512 39704788992.0
513 39704788992.0
514 39704788992.0
515 39704788992.0
516 39704788992.0
517 39704788992.0
518 39704788992.0
519 39704788992.0
520 39704788992.0
521 39704788992.0
522 39704788992.0
523 39704788992.0
524 39704788992.0
525 39704788992.0
526 39704788992.0
527 39704788992.0
528 39704788992.0
529 39704788992.0
530 39704788992.0
531 39704788992.0
532 39704788992.0
533 39704788992.0
534 39704788992.0
535 39704788992.0
536 39704788992.0
537 39704788992.0
538 39704788992.0
539 39704788992.0
540 39704788992.0
541 39704788992.0
542 39704788992.0
543 39704788992.0
544 39704788992.0
545 39704788992.0
546 39704788992.0
547 39704788992.0
548 39704788992.0
549 39704788992.0
550 39704788992.0
551 39704788992.0
552 39704788992.0
553 39704788992.0
554 39704788992.0
555 39704788992.0
556 39704788992.0
557 39704788992.0
558 39704788992.0
559 39704788992.0
560 39704788992.0
561 39704788992.0
562 39704788992.0
563 39704788992.0
564 39704788992.0
565 39704788992.0
566 39704788992.0
567 39704788992.0
568 39704788992.0
569 39704788992.0
570 39704788992.0
571 39704788992.0
572 39704788992.0
573 39704788992.0
574 39704788992.0
575 39704788992.0
576 39704788992.0
577 39704788992.0
578 39704788992.0
579 39704788992.0
580 39704788992.0
581 39704788992.0
582 39704788992.0
583 39704788992.0
584 39704788992.0
585 39704788992.0
586 39704788992.0
587 39704788992.0
588 39704788992.0
589 39704788992.0
590 39704788992.0
591 39704788992.0
592 39704788992.0
593 39704788992.0
594 39704788992.0
595 39704788992.0
596 39704788992.0
597 39704788992.0
598 39704788992.0
599 39704788992.0
600 39704788992.0
601 39704788992.0
602 39704788992.0
603 39704788992.0
604 39704788992.0
605 39704788992.0
606 39704788992.0
607 39704788992.0
608 39704788992.0
609 39704788992.0
610 39704788992.0
611 39704788992.0
612 39704788992.0
613 39704788992.0
614 39704788992.0
615 39704788992.0
616 39704788992.0
617 39704788992.0
618 39704788992.0
619 39704788992.0
620 39704788992.0
621 39704788992.0
622 39704788992.0
623 39704788992.0
624 39704788992.0
625 39704788992.0
626 39704788992.0
627 39704788992.0
628 39704788992.0
629 39704788992.0
630 39704788992.0
631 39704788992.0
632 39704788992.0
633 39704788992.0
634 39704788992.0
635 39704788992.0
636 39704788992.0
637 39704788992.0
638 39704788992.0
639 39704788992.0
640 39704788992.0
641 39704788992.0
642 39704788992.0
643 39704788992.0
644 39704788992.0
645 39704788992.0
646 39704788992.0
647 39704788992.0
648 39704788992.0
649 39704788992.0
650 39704788992.0
651 39704788992.0
652 39704788992.0
653 39704788992.0
654 39704788992.0
655 39704788992.0
656 39704788992.0
657 39704788992.0
658 39704788992.0
659 39704788992.0
660 39704788992.0
661 39704788992.0
662 39704788992.0
663 39704788992.0
664 39704788992.0
665 39704788992.0
666 39704788992.0
667 39704788992.0
668 39704788992.0
669 39704788992.0
670 39704788992.0
671 39704788992.0
672 39704788992.0
673 39704788992.0
674 39704788992.0
675 39704788992.0
676 39704788992.0
677 39704788992.0
678 39704788992.0
679 39704788992.0
680 39704788992.0
681 39704788992.0
682 39704788992.0
683 39704788992.0
684 39704788992.0
685 39704788992.0
686 39704788992.0
687 39704788992.0
688 39704788992.0
689 39704788992.0
690 39704788992.0
691 39704788992.0
692 39704788992.0
693 39704788992.0
694 39704788992.0
695 39704788992.0
696 39704788992.0
697 39704788992.0
698 39704788992.0
699 39704788992.0
700 39704788992.0
701 39704788992.0
702 39704788992.0
703 39704788992.0
704 39704788992.0
705 39704788992.0
706 39704788992.0
707 39704788992.0
708 39704788992.0
709 39704788992.0
710 39704788992.0
711 39704788992.0
712 39704788992.0
713 39704788992.0
714 39704788992.0
715 39704788992.0
716 39704788992.0
717 39704788992.0
718 39704788992.0
719 39704788992.0
720 39704788992.0
721 39704788992.0
722 39704788992.0
723 39704788992.0
724 39704788992.0
725 39704788992.0
726 39704788992.0
727 39704788992.0
728 39704788992.0
729 39704788992.0
730 39704788992.0
731 39704788992.0
732 39704788992.0
733 39704788992.0
734 39704788992.0
735 39704788992.0
736 39704788992.0
737 39704788992.0
738 39704788992.0
739 39704788992.0
740 39704788992.0
741 39704788992.0
742 39704788992.0
743 39704788992.0
744 39704788992.0
745 39704788992.0
746 39704788992.0
747 39704788992.0
748 39704788992.0
749 39704788992.0
750 39704788992.0
751 39704788992.0
752 39704788992.0
753 39704788992.0
754 39704788992.0
755 39704788992.0
756 39704788992.0
757 39704788992.0
758 39704788992.0
759 39704788992.0
760 39704788992.0
761 39704788992.0
762 39704788992.0
763 39704788992.0
764 39704788992.0
765 39704788992.0
766 39704788992.0
767 39704788992.0
768 39704788992.0
769 39704788992.0
770 39704788992.0
771 39704788992.0
772 39704788992.0
773 39704788992.0
774 39704788992.0
775 39704788992.0
776 39704788992.0
777 39704788992.0
778 39704788992.0
779 39704788992.0
780 39704788992.0
781 39704788992.0
782 39704788992.0
783 39704788992.0
784 39704788992.0
785 39704788992.0
786 39704788992.0
787 39704788992.0
788 39704788992.0
789 39704788992.0
790 39704788992.0
791 39704788992.0
792 39704788992.0
793 39704788992.0
794 39704788992.0
795 39704788992.0
796 39704788992.0
797 39704788992.0
798 39704788992.0
799 39704788992.0
800 39704788992.0
801 39704788992.0
802 39704788992.0
803 39704788992.0
804 39704788992.0
805 39704788992.0
806 39704788992.0
807 39704788992.0
808 39704788992.0
809 39704788992.0
810 39704788992.0
811 39704788992.0
812 39704788992.0
813 39704788992.0
814 39704788992.0
815 39704788992.0
816 39704788992.0
817 39704788992.0
818 39704788992.0
819 39704788992.0
820 39704788992.0
821 39704788992.0
822 39704788992.0
823 39704788992.0
824 39704788992.0
825 39704788992.0
826 39704788992.0
827 39704788992.0
828 39704788992.0
829 39704788992.0
830 39704788992.0
831 39704788992.0
832 39704788992.0
833 39704788992.0
834 39704788992.0
835 39704788992.0
836 39704788992.0
837 39704788992.0
838 39704788992.0
839 39704788992.0
840 39704788992.0
841 39704788992.0
842 39704788992.0
843 39704788992.0
844 39704788992.0
845 39704788992.0
846 39704788992.0
847 39704788992.0
848 39704788992.0
849 39704788992.0
850 39704788992.0
851 39704788992.0
852 39704788992.0
853 39704788992.0
854 39704788992.0
855 39704788992.0
856 39704788992.0
857 39704788992.0
858 39704788992.0
859 39704788992.0
860 39704788992.0
861 39704788992.0
862 39704788992.0
863 39704788992.0
864 39704788992.0
865 39704788992.0
866 39704788992.0
867 39704788992.0
868 39704788992.0
869 39704788992.0
870 39704788992.0
871 39704788992.0
872 39704788992.0
873 39704788992.0
874 39704788992.0
875 39704788992.0
876 39704788992.0
877 39704788992.0
878 39704788992.0
879 39704788992.0
880 39704788992.0
881 39704788992.0
882 39704788992.0
883 39704788992.0
884 39704788992.0
885 39704788992.0
886 39704788992.0
887 39704788992.0
888 39704788992.0
889 39704788992.0
890 39704788992.0
891 39704788992.0
892 39704788992.0
893 39704788992.0
894 39704788992.0
895 39704788992.0
