5 18587648.0
6 37983096832.0
7 38129934336.0
8 38554079232.0
9 48780562432.0
10 48780562432.0
11 48780562432.0
12 48784830464.0
13 49264058368.0
14 49264058368.0
15 49264058368.0
16 49264058368.0
17 49264058368.0
18 49264058368.0
19 49264058368.0
20 49264058368.0
21 49264058368.0
22 49264058368.0
23 49264058368.0
24 49264058368.0
25 49264058368.0
26 49264058368.0
27 49264058368.0
28 49264058368.0
29 49264058368.0
30 49264058368.0
31 49264058368.0
32 49264058368.0
33 49264058368.0
34 49264058368.0
35 49264058368.0
36 49264058368.0
37 49264058368.0
38 49264058368.0
39 49264058368.0
40 49264058368.0
41 49264058368.0
42 49264058368.0
43 49264058368.0
44 49264058368.0
45 49264058368.0
46 49264058368.0
47 49264058368.0
48 49264058368.0
49 49264058368.0
50 49264058368.0
51 49264058368.0
52 49264058368.0
53 49264058368.0
54 49264058368.0
55 49264058368.0
56 49264058368.0
57 49264058368.0
58 49264058368.0
59 49264058368.0
60 49264058368.0
61 49264058368.0
62 49264058368.0
63 49264058368.0
64 49264058368.0
65 49264058368.0
66 49264058368.0
67 49264058368.0
68 49264058368.0
69 49264058368.0
70 49264058368.0
71 49266155520.0
72 51038355456.0
73 51038355456.0
74 51038355456.0
75 51038355456.0
76 51038355456.0
77 51038355456.0
78 51038355456.0
79 51038355456.0
80 51038355456.0
81 51038355456.0
82 51038355456.0
83 51038355456.0
84 51038355456.0
85 51038355456.0
86 51038355456.0
87 51038355456.0
88 51038355456.0
89 51038355456.0
90 51038355456.0
91 51038355456.0
92 51106516992.0
93 51106516992.0
94 51106516992.0
95 51106516992.0
96 51106516992.0
97 51106516992.0
98 51106516992.0
99 51106516992.0
100 51106516992.0
101 51106516992.0
102 51106516992.0
103 51106516992.0
104 51106516992.0
105 51106516992.0
106 51106516992.0
107 51106516992.0
108 51106516992.0
109 51106516992.0
110 51106516992.0
111 51106516992.0
112 51106516992.0
113 51106516992.0
114 51106516992.0
115 51106516992.0
116 51106516992.0
117 51106516992.0
118 51106516992.0
119 51106516992.0
120 51106516992.0
121 51106516992.0
122 51106516992.0
123 51106516992.0
124 51106516992.0
125 51106516992.0
126 51106516992.0
127 51106516992.0
128 51106516992.0
129 51106516992.0
130 51106516992.0
131 51106516992.0
132 51106516992.0
133 51106516992.0
134 51106516992.0
135 51106516992.0
136 51106516992.0
137 51106516992.0
138 51106516992.0
139 51106516992.0
140 51106516992.0
141 51106516992.0
142 51106516992.0
143 51106516992.0
144 51106516992.0
145 51106516992.0
146 51106516992.0
147 51106516992.0
148 51106516992.0
149 51106516992.0
150 51106516992.0
151 51106516992.0
152 51106516992.0
153 51106516992.0
154 51106516992.0
155 51106516992.0
156 51106516992.0
157 51106516992.0
158 51106516992.0
159 51106516992.0
160 51106516992.0
161 51106516992.0
162 51106516992.0
163 51106516992.0
164 51106516992.0
165 51106516992.0
166 51106516992.0
167 51106516992.0
168 51106516992.0
169 51106516992.0
170 51106516992.0
171 51106516992.0
172 51106516992.0
173 51106516992.0
174 51106516992.0
175 51106516992.0
176 51106516992.0
177 51106516992.0
178 51106516992.0
179 51106516992.0
180 51106516992.0
181 51106516992.0
182 51106516992.0
183 51106516992.0
184 51106516992.0
185 51106516992.0
186 51106516992.0
187 51106516992.0
188 51106516992.0
189 51106516992.0
190 51106516992.0
191 51106516992.0
192 51106516992.0
193 51106516992.0
194 51106516992.0
195 51106516992.0
196 51106516992.0
197 51106516992.0
198 51106516992.0
199 51106516992.0
200 51106516992.0
201 51106516992.0
202 51106516992.0
203 51174678528.0
204 51174678528.0
205 51174678528.0
206 51174678528.0
207 51174678528.0
208 51174678528.0
209 51174678528.0
210 51174678528.0
211 51174678528.0
212 51174678528.0
213 51176775680.0
214 51176775680.0
215 51176775680.0
216 51176775680.0
217 51176775680.0
218 51176775680.0
219 51176775680.0
220 51176775680.0
221 51176775680.0
222 51176775680.0
223 51176775680.0
224 51176775680.0
225 51176775680.0
226 51176775680.0
227 51176775680.0
228 51176775680.0
229 51176775680.0
230 51176775680.0
231 51176775680.0
232 51176775680.0
233 51176775680.0
234 51176775680.0
235 51176775680.0
236 51176775680.0
237 51176775680.0
238 51176775680.0
239 51176775680.0
240 51176775680.0
241 51176775680.0
242 51176775680.0
243 51176775680.0
244 51176775680.0
245 51176775680.0
246 51176775680.0
247 51176775680.0
248 51176775680.0
249 51176775680.0
250 51176775680.0
251 51176775680.0
252 51176775680.0
253 51585744896.0
254 51585744896.0
255 51585744896.0
256 51585744896.0
257 51585744896.0
258 51585744896.0
259 51585744896.0
260 51585744896.0
261 51585744896.0
262 51585744896.0
263 51585744896.0
264 51585744896.0
265 51585744896.0
266 51585744896.0
267 51585744896.0
268 51585744896.0
269 51585744896.0
270 51585744896.0
271 51585744896.0
272 51585744896.0
273 51585744896.0
274 51585744896.0
275 51585744896.0
276 51585744896.0
277 51585744896.0
278 51585744896.0
279 51585744896.0
280 51585744896.0
281 51585744896.0
282 51585744896.0
283 51585744896.0
284 51585744896.0
285 51585744896.0
286 51585744896.0
287 51585744896.0
288 51585744896.0
289 51585744896.0
290 51585744896.0
291 51585744896.0
292 51585744896.0
293 51585744896.0
294 51585744896.0
295 51585744896.0
296 51585744896.0
297 51585744896.0
298 51585744896.0
299 51585744896.0
300 51585744896.0
301 51585744896.0
302 51585744896.0
303 51585744896.0
304 51585744896.0
305 51585744896.0
306 51585744896.0
307 51585744896.0
308 51585744896.0
309 51585744896.0
310 51585744896.0
311 51585744896.0
312 51585744896.0
313 51585744896.0
314 51585744896.0
315 51585744896.0
316 51585744896.0
317 51585744896.0
318 51585744896.0
319 51585744896.0
320 51585744896.0
321 51585744896.0
322 51585744896.0
323 51585744896.0
324 51585744896.0
325 51585744896.0
326 51585744896.0
327 51585744896.0
328 51585744896.0
329 51585744896.0
330 51585744896.0
331 51585744896.0
332 51585744896.0
333 51585744896.0
334 51585744896.0
335 51585744896.0
336 51585744896.0
337 51585744896.0
338 51585744896.0
339 51585744896.0
340 51585744896.0
341 51585744896.0
342 51585744896.0
343 51585744896.0
344 51585744896.0
345 51585744896.0
346 51585744896.0
347 51585744896.0
348 51585744896.0
349 51585744896.0
350 51585744896.0
351 51585744896.0
352 51585744896.0
353 51585744896.0
354 51585744896.0
355 51585744896.0
356 51585744896.0
357 51585744896.0
358 51585744896.0
359 51585744896.0
360 51585744896.0
361 51585744896.0
362 51585744896.0
363 51585744896.0
364 51585744896.0
365 51585744896.0
366 51585744896.0
367 51585744896.0
368 51585744896.0
369 51585744896.0
370 51585744896.0
371 51585744896.0
372 51585744896.0
373 51585744896.0
374 51585744896.0
375 51585744896.0
376 51585744896.0
377 51585744896.0
378 51585744896.0
379 51585744896.0
380 51585744896.0
381 51585744896.0
382 51585744896.0
383 51585744896.0
384 51585744896.0
385 51585744896.0
386 51585744896.0
387 51585744896.0
388 51585744896.0
389 51585744896.0
390 51585744896.0
391 51585744896.0
392 51585744896.0
393 51585744896.0
394 51585744896.0
395 51585744896.0
396 51585744896.0
397 51585744896.0
398 51585744896.0
399 51585744896.0
400 51585744896.0
401 51585744896.0
402 51585744896.0
403 51585744896.0
404 51585744896.0
405 51585744896.0
406 51585744896.0
407 51585744896.0
408 51585744896.0
409 51585744896.0
410 51585744896.0
411 51585744896.0
412 51585744896.0
413 51585744896.0
414 51585744896.0
415 51585744896.0
416 51585744896.0
417 51585744896.0
418 51585744896.0
419 51585744896.0
420 51585744896.0
421 51585744896.0
422 51585744896.0
423 51585744896.0
424 51585744896.0
425 51585744896.0
426 51585744896.0
427 51585744896.0
428 51585744896.0
429 51585744896.0
430 51585744896.0
431 51585744896.0
432 51585744896.0
433 51585744896.0
434 51585744896.0
435 51585744896.0
436 51585744896.0
437 51585744896.0
438 51585744896.0
439 51585744896.0
440 51585744896.0
441 51585744896.0
442 51585744896.0
443 51585744896.0
444 51585744896.0
445 51585744896.0
446 51585744896.0
447 51585744896.0
448 51585744896.0
449 51585744896.0
450 51585744896.0
451 51585744896.0
452 51585744896.0
453 51585744896.0
454 51585744896.0
455 51585744896.0
456 51585744896.0
457 51585744896.0
458 51585744896.0
459 51585744896.0
460 51585744896.0
461 51585744896.0
462 51585744896.0
463 51585744896.0
464 51585744896.0
465 51585744896.0
466 51585744896.0
467 51585744896.0
468 51585744896.0
469 51585744896.0
470 51585744896.0
471 51585744896.0
472 51585744896.0
473 51585744896.0
474 51585744896.0
475 51585744896.0
476 51585744896.0
477 51585744896.0
478 51585744896.0
479 51585744896.0
480 51585744896.0
481 51585744896.0
482 51585744896.0
483 51585744896.0
484 51585744896.0
485 51585744896.0
486 51585744896.0
487 51585744896.0
488 51585744896.0
489 51585744896.0
490 51585744896.0
491 51585744896.0
492 51585744896.0
493 51585744896.0
494 51585744896.0
495 51585744896.0
496 51585744896.0
497 51585744896.0
498 51585744896.0
499 51585744896.0
500 51585744896.0
501 51585744896.0
502 51585744896.0
503 51585744896.0
504 51585744896.0
505 51585744896.0
506 51585744896.0
507 51585744896.0
508 51585744896.0
509 51585744896.0
510 51585744896.0
511 51585744896.0
512 51585744896.0
513 51585744896.0
514 51585744896.0
515 51585744896.0
516 51585744896.0
517 51585744896.0
518 51585744896.0
519 51585744896.0
520 51585744896.0
521 51585744896.0
522 51585744896.0
523 51585744896.0
524 51585744896.0
525 51585744896.0
526 51585744896.0
527 51585744896.0
528 51585744896.0
529 51585744896.0
530 51585744896.0
531 51585744896.0
532 51585744896.0
533 51585744896.0
534 51585744896.0
535 51585744896.0
536 51585744896.0
537 51585744896.0
538 51585744896.0
539 51585744896.0
540 51585744896.0
541 51585744896.0
542 51585744896.0
543 51585744896.0
544 51585744896.0
545 51585744896.0
546 51585744896.0
547 51585744896.0
548 51585744896.0
549 51585744896.0
550 51585744896.0
551 51585744896.0
552 51585744896.0
553 51585744896.0
554 51585744896.0
555 51585744896.0
556 51585744896.0
557 51585744896.0
558 51585744896.0
559 51585744896.0
560 51585744896.0
561 51585744896.0
562 51585744896.0
563 51585744896.0
564 51585744896.0
565 51585744896.0
566 51585744896.0
567 51585744896.0
568 51585744896.0
569 51585744896.0
570 51585744896.0
571 51585744896.0
572 51585744896.0
573 51585744896.0
574 51585744896.0
575 51585744896.0
576 51585744896.0
577 51585744896.0
578 51585744896.0
579 51585744896.0
580 51585744896.0
581 51585744896.0
582 51585744896.0
583 51585744896.0
584 51585744896.0
585 51585744896.0
586 51585744896.0
587 51585744896.0
588 51585744896.0
589 51585744896.0
590 51585744896.0
591 51585744896.0
592 51585744896.0
593 51585744896.0
594 51585744896.0
595 51585744896.0
596 51585744896.0
597 51585744896.0
598 51585744896.0
599 51585744896.0
600 51585744896.0
601 51585744896.0
602 51585744896.0
603 51585744896.0
604 51585744896.0
605 51585744896.0
606 51585744896.0
607 51585744896.0
608 51585744896.0
609 51585744896.0
610 51585744896.0
611 51585744896.0
612 51585744896.0
613 51585744896.0
614 51585744896.0
615 51585744896.0
616 51585744896.0
617 51585744896.0
618 51585744896.0
619 51585744896.0
620 51585744896.0
621 51585744896.0
622 51585744896.0
623 51585744896.0
624 51585744896.0
625 51585744896.0
626 51585744896.0
627 51585744896.0
628 51585744896.0
629 51585744896.0
630 51585744896.0
631 51585744896.0
632 51585744896.0
633 51585744896.0
634 51585744896.0
635 51585744896.0
636 51585744896.0
637 51585744896.0
638 51585744896.0
639 51585744896.0
640 51585744896.0
641 51585744896.0
642 51585744896.0
643 51585744896.0
644 51585744896.0
645 51585744896.0
646 51585744896.0
647 51585744896.0
648 51585744896.0
649 51585744896.0
650 51585744896.0
651 51585744896.0
652 51585744896.0
653 51585744896.0
654 51585744896.0
655 51585744896.0
656 51585744896.0
657 51585744896.0
658 51585744896.0
659 51585744896.0
660 51585744896.0
661 51585744896.0
662 51585744896.0
663 51585744896.0
664 51585744896.0
665 51585744896.0
666 51585744896.0
667 51585744896.0
668 51585744896.0
669 51585744896.0
670 51585744896.0
671 51585744896.0
672 51585744896.0
673 51585744896.0
674 51585744896.0
675 51585744896.0
676 51585744896.0
677 51585744896.0
678 51585744896.0
679 51585744896.0
680 51585744896.0
681 51585744896.0
682 51585744896.0
683 51585744896.0
684 51585744896.0
685 51585744896.0
686 51585744896.0
687 51585744896.0
688 51585744896.0
689 51585744896.0
690 51585744896.0
691 51585744896.0
692 51585744896.0
693 51585744896.0
694 51585744896.0
695 51585744896.0
696 51585744896.0
697 51585744896.0
698 51585744896.0
699 51585744896.0
700 51585744896.0
701 51585744896.0
702 51585744896.0
703 51585744896.0
704 51585744896.0
705 51585744896.0
706 51585744896.0
707 51585744896.0
708 51585744896.0
709 51585744896.0
710 51585744896.0
711 51585744896.0
712 51585744896.0
713 51585744896.0
714 51585744896.0
715 51585744896.0
716 51585744896.0
717 51585744896.0
718 51585744896.0
719 51585744896.0
720 51585744896.0
721 51585744896.0
722 51585744896.0
723 51585744896.0
724 51585744896.0
725 51585744896.0
726 51585744896.0
727 51585744896.0
728 51585744896.0
729 51585744896.0
730 51585744896.0
731 51585744896.0
732 51585744896.0
733 51585744896.0
734 51585744896.0
735 51585744896.0
736 51585744896.0
737 51585744896.0
738 51585744896.0
739 51585744896.0
740 51585744896.0
741 51585744896.0
742 51585744896.0
743 51585744896.0
744 51585744896.0
745 51585744896.0
746 51585744896.0
747 51585744896.0
748 51585744896.0
749 51585744896.0
750 51585744896.0
751 51585744896.0
752 51585744896.0
753 51585744896.0
754 51585744896.0
755 51585744896.0
756 51585744896.0
757 51585744896.0
758 51585744896.0
759 51585744896.0
760 51585744896.0
761 51585744896.0
762 51585744896.0
763 51585744896.0
764 51585744896.0
765 51585744896.0
766 51585744896.0
767 51585744896.0
768 51585744896.0
769 51585744896.0
770 51585744896.0
771 51585744896.0
772 51585744896.0
773 51585744896.0
774 51585744896.0
775 51585744896.0
776 51585744896.0
777 51585744896.0
778 51585744896.0
779 51585744896.0
780 51585744896.0
781 51585744896.0
782 51585744896.0
783 51585744896.0
784 51585744896.0
785 51585744896.0
786 51585744896.0
787 51585744896.0
788 51585744896.0
789 51585744896.0
790 51585744896.0
791 51585744896.0
792 51585744896.0
793 51585744896.0
794 51585744896.0
795 51585744896.0
796 51585744896.0
797 51585744896.0
798 51585744896.0
799 51585744896.0
800 51585744896.0
801 51585744896.0
802 51585744896.0
803 51585744896.0
804 51585744896.0
805 51585744896.0
806 51585744896.0
807 51585744896.0
808 51585744896.0
809 51585744896.0
810 51585744896.0
811 51585744896.0
812 51585744896.0
813 51585744896.0
814 51585744896.0
815 51585744896.0
816 51585744896.0
817 51585744896.0
818 51585744896.0
819 51585744896.0
820 51585744896.0
821 51585744896.0
822 51585744896.0
823 51585744896.0
824 51585744896.0
825 51585744896.0
826 51585744896.0
827 51585744896.0
828 51585744896.0
829 51585744896.0
830 51585744896.0
831 51585744896.0
832 51585744896.0
833 51585744896.0
834 51585744896.0
835 51585744896.0
836 51585744896.0
837 51585744896.0
838 51585744896.0
839 51585744896.0
840 51585744896.0
841 51585744896.0
842 51585744896.0
843 51585744896.0
844 51585744896.0
845 51585744896.0
846 51585744896.0
847 51585744896.0
848 51585744896.0
849 51585744896.0
850 51585744896.0
851 51585744896.0
852 51585744896.0
853 51585744896.0
854 51585744896.0
855 51585744896.0
856 51585744896.0
857 51585744896.0
858 51585744896.0
859 51585744896.0
860 51585744896.0
861 51585744896.0
862 51585744896.0
863 51585744896.0
864 51585744896.0
865 51585744896.0
866 51585744896.0
867 51585744896.0
868 51585744896.0
869 51585744896.0
870 51585744896.0
871 51585744896.0
872 51585744896.0
873 51585744896.0
874 51585744896.0
875 51585744896.0
876 51585744896.0
877 51585744896.0
878 51585744896.0
879 51585744896.0
880 51585744896.0
881 51585744896.0
882 51585744896.0
883 51585744896.0
884 51585744896.0
885 51585744896.0
886 51585744896.0
887 51585744896.0
888 51585744896.0
889 51585744896.0
890 51585744896.0
891 51585744896.0
892 51584692224.0
893 51584692224.0
894 51584692224.0
895 51584692224.0
