0 105418752.0
1 370737152.0
2 370737152.0
3 370737152.0
4 370737152.0
5 541663232.0
6 541663232.0
7 541663232.0
8 711540736.0
9 711540736.0
10 711540736.0
11 711540736.0
12 543768576.0
13 711540736.0
14 711540736.0
15 711540736.0
16 711540736.0
17 711540736.0
18 711540736.0
19 711540736.0
20 711540736.0
21 711540736.0
22 711540736.0
23 713646080.0
24 713646080.0
25 713646080.0
26 713646080.0
27 713646080.0
28 713646080.0
29 713646080.0
30 713646080.0
31 713646080.0
32 713646080.0
33 713646080.0
34 713646080.0
35 713646080.0
36 713646080.0
37 713646080.0
38 713646080.0
39 713646080.0
40 713646080.0
41 713646080.0
42 713646080.0
43 713646080.0
44 713646080.0
45 713646080.0
46 713646080.0
47 713646080.0
48 713646080.0
49 713646080.0
50 713646080.0
51 713646080.0
52 713646080.0
53 713646080.0
54 713646080.0
55 713646080.0
56 713646080.0
57 713646080.0
58 713646080.0
59 713646080.0
60 713646080.0
61 713646080.0
62 713646080.0
63 713646080.0
64 713646080.0
65 713646080.0
66 713646080.0
67 713646080.0
68 713646080.0
69 713646080.0
70 713646080.0
71 713646080.0
72 713646080.0
73 713646080.0
74 713646080.0
75 713646080.0
76 713646080.0
77 713646080.0
78 713646080.0
79 713646080.0
80 713646080.0
81 713646080.0
82 713646080.0
83 713646080.0
84 713646080.0
85 713646080.0
86 713646080.0
87 713646080.0
88 713646080.0
89 713646080.0
90 713646080.0
91 713646080.0
92 713646080.0
93 713646080.0
94 713646080.0
95 713646080.0
96 713646080.0
97 714694656.0
98 714694656.0
99 714694656.0
100 714694656.0
101 714694656.0
102 714694656.0
103 714694656.0
104 714694656.0
105 714694656.0
106 714694656.0
107 714694656.0
108 714694656.0
109 714694656.0
110 714694656.0
111 714694656.0
112 714694656.0
113 714694656.0
114 714694656.0
115 714694656.0
116 714694656.0
117 714694656.0
118 714694656.0
119 714694656.0
120 714694656.0
121 714694656.0
122 714694656.0
123 714694656.0
124 714694656.0
125 714694656.0
126 714694656.0
127 714694656.0
128 714694656.0
129 714694656.0
130 714694656.0
131 714694656.0
132 714694656.0
133 714694656.0
134 714694656.0
135 714694656.0
136 714694656.0
137 714694656.0
138 714694656.0
139 714694656.0
140 714694656.0
141 714694656.0
142 714694656.0
143 714694656.0
144 714694656.0
145 714694656.0
146 714694656.0
147 715743232.0
148 715743232.0
149 715743232.0
150 715743232.0
151 715743232.0
152 715743232.0
153 715743232.0
154 715743232.0
155 715743232.0
156 715743232.0
157 715743232.0
158 715743232.0
159 715743232.0
160 715743232.0
161 715743232.0
162 715743232.0
163 715743232.0
164 715743232.0
165 715743232.0
166 715743232.0
167 715743232.0
168 715743232.0
169 715743232.0
170 715743232.0
171 715743232.0
172 715743232.0
173 715743232.0
174 715743232.0
175 715743232.0
176 715743232.0
177 715743232.0
178 715743232.0
179 715743232.0
180 715743232.0
181 715743232.0
182 715743232.0
183 715743232.0
184 715743232.0
185 715743232.0
186 715743232.0
187 716795904.0
188 716795904.0
189 716795904.0
190 717844480.0
191 717844480.0
192 717844480.0
193 717844480.0
194 717844480.0
195 717844480.0
196 717844480.0
197 717844480.0
198 717844480.0
199 717844480.0
200 717844480.0
201 717844480.0
202 717844480.0
203 717844480.0
204 717844480.0
205 717844480.0
206 717844480.0
207 717844480.0
208 717844480.0
209 717844480.0
210 717844480.0
211 717844480.0
212 717844480.0
213 717844480.0
214 717844480.0
215 717844480.0
216 717844480.0
217 717844480.0
218 718893056.0
219 718893056.0
220 718893056.0
221 718893056.0
222 718893056.0
223 718893056.0
224 718893056.0
225 718893056.0
226 718893056.0
227 718893056.0
228 718893056.0
229 718893056.0
230 718893056.0
231 718893056.0
232 718893056.0
233 718893056.0
234 718893056.0
235 718893056.0
236 718893056.0
237 718893056.0
238 718893056.0
239 718893056.0
240 718893056.0
241 718893056.0
242 718893056.0
243 718893056.0
244 718893056.0
245 718893056.0
246 718893056.0
247 718893056.0
248 718893056.0
249 718893056.0
250 718893056.0
251 718893056.0
252 718893056.0
253 718893056.0
254 718893056.0
255 718893056.0
256 718893056.0
257 718893056.0
258 718893056.0
259 718893056.0
260 718893056.0
261 718893056.0
262 718893056.0
263 718893056.0
264 718893056.0
265 718893056.0
266 718893056.0
267 718893056.0
268 718893056.0
269 718893056.0
270 718893056.0
271 718893056.0
272 718893056.0
273 718893056.0
274 718893056.0
275 718893056.0
276 718893056.0
277 718893056.0
278 718893056.0
279 718893056.0
280 718893056.0
281 718893056.0
282 718893056.0
283 718893056.0
284 718893056.0
285 718893056.0
286 718893056.0
287 718893056.0
288 718893056.0
289 718893056.0
290 718893056.0
291 718893056.0
292 718893056.0
293 718893056.0
294 718893056.0
295 718893056.0
296 718893056.0
297 718893056.0
298 718893056.0
299 718893056.0
300 718893056.0
301 718893056.0
302 718893056.0
303 718893056.0
304 718893056.0
305 718893056.0
306 718893056.0
307 718893056.0
308 718893056.0
309 718893056.0
310 718893056.0
311 718893056.0
312 718893056.0
313 718893056.0
314 718893056.0
315 718893056.0
316 718893056.0
317 718893056.0
318 719941632.0
319 719941632.0
320 719941632.0
321 719941632.0
322 719941632.0
323 719941632.0
324 719941632.0
325 719941632.0
326 719941632.0
327 719941632.0
328 719941632.0
329 719941632.0
330 719941632.0
331 719941632.0
332 719941632.0
333 719941632.0
334 719941632.0
335 719941632.0
336 719941632.0
337 719941632.0
338 719941632.0
339 719941632.0
340 719941632.0
341 719941632.0
342 719941632.0
343 719941632.0
344 719941632.0
345 719941632.0
346 719941632.0
347 719941632.0
348 988377088.0
349 988377088.0
350 988377088.0
351 988377088.0
352 988377088.0
353 988377088.0
354 988377088.0
355 988377088.0
356 988377088.0
357 988377088.0
358 988377088.0
359 988377088.0
360 988377088.0
361 988377088.0
362 988377088.0
363 988377088.0
364 988377088.0
365 988377088.0
366 988377088.0
367 988377088.0
368 988377088.0
369 988377088.0
370 988377088.0
371 988377088.0
372 988377088.0
373 988377088.0
374 988377088.0
375 988377088.0
376 988377088.0
377 988377088.0
378 988377088.0
379 988377088.0
380 988377088.0
381 988377088.0
382 988377088.0
383 988377088.0
384 988377088.0
385 988377088.0
386 988377088.0
387 988377088.0
388 988377088.0
389 988377088.0
390 988377088.0
391 988377088.0
392 988377088.0
393 988377088.0
394 988377088.0
395 988377088.0
396 988377088.0
397 988377088.0
398 988377088.0
399 988377088.0
400 988377088.0
401 988377088.0
402 988377088.0
403 988377088.0
404 988377088.0
405 988377088.0
406 988377088.0
407 988377088.0
408 988377088.0
409 989425664.0
410 989425664.0
411 989425664.0
412 989425664.0
413 989425664.0
414 989425664.0
415 989425664.0
416 989425664.0
417 989425664.0
418 989425664.0
419 989425664.0
420 989425664.0
421 989425664.0
422 989425664.0
423 989425664.0
424 989425664.0
425 989425664.0
426 989425664.0
427 989425664.0
428 989425664.0
429 989425664.0
430 989425664.0
431 989425664.0
432 989425664.0
433 989425664.0
434 989425664.0
435 989425664.0
436 989425664.0
437 989425664.0
438 989425664.0
439 989425664.0
440 989425664.0
441 989425664.0
442 989425664.0
443 989425664.0
444 989425664.0
445 989425664.0
446 989425664.0
447 989425664.0
448 989425664.0
449 989425664.0
450 989425664.0
451 989425664.0
452 989425664.0
453 989425664.0
454 989425664.0
455 989425664.0
456 989425664.0
457 989425664.0
458 989425664.0
459 989425664.0
460 989425664.0
461 989425664.0
462 989425664.0
463 989425664.0
464 989425664.0
465 989425664.0
466 989425664.0
467 989425664.0
468 989425664.0
469 989425664.0
470 989425664.0
471 989425664.0
472 989425664.0
473 989425664.0
474 989425664.0
475 989425664.0
476 989425664.0
477 989425664.0
478 989425664.0
479 989425664.0
480 989425664.0
481 989425664.0
482 989425664.0
483 989425664.0
484 989425664.0
485 989425664.0
486 989425664.0
487 989425664.0
488 989425664.0
489 989425664.0
490 989425664.0
491 989425664.0
492 989425664.0
493 989425664.0
494 989425664.0
495 989425664.0
496 989425664.0
497 989425664.0
498 989425664.0
499 989425664.0
500 990474240.0
501 990474240.0
502 990474240.0
503 990474240.0
504 990474240.0
505 990474240.0
506 990474240.0
507 990474240.0
508 990474240.0
509 990474240.0
510 990474240.0
511 990474240.0
512 990474240.0
513 990474240.0
514 990474240.0
515 990474240.0
516 990474240.0
517 990474240.0
518 990474240.0
519 990474240.0
520 990474240.0
521 990474240.0
522 990474240.0
523 990474240.0
524 990474240.0
525 990474240.0
526 990474240.0
527 990474240.0
528 990474240.0
529 990474240.0
530 990474240.0
531 990474240.0
532 990474240.0
533 990474240.0
534 990474240.0
535 990474240.0
536 990474240.0
537 990474240.0
538 990474240.0
539 990474240.0
540 990474240.0
541 990474240.0
542 990474240.0
543 990474240.0
544 990474240.0
545 990474240.0
546 990474240.0
547 990474240.0
548 990474240.0
549 990474240.0
550 990474240.0
551 990474240.0
552 990474240.0
553 990474240.0
554 990474240.0
555 990474240.0
556 990474240.0
557 990474240.0
558 990474240.0
559 990474240.0
560 990474240.0
561 990474240.0
562 990474240.0
563 990474240.0
564 990474240.0
565 990474240.0
566 990474240.0
567 990474240.0
568 990474240.0
569 990474240.0
570 990474240.0
571 990474240.0
572 990474240.0
573 990474240.0
574 990474240.0
575 990474240.0
576 990474240.0
577 990474240.0
578 990474240.0
579 990474240.0
580 990474240.0
581 990474240.0
582 990474240.0
583 990474240.0
584 990474240.0
585 990474240.0
586 990474240.0
587 990474240.0
588 990474240.0
589 990474240.0
590 990474240.0
591 990474240.0
592 990474240.0
593 990474240.0
594 990474240.0
595 990474240.0
596 990474240.0
597 990474240.0
598 990474240.0
599 990474240.0
600 990474240.0
601 990474240.0
602 990474240.0
603 990474240.0
604 990474240.0
605 990474240.0
606 990474240.0
607 990474240.0
608 990474240.0
609 990474240.0
610 1527345152.0
611 1527345152.0
612 1527345152.0
613 1527345152.0
614 1528393728.0
615 1528393728.0
616 1528393728.0
617 1528393728.0
618 1528393728.0
619 1528393728.0
620 1528393728.0
621 1528393728.0
622 1528393728.0
623 1528393728.0
624 1528393728.0
625 1528393728.0
626 1528393728.0
627 1528393728.0
628 1528393728.0
629 1528393728.0
630 1528393728.0
631 1528393728.0
632 1528393728.0
633 1528393728.0
634 1528393728.0
635 1528393728.0
636 1528393728.0
637 1528393728.0
638 1528393728.0
639 1528393728.0
640 1528393728.0
641 1528393728.0
642 1528393728.0
643 1528393728.0
644 1528393728.0
645 1528393728.0
646 1528393728.0
647 1528393728.0
648 1528393728.0
649 1528393728.0
650 1528393728.0
651 1528393728.0
652 1528393728.0
653 1528393728.0
654 1528393728.0
655 1528393728.0
656 1528393728.0
657 1528393728.0
658 1528393728.0
659 1528393728.0
660 1528393728.0
661 1528393728.0
662 1528393728.0
663 1528393728.0
664 1528393728.0
665 1528393728.0
666 1528393728.0
667 1528393728.0
668 1528393728.0
669 1528393728.0
670 1528393728.0
671 1528393728.0
672 1528393728.0
673 1528393728.0
674 1528393728.0
675 1528393728.0
676 1528393728.0
677 1528393728.0
678 1528393728.0
679 1528393728.0
680 1528393728.0
681 1528393728.0
682 1528393728.0
683 1528393728.0
684 1528393728.0
685 1528393728.0
686 1528393728.0
687 1528393728.0
688 1528393728.0
689 1528393728.0
690 1528393728.0
691 1528393728.0
692 1528393728.0
693 1528393728.0
694 1528393728.0
695 1528393728.0
696 1528393728.0
697 1528393728.0
698 1528393728.0
699 1528393728.0
700 1528393728.0
701 1529446400.0
702 1529446400.0
703 1529446400.0
704 1529446400.0
705 1529446400.0
706 1529446400.0
707 1529446400.0
708 1529446400.0
709 1529446400.0
710 1529446400.0
711 1529446400.0
712 1529446400.0
713 1529446400.0
714 1529446400.0
715 1529446400.0
716 1529446400.0
717 1529446400.0
718 1529446400.0
719 1529446400.0
720 1529446400.0
721 1529446400.0
722 1530494976.0
723 1530494976.0
724 1530494976.0
725 1530494976.0
726 1530494976.0
727 1530494976.0
728 1530494976.0
729 1530494976.0
730 1530494976.0
731 1530494976.0
732 1530494976.0
733 1530494976.0
734 1530494976.0
735 1530494976.0
736 1530494976.0
737 1530494976.0
738 1530494976.0
739 1530494976.0
740 1530494976.0
741 1530494976.0
742 1530494976.0
743 1530494976.0
744 1530494976.0
745 1530494976.0
746 1530494976.0
747 1530494976.0
748 1530494976.0
749 1530494976.0
750 1530494976.0
751 1530494976.0
752 1530494976.0
753 1530494976.0
754 1530494976.0
755 1530494976.0
756 1530494976.0
757 1530494976.0
758 1530494976.0
759 1530494976.0
760 1530494976.0
761 1530494976.0
762 1530494976.0
763 1530494976.0
764 1530494976.0
765 1530494976.0
766 1530494976.0
767 1530494976.0
768 1530494976.0
769 1530494976.0
770 1530494976.0
771 1530494976.0
772 1530494976.0
773 1530494976.0
774 1530494976.0
775 1530494976.0
776 1530494976.0
777 1530494976.0
778 1530494976.0
779 1530494976.0
780 1530494976.0
781 1530494976.0
782 1530494976.0
783 1530494976.0
784 1530494976.0
785 1530494976.0
786 1530494976.0
787 1530494976.0
788 1530494976.0
789 1530494976.0
790 1530494976.0
791 1530494976.0
792 1530494976.0
793 1530494976.0
794 1530494976.0
795 1530494976.0
796 1530494976.0
797 1530494976.0
798 1530494976.0
799 1530494976.0
800 1530494976.0
801 1530494976.0
802 1530494976.0
803 1530494976.0
804 1530494976.0
805 1530494976.0
806 1530494976.0
807 1530494976.0
808 1530494976.0
809 1530494976.0
810 1530494976.0
811 1530494976.0
812 1530494976.0
813 1530494976.0
814 1530494976.0
815 1530494976.0
816 1530494976.0
817 1530494976.0
818 1530494976.0
819 1530494976.0
820 1530494976.0
821 1530494976.0
822 1530494976.0
823 1530494976.0
824 1530494976.0
825 1530494976.0
826 1530494976.0
827 1530494976.0
828 1530494976.0
829 1530494976.0
830 1530494976.0
831 1530494976.0
832 1530494976.0
833 1530494976.0
834 1530494976.0
835 1530494976.0
836 1530494976.0
837 1530494976.0
838 1530494976.0
839 1530494976.0
840 1530494976.0
841 1530494976.0
842 1530494976.0
843 1530494976.0
844 1530494976.0
845 1530494976.0
846 1530494976.0
847 1530494976.0
848 1530494976.0
849 1530494976.0
850 1530494976.0
851 1530494976.0
852 1530494976.0
853 1530494976.0
854 1530494976.0
855 1530494976.0
856 1530494976.0
857 1530494976.0
858 1530494976.0
859 1530494976.0
860 1530494976.0
861 1530494976.0
862 1530494976.0
863 1530494976.0
864 1530494976.0
865 1530494976.0
866 1530494976.0
867 1530494976.0
868 1530494976.0
869 1530494976.0
870 1530494976.0
871 1530494976.0
872 1530494976.0
873 1530494976.0
874 1530494976.0
875 1530494976.0
876 1530494976.0
877 1530494976.0
878 1530494976.0
879 1530494976.0
880 1530494976.0
881 1530494976.0
882 1530494976.0
883 1530494976.0
884 1530494976.0
885 1530494976.0
886 1530494976.0
887 1530494976.0
888 1530494976.0
889 1530494976.0
890 1530494976.0
891 1530494976.0
892 1530494976.0
893 1530494976.0
894 1530494976.0
895 1530494976.0
896 1530494976.0
