0 102428672.0
1 399548416.0
2 399548416.0
3 399548416.0
4 399548416.0
5 399548416.0
6 399548416.0
7 399548416.0
8 399548416.0
9 600875008.0
10 600875008.0
11 600875008.0
12 600875008.0
13 600875008.0
14 600875008.0
15 600875008.0
16 600875008.0
17 600875008.0
18 600875008.0
19 600875008.0
20 600875008.0
21 600875008.0
22 600875008.0
23 600875008.0
24 600875008.0
25 600875008.0
26 600875008.0
27 600875008.0
28 600875008.0
29 600875008.0
30 600875008.0
31 600875008.0
32 600875008.0
33 600875008.0
34 600875008.0
35 600875008.0
36 600875008.0
37 600875008.0
38 600875008.0
39 600875008.0
40 600875008.0
41 600875008.0
42 600875008.0
43 600875008.0
44 600875008.0
45 600875008.0
46 600875008.0
47 600875008.0
48 600875008.0
49 600875008.0
50 600875008.0
51 600875008.0
52 600875008.0
53 600875008.0
54 600875008.0
55 600875008.0
56 600875008.0
57 600875008.0
58 600875008.0
59 600875008.0
60 600875008.0
61 667983872.0
62 667983872.0
63 667983872.0
64 667983872.0
65 667983872.0
66 667983872.0
67 667983872.0
68 667983872.0
69 667983872.0
70 667983872.0
71 1302978560.0
72 3463004160.0
73 4796162048.0
74 4754198528.0
75 4754198528.0
76 4754198528.0
77 4754198528.0
78 4754198528.0
79 4754198528.0
80 4754198528.0
81 4754198528.0
82 4770983936.0
83 4770983936.0
84 4770983936.0
85 4770983936.0
86 4770983936.0
87 4770983936.0
88 4770983936.0
89 4770983936.0
90 4770983936.0
91 4770983936.0
92 4796162048.0
93 4787769344.0
94 4787769344.0
95 4787769344.0
96 4787769344.0
97 4787769344.0
98 4787769344.0
99 4787769344.0
100 4787769344.0
101 4787769344.0
102 4804554752.0
103 4804554752.0
104 4804554752.0
105 4804554752.0
106 4804554752.0
107 4804554752.0
108 4804554752.0
109 4804554752.0
110 4804554752.0
111 4804554752.0
112 4821340160.0
113 4821340160.0
114 4821340160.0
115 4821340160.0
116 4821340160.0
117 4821340160.0
118 4821340160.0
119 4821340160.0
120 4821340160.0
121 4821340160.0
122 4972343296.0
123 4972343296.0
124 4972343296.0
125 4972343296.0
126 4972343296.0
127 4972343296.0
128 4972343296.0
129 4972343296.0
130 4972343296.0
131 4972343296.0
132 6381694976.0
133 7967195136.0
134 7967195136.0
135 7967195136.0
136 7967195136.0
137 7967195136.0
138 7967195136.0
139 7967195136.0
140 7967195136.0
141 7967195136.0
142 8000765952.0
143 7992373248.0
144 7992373248.0
145 7992373248.0
146 7992373248.0
147 7992373248.0
148 7992373248.0
149 7992373248.0
150 7992373248.0
151 7992373248.0
152 8051122176.0
153 8084660224.0
154 8084660224.0
155 8084660224.0
156 8084660224.0
157 8084660224.0
158 8084660224.0
159 8084660224.0
160 8084660224.0
161 8084660224.0
162 8101445632.0
163 8109838336.0
164 8109838336.0
165 8109838336.0
166 8109838336.0
167 8109838336.0
168 8109838336.0
169 8109838336.0
170 8109838336.0
171 8109838336.0
172 8109838336.0
173 8269234176.0
174 8269234176.0
175 8269234176.0
176 8269234176.0
177 8269234176.0
178 8269234176.0
179 8269234176.0
180 8269234176.0
181 8269234176.0
182 8269234176.0
183 8495738880.0
184 8495738880.0
185 8495738880.0
186 8495738880.0
187 8495738880.0
188 8495738880.0
189 8495738880.0
190 8495738880.0
191 9645047808.0
192 10492350464.0
193 11121508352.0
194 11113115648.0
195 11113115648.0
196 11113115648.0
197 11113115648.0
198 11113115648.0
199 11113115648.0
200 11113115648.0
201 11113115648.0
202 11113115648.0
203 11951992832.0
204 11951992832.0
205 11951992832.0
206 11951992832.0
207 11951992832.0
208 11951992832.0
209 11951992832.0
210 11951992832.0
211 11951992832.0
212 11951992832.0
213 11985563648.0
214 11985563648.0
215 11985563648.0
216 11985563648.0
217 11985563648.0
218 11985563648.0
219 11985563648.0
220 11985563648.0
221 11985563648.0
222 11985563648.0
223 12019134464.0
224 12019134464.0
225 12019134464.0
226 12019134464.0
227 12019134464.0
228 12019134464.0
229 12019134464.0
230 12019134464.0
231 12019134464.0
232 12019134464.0
233 12321140736.0
234 12321140736.0
235 12321140736.0
236 12321140736.0
237 12321140736.0
238 12321140736.0
239 12321140736.0
240 12321140736.0
241 12321140736.0
242 12321140736.0
243 12556038144.0
244 12556038144.0
245 12556038144.0
246 12556038144.0
247 12556038144.0
248 12556038144.0
249 12556038144.0
250 12556038144.0
251 12556038144.0
252 13805993984.0
253 15827750912.0
254 15802572800.0
255 15802572800.0
256 15802572800.0
257 15802572800.0
258 15802572800.0
259 15802572800.0
260 15802572800.0
261 15802572800.0
262 15802572800.0
263 15903285248.0
264 15844536320.0
265 15844536320.0
266 15844536320.0
267 15844536320.0
268 15844536320.0
269 15844536320.0
270 15844536320.0
271 15844536320.0
272 15844536320.0
273 16003964928.0
274 15953608704.0
275 15953608704.0
276 15953608704.0
277 15953608704.0
278 15953608704.0
279 15953608704.0
280 15953608704.0
281 15953608704.0
282 15953608704.0
283 16381472768.0
284 16331116544.0
285 16331116544.0
286 16331116544.0
287 16331116544.0
288 16331116544.0
289 16331116544.0
290 16331116544.0
291 16331116544.0
292 16331116544.0
293 17060986880.0
294 16977059840.0
295 16977059840.0
296 16977059840.0
297 16977059840.0
298 16977059840.0
299 16977059840.0
300 16977059840.0
301 16977059840.0
302 16977059840.0
303 17136488448.0
304 17086132224.0
305 17086132224.0
306 17086132224.0
307 17086132224.0
308 17086132224.0
309 17086132224.0
310 17086132224.0
311 17086132224.0
312 18478698496.0
313 19619647488.0
314 19619647488.0
315 19619647488.0
316 19619647488.0
317 19619647488.0
318 19619647488.0
319 19619647488.0
320 19619647488.0
321 19619647488.0
322 19619647488.0
323 19619647488.0
324 19670003712.0
325 19670003712.0
326 19670003712.0
327 19670003712.0
328 19670003712.0
329 19670003712.0
330 19670003712.0
331 19670003712.0
332 19670003712.0
333 19670003712.0
334 19720359936.0
335 19720359936.0
336 19720359936.0
337 19720359936.0
338 19720359936.0
339 19720359936.0
340 19720359936.0
341 19720359936.0
342 19720359936.0
343 19720359936.0
344 19770716160.0
345 19770716160.0
346 19770716160.0
347 19770716160.0
348 19770716160.0
349 19770716160.0
350 19770716160.0
351 19770716160.0
352 19770716160.0
353 19770716160.0
354 19821072384.0
355 19821072384.0
356 19821072384.0
357 19821072384.0
358 19821072384.0
359 19821072384.0
360 19821072384.0
361 19821072384.0
362 19821072384.0
363 19821072384.0
364 19871428608.0
365 19871428608.0
366 19871428608.0
367 19871428608.0
368 19871428608.0
369 19871428608.0
370 19871428608.0
371 20114817024.0
372 20022497280.0
373 20123209728.0
374 20223922176.0
375 20215529472.0
376 20215529472.0
377 20215529472.0
378 20215529472.0
379 20215529472.0
380 20215529472.0
381 20215529472.0
382 20215529472.0
383 20215529472.0
384 20274278400.0
385 20274278400.0
386 20274278400.0
387 20274278400.0
388 20274278400.0
389 20274278400.0
390 20274278400.0
391 20274278400.0
392 20274278400.0
393 20274278400.0
394 20333027328.0
395 20333027328.0
396 20333027328.0
397 20333027328.0
398 20333027328.0
399 20333027328.0
400 20333027328.0
401 20333027328.0
402 20333027328.0
403 20333027328.0
404 20450525184.0
405 20391776256.0
406 20391776256.0
407 20391776256.0
408 20391776256.0
409 20391776256.0
410 20391776256.0
411 20391776256.0
412 20391776256.0
413 20391776256.0
414 20534452224.0
415 20450525184.0
416 20450525184.0
417 20450525184.0
418 20450525184.0
419 20450525184.0
420 20450525184.0
421 20450525184.0
422 20450525184.0
423 20450525184.0
424 20677128192.0
425 20509274112.0
426 20509274112.0
427 20509274112.0
428 20509274112.0
429 20509274112.0
430 20509274112.0
431 20509274112.0
432 20643557376.0
433 20836589568.0
434 20979265536.0
435 20878553088.0
436 20878553088.0
437 20878553088.0
438 20878553088.0
439 20878553088.0
440 20878553088.0
441 20878553088.0
442 20878553088.0
443 20878553088.0
444 20970872832.0
445 20945694720.0
446 20945694720.0
447 20945694720.0
448 20945694720.0
449 20945694720.0
450 20945694720.0
451 20945694720.0
452 20945694720.0
453 20945694720.0
454 20945694720.0
455 21012836352.0
456 21012836352.0
457 21012836352.0
458 21012836352.0
459 21012836352.0
460 21012836352.0
461 21012836352.0
462 21012836352.0
463 21012836352.0
464 21012836352.0
465 21079977984.0
466 21079977984.0
467 21079977984.0
468 21079977984.0
469 21079977984.0
470 21079977984.0
471 21079977984.0
472 21079977984.0
473 21079977984.0
474 21079977984.0
475 21147119616.0
476 21147119616.0
477 21147119616.0
478 21147119616.0
479 21147119616.0
480 21147119616.0
481 21147119616.0
482 21147119616.0
483 21147119616.0
484 21147119616.0
485 21214261248.0
486 21214261248.0
487 21214261248.0
488 21214261248.0
489 21214261248.0
490 20903731200.0
491 20903731200.0
492 20903731200.0
493 20903731200.0
494 20903731200.0
495 21029621760.0
496 20962480128.0
497 20962480128.0
498 20962480128.0
499 20962480128.0
500 20962480128.0
501 20962480128.0
502 20962480128.0
503 20962480128.0
504 20962480128.0
505 21113548800.0
506 21021229056.0
507 21021229056.0
508 21021229056.0
509 21021229056.0
510 21021229056.0
511 21021229056.0
512 21021229056.0
513 21021229056.0
514 21021229056.0
515 21163905024.0
516 21079977984.0
517 21079977984.0
518 21079977984.0
519 21079977984.0
520 21079977984.0
521 21079977984.0
522 21079977984.0
523 21079977984.0
524 21079977984.0
525 21264617472.0
526 21138726912.0
527 21138726912.0
528 21138726912.0
529 21138726912.0
530 21138726912.0
531 21138726912.0
532 21138726912.0
533 21138726912.0
534 21138726912.0
535 21273010176.0
536 21189083136.0
537 21189083136.0
538 21189083136.0
539 21189083136.0
540 21189083136.0
541 21189083136.0
542 21189083136.0
543 21189083136.0
544 21189083136.0
545 21289795584.0
546 21247832064.0
547 21247832064.0
548 21247832064.0
549 21247832064.0
550 20962480128.0
551 20962480128.0
552 20962480128.0
553 20962480128.0
554 20962480128.0
555 20987658240.0
556 21012836352.0
557 21012836352.0
558 21012836352.0
559 21012836352.0
560 21012836352.0
561 21012836352.0
562 21012836352.0
563 21012836352.0
564 21012836352.0
565 21012836352.0
566 21063192576.0
567 21063192576.0
568 21063192576.0
569 21063192576.0
570 21063192576.0
571 21063192576.0
572 21063192576.0
573 21063192576.0
574 21063192576.0
575 21063192576.0
576 21113548800.0
577 21113548800.0
578 21113548800.0
579 21113548800.0
580 21113548800.0
581 21113548800.0
582 21113548800.0
583 21113548800.0
584 21113548800.0
585 21113548800.0
586 21163905024.0
587 21163905024.0
588 21163905024.0
589 21163905024.0
590 21163905024.0
591 21163905024.0
592 21163905024.0
593 21163905024.0
594 21163905024.0
595 21163905024.0
596 21281402880.0
597 21214261248.0
598 21214261248.0
599 21214261248.0
600 21214261248.0
601 21214261248.0
602 21214261248.0
603 21214261248.0
604 21214261248.0
605 21214261248.0
606 21331759104.0
607 21264617472.0
608 21264617472.0
609 21264617472.0
610 20996050944.0
611 20996050944.0
612 20996050944.0
613 20996050944.0
614 20996050944.0
615 20996050944.0
616 21088370688.0
617 21038014464.0
618 21038014464.0
619 21038014464.0
620 21038014464.0
621 21038014464.0
622 21038014464.0
623 21038014464.0
624 21038014464.0
625 21038014464.0
626 21130334208.0
627 21079977984.0
628 21079977984.0
629 21079977984.0
630 21079977984.0
631 21079977984.0
632 21079977984.0
633 21079977984.0
634 21079977984.0
635 21079977984.0
636 21180690432.0
637 21121941504.0
638 21121941504.0
639 21121941504.0
640 21121941504.0
641 21121941504.0
642 21121941504.0
643 21121941504.0
644 21121941504.0
645 21121941504.0
646 21172297728.0
647 21163905024.0
648 21163905024.0
649 21163905024.0
650 21163905024.0
651 21163905024.0
652 21163905024.0
653 21163905024.0
654 21163905024.0
655 21163905024.0
656 21189083136.0
657 21205868544.0
658 21205868544.0
659 21205868544.0
660 21205868544.0
661 21205868544.0
662 21205868544.0
663 21205868544.0
664 21205868544.0
665 21205868544.0
666 21205868544.0
667 21247832064.0
668 21247832064.0
669 21247832064.0
670 21306580992.0
671 20996050944.0
672 20996050944.0
673 20996050944.0
674 20996050944.0
675 20996050944.0
676 20996050944.0
677 21029621760.0
678 21029621760.0
679 21029621760.0
680 21029621760.0
681 21029621760.0
682 21029621760.0
683 21029621760.0
684 21029621760.0
685 21029621760.0
686 21029621760.0
687 21063192576.0
688 21063192576.0
689 21063192576.0
690 21063192576.0
691 21063192576.0
692 21063192576.0
693 21063192576.0
694 21063192576.0
695 21063192576.0
696 21063192576.0
697 21096763392.0
698 21096763392.0
699 21096763392.0
700 21096763392.0
701 21096763392.0
702 21096763392.0
703 21096763392.0
704 21096763392.0
705 21096763392.0
706 21096763392.0
707 21130334208.0
708 21130334208.0
709 21130334208.0
710 21130334208.0
711 21130334208.0
712 21130334208.0
713 21130334208.0
714 21130334208.0
715 21130334208.0
716 21130334208.0
717 21163905024.0
718 21163905024.0
719 21163905024.0
720 21163905024.0
721 21163905024.0
722 21163905024.0
723 21163905024.0
724 21163905024.0
725 21163905024.0
726 21163905024.0
727 21231046656.0
728 21197475840.0
729 21197475840.0
730 20962480128.0
731 20962480128.0
732 20962480128.0
733 20962480128.0
734 20962480128.0
735 20962480128.0
736 20962480128.0
737 21046407168.0
738 20987658240.0
739 20987658240.0
740 20987658240.0
741 20987658240.0
742 20987658240.0
743 20987658240.0
744 20987658240.0
745 20987658240.0
746 20987658240.0
747 21029621760.0
748 21012836352.0
749 21012836352.0
750 21012836352.0
751 21012836352.0
752 21012836352.0
753 21012836352.0
754 21012836352.0
755 21012836352.0
756 21012836352.0
757 21063192576.0
758 21038014464.0
759 21038014464.0
760 21038014464.0
761 21038014464.0
762 21038014464.0
763 21038014464.0
764 21038014464.0
765 21038014464.0
766 21038014464.0
767 21079977984.0
768 21063192576.0
769 21063192576.0
770 21063192576.0
771 21063192576.0
772 21063192576.0
773 21063192576.0
774 21063192576.0
775 21063192576.0
776 21063192576.0
777 21147119616.0
778 21088370688.0
779 21088370688.0
780 21088370688.0
781 21088370688.0
782 21088370688.0
783 21088370688.0
784 21088370688.0
785 21088370688.0
786 21088370688.0
787 21147119616.0
788 21113548800.0
789 21113548800.0
790 21121941504.0
791 20895338496.0
792 20895338496.0
793 20895338496.0
794 20895338496.0
795 20895338496.0
796 20895338496.0
797 20928909312.0
798 20912123904.0
799 20912123904.0
800 20912123904.0
801 20912123904.0
802 20912123904.0
803 20912123904.0
804 20912123904.0
805 20912123904.0
806 20912123904.0
807 20928909312.0
808 20928909312.0
809 20928909312.0
810 20928909312.0
811 20928909312.0
812 20928909312.0
813 20928909312.0
814 20928909312.0
815 20928909312.0
816 20928909312.0
817 20945694720.0
818 20945694720.0
819 20945694720.0
820 20945694720.0
821 20945694720.0
822 20945694720.0
823 20945694720.0
824 20945694720.0
825 20945694720.0
826 20945694720.0
827 20954087424.0
828 20962480128.0
829 20962480128.0
830 20962480128.0
831 20962480128.0
832 20962480128.0
833 20962480128.0
834 20962480128.0
835 20962480128.0
836 20962480128.0
837 20962480128.0
838 20979265536.0
839 20979265536.0
840 20979265536.0
841 20979265536.0
842 20979265536.0
843 20979265536.0
844 20979265536.0
845 20979265536.0
846 20979265536.0
847 20979265536.0
848 20996050944.0
849 20996050944.0
850 20926746624.0
851 20700143616.0
852 20700143616.0
853 20700143616.0
854 20700143616.0
855 20700143616.0
856 20700143616.0
857 20700143616.0
858 20700143616.0
859 20700143616.0
860 20700143616.0
861 20700143616.0
862 20700143616.0
863 20700143616.0
864 20700143616.0
865 20691750912.0
866 20691750912.0
867 20691750912.0
868 20691750912.0
869 20691750912.0
870 20691750912.0
871 20691750912.0
872 20691750912.0
873 20691750912.0
874 20691750912.0
875 20691750912.0
876 20691750912.0
877 20691750912.0
878 20691750912.0
879 20691750912.0
880 20691750912.0
881 20691750912.0
882 20691750912.0
883 20691750912.0
884 20691750912.0
885 20691750912.0
886 20691750912.0
887 20691750912.0
888 20691750912.0
889 20691750912.0
890 20691750912.0
891 20691750912.0
892 20691750912.0
893 20691750912.0
894 20691750912.0
895 20691750912.0
