0 0.0
2 0.0
2 1530.41666667
62 1530.41666667
62 508.0
122 508.0
122 277355.533333
182 277355.533333
182 443115.533333
242 443115.533333
242 591636.266667
302 591636.266667
302 740597.75
362 740597.75
362 891572.916667
422 891572.916667
422 1053669.91667
482 1053669.91667
482 1176781.75
542 1176781.75
542 1096873.25
602 1096873.25
602 938019.9
662 938019.9
662 794050.833333
722 794050.833333
722 629475.816667
782 629475.816667
782 481098.55
842 481098.55
842 324081.1
902 324081.1
902 5260.9
962 5260.9
962 130.216666667
1022 130.216666667
1022 122.4
1082 122.4
1082 124.133333333
1142 124.133333333
1142 122.4
1202 122.4
1202 131.95
1262 131.95
1262 125.866666667
1322 125.866666667
